emp_no,first_name,last_name,gender,salary,to_date
10001,Georgi,Facello,M,60117,9999-01-01
10198,Pranav,Furedi,M,44076,9999-01-01
10215,Xiaobin,Duclos,M,43944,9999-01-01
10224,Leon,Trogemann,M,40000,9999-01-01
10233,Lein,Vendrig,F,40000,9999-01-01
10258,Basil,Ishibashi,F,66280,9999-01-01
10272,Yishai,Cannane,M,58070,9999-01-01
10282,Hercules,Benzmuller,M,40000,9999-01-01
10283,Kauko,Birjandi,M,40000,9999-01-01
10326,Masali,Czap,F,40000,9999-01-01
10340,Djelloul,Laventhal,M,68132,9999-01-01
10347,Pradeep,Kaminger,M,42199,9999-01-01
10355,Satyanarayana,Cochrane,M,70434,9999-01-01
10356,Vasilis,Standera,M,45376,9999-01-01
10364,Nakhoon,Dengi,M,51401,9999-01-01
10372,Anneli,Frijda,F,54505,9999-01-01
10387,Parto,Wrigley,F,61374,9999-01-01
10396,Sibyl,Rahier,M,40393,9999-01-01
10402,Volkmar,Ebeling,M,40000,9999-01-01
10404,Prodip,Rosti,F,51647,9999-01-01
10426,Arunas,Luce,F,65757,9999-01-01
10429,Martien,Improta,F,40000,9999-01-01
10432,Hisao,Tiemann,F,40000,9999-01-01
10451,Bodh,Ranta,F,46275,9999-01-01
10453,Tsvetan,Matzel,F,40000,9999-01-01
10463,Ung,Zaiane,M,66480,9999-01-01
10486,Amstein,Kossowski,F,71692,9999-01-01
10494,Yakkov,Servieres,F,50094,9999-01-01
10504,Xiong,Varker,M,43931,9999-01-01
10512,Udi,Gihr,M,40000,9999-01-01
10522,Marke,Cesareni,F,40000,9999-01-01
10548,Ramalingam,Gunderson,M,90631,9999-01-01
10564,Jianhao,Thisen,M,46660,9999-01-01
10623,Aleksander,Danlos,F,60268,9999-01-01
10628,Krisda,Krogh,M,41650,9999-01-01
10631,Inderjeet,Chaudhuri,M,40000,9999-01-01
10642,Hirochika,Narlikar,M,40000,9999-01-01
10653,Otmar,Feinberg,M,40000,9999-01-01
10671,Parviz,Rebaine,M,74037,9999-01-01
10676,Valeri,Danley,F,58226,9999-01-01
10693,Berhard,Daescu,F,40000,9999-01-01
10702,Bader,Szemeredi,M,46581,9999-01-01
10718,Adib,Rullman,M,75473,9999-01-01
10726,Zita,Minakawa,F,46315,9999-01-01
10734,Sachar,Erdi,M,47377,9999-01-01
10745,Poorav,Ranze,F,40000,9999-01-01
10749,King,Brendel,M,60829,9999-01-01
10767,Monique,Doering,F,40651,9999-01-01
10768,Ishfaq,Candan,M,65717,9999-01-01
10778,Selwyn,Merey,M,64996,9999-01-01
10791,Tadahiko,Sgarro,M,40000,9999-01-01
10795,Supot,Naudin,M,84206,9999-01-01
10808,Chenxi,Leijenhorst,M,40000,9999-01-01
10835,Tomoyuki,Kermarrec,M,40000,9999-01-01
10836,Jianhua,Leivant,F,65502,9999-01-01
10844,Dipayan,Koprowski,M,40000,9999-01-01
10847,Theirry,Danley,M,40000,9999-01-01
10848,Fen,Bratsberg,F,50475,9999-01-01
10878,Lakshmi,Deville,M,72102,9999-01-01
10879,Muzhong,Chleq,F,65651,9999-01-01
10883,Shimshon,Champarnaud,M,40000,9999-01-01
10909,Georgi,Atchley,M,80935,9999-01-01
10921,Mara,Bahi,F,72601,9999-01-01
10924,Hironoby,Atchley,F,84783,9999-01-01
10927,Gal,Scallan,M,51819,9999-01-01
10936,Mountaz,Schicker,F,40000,9999-01-01
10943,Berna,Skafidas,M,45890,9999-01-01
10965,Eckart,Braunschweig,M,61654,9999-01-01
10969,Premal,Noriega,M,40000,9999-01-01
10974,Muneo,Papsdorf,M,56005,9999-01-01
10986,Masako,Schiper,M,43900,9999-01-01
10988,Chinya,Deyuan,M,54174,9999-01-01
10989,Sumali,Candan,F,46406,9999-01-01
10990,Shin,Foote,M,40000,9999-01-01
11009,Alper,Axelband,F,75111,9999-01-01
11012,Taegyun,Speckmann,F,72092,9999-01-01
11019,Leon,Huttel,M,69387,9999-01-01
11021,Srinidhi,Henders,F,62670,9999-01-01
11027,Remzi,Cappello,M,40000,9999-01-01
11031,Ottavia,Walstra,M,71654,9999-01-01
11037,Lansing,Maliniak,M,40000,9999-01-01
11038,Jinya,Beidas,M,44993,9999-01-01
11042,Gou,Breugel,F,40000,9999-01-01
11048,Jaques,Demke,M,65697,9999-01-01
11050,Elvis,Katiyar,M,52251,9999-01-01
11051,Przemyslawa,Erol,F,40000,9999-01-01
11070,Adib,Raney,M,40000,9999-01-01
11081,Barry,Boyle,M,65686,9999-01-01
11085,Hailing,Thummel,M,66437,9999-01-01
11100,Berna,Cochrane,M,40000,9999-01-01
11106,Aris,Iwayama,F,71446,9999-01-01
11112,Boaz,Mukaidono,M,40000,9999-01-01
11113,Shahab,Peng,F,66401,9999-01-01
11121,Vugranam,Kakkad,F,40000,9999-01-01
11133,Nalini,Azulay,M,40000,9999-01-01
11134,Sachar,Rajcani,F,58731,9999-01-01
11137,Hugh,Luca,M,40000,9999-01-01
11139,Bogdan,Homond,F,63596,9999-01-01
11146,Ishfaq,Masand,F,96019,9999-01-01
11148,Zhanqiu,Botman,F,56344,9999-01-01
11162,Kauko,Narlikar,F,69873,9999-01-01
11180,Mitsuyuki,Bojadziev,F,40000,9999-01-01
11197,Tadahiro,Fordan,M,88741,9999-01-01
11204,Diederik,Covnot,M,40000,9999-01-01
11207,Saeed,Gips,F,49728,9999-01-01
11208,Saniya,Valtorta,F,83660,9999-01-01
11211,Yurij,Rissland,M,72668,9999-01-01
11217,Kellie,Mawatari,M,40000,9999-01-01
11232,Hidefumi,Crelier,M,43863,9999-01-01
11240,Kiam,Condotta,M,61739,9999-01-01
11249,Randi,Cyre,M,43324,9999-01-01
11251,Bezalel,Chinal,M,69432,9999-01-01
11268,Aimee,Petersohn,F,40000,9999-01-01
11275,Hitomi,Eppinger,F,58382,9999-01-01
11290,Visit,Dredge,M,65034,9999-01-01
11295,Abdelkader,Lanzelotte,M,66622,9999-01-01
11319,Pranas,Marrakchi,F,40000,9999-01-01
11320,Atilio,McAlpine,M,45118,9999-01-01
11322,Nathalie,Pocchiola,F,43021,9999-01-01
11324,Kauko,Billingsley,F,54288,9999-01-01
11338,Kwangsub,Hanratty,M,82210,9999-01-01
11339,Flemming,Massonet,M,40000,9999-01-01
11347,Anneli,Jonsson,M,41524,9999-01-01
11365,Toshimi,Shinomoto,M,56463,9999-01-01
11376,Valery,Suomi,M,46964,9999-01-01
11380,Kenroku,Pelc,M,53345,9999-01-01
11385,Shiv,Ullian,M,40000,9999-01-01
11386,Alselm,Assaf,F,47726,9999-01-01
11393,Junsik,Junot,M,40000,9999-01-01
11398,Oscar,Peir,M,44625,9999-01-01
11404,Bedrich,Borovoy,M,42907,9999-01-01
11415,Sanjiv,Anido,M,40000,9999-01-01
11421,Josyula,Msuda,F,52416,9999-01-01
11441,Marlo,Aingworth,M,67352,9999-01-01
11449,Kotesh,Asser,M,61434,9999-01-01
11459,Duke,Suomi,M,40000,9999-01-01
11469,Guttorm,Giaccio,M,44625,9999-01-01
11506,Rance,Picel,F,89747,9999-01-01
11509,Aleksander,Feldhoffer,M,40000,9999-01-01
11513,Otmar,Mahnke,M,82525,9999-01-01
11515,Ulf,Basawa,F,70182,9999-01-01
11518,Jinxi,Oxman,M,40000,9999-01-01
11524,Xiadong,Standera,M,41081,9999-01-01
11527,Alagu,Boyle,M,60212,9999-01-01
11528,Zito,Dolinsky,M,44026,9999-01-01
11537,DAIDA,Pehl,M,96023,9999-01-01
11554,Subhash,Taubenfeld,M,46065,9999-01-01
11555,Kotesh,Perfilyeva,M,40000,9999-01-01
11567,Teiji,Mitzlaff,M,86261,9999-01-01
11568,Martins,Fujisaki,M,54673,9999-01-01
11603,Herb,Swen,F,69180,9999-01-01
11607,Tomokazu,Foong,F,49584,9999-01-01
11615,Shem,Isaak,F,46591,9999-01-01
11624,Adil,Gammage,M,42001,9999-01-01
11628,Fan,Malinowski,M,43966,9999-01-01
11640,Valeri,Coorg,M,52520,9999-01-01
11647,Magy,Nitsche,M,40000,9999-01-01
11660,Gill,Stenning,F,65758,9999-01-01
11673,Henk,Felder,F,40000,9999-01-01
11676,Valeri,Ferriere,F,43310,9999-01-01
11681,Fumitake,Benzmuller,F,40000,9999-01-01
11684,Oksana,Gide,F,68753,9999-01-01
11696,Dante,Rothe,M,51633,9999-01-01
11732,Sanjoy,Ranft,F,40000,9999-01-01
11735,Amalendu,Picci,M,40000,9999-01-01
11746,Koichi,Marrakchi,F,55951,9999-01-01
11751,Jiafu,Emiris,M,40000,9999-01-01
11764,Sanjay,Anick,F,64875,9999-01-01
11769,Chandrasekaran,Lampe,M,40000,9999-01-01
11772,Gaurav,Penz,F,61295,9999-01-01
11797,Chenxi,Thambidurai,M,88050,9999-01-01
11810,Amabile,Bhattacharjee,M,41256,9999-01-01
11817,Niranjan,Markovitch,M,50638,9999-01-01
11832,Arto,Zlotek,M,40000,9999-01-01
11844,Shawna,Demeyer,M,78049,9999-01-01
11853,Zeljko,Kusakabe,F,61941,9999-01-01
11857,Divier,Farrag,F,94805,9999-01-01
11864,Pradeep,Kriebel,F,52517,9999-01-01
11871,Nalini,Sommen,M,67424,9999-01-01
11872,Cheong,Riexinger,M,43159,9999-01-01
11894,Mitchel,Validov,M,56198,9999-01-01
11897,Cordelia,Setlzner,M,80049,9999-01-01
10004,Chirstian,Koblick,M,40054,9999-01-01
11906,Hideo,Boguraev,F,81324,9999-01-01
11915,Miomir,Mawatari,M,58042,9999-01-01
11931,Gunilla,Chiodo,F,73369,9999-01-01
11933,Basil,Erman,M,56130,9999-01-01
11949,Martijn,Harbusch,M,40000,9999-01-01
10009,Sumant,Peac,F,60929,9999-01-01
11983,Jaana,Hedayat,M,40000,9999-01-01
11993,Marit,Dalphin,M,56505,9999-01-01
12011,Zhilian,Coorg,F,85833,9999-01-01
10018,Kazuhide,Peha,F,55881,9999-01-01
12036,Mads,Ratzlaff,M,67143,9999-01-01
12037,Arunas,Katzenelson,M,47805,9999-01-01
12050,Yuchang,Tchuente,F,46704,9999-01-01
12062,Margareta,Worfolk,M,44199,9999-01-01
12069,Ayonca,Burnard,M,51928,9999-01-01
12070,Ger,Shokrollahi,M,50233,9999-01-01
12076,Karlis,Siprelle,F,75381,9999-01-01
12082,Xinan,Yamaashi,M,72118,9999-01-01
12089,Bilhanan,Socorro,M,46288,9999-01-01
12099,Nobuyoshi,Kuzuoka,M,104610,9999-01-01
12112,Satyanarayana,Avouris,M,76538,9999-01-01
12122,Satoru,Krone,F,46398,9999-01-01
12123,Xiahua,Syrzycki,F,64879,9999-01-01
12125,Shounak,Erman,F,41215,9999-01-01
10035,Alain,Chappelet,M,41538,9999-01-01
12149,Suebskul,Grandbois,M,109934,9999-01-01
12159,Shem,Perly,M,61210,9999-01-01
12165,Xiaobin,Maquelin,F,41951,9999-01-01
12183,Harngdar,Iisaku,M,40000,9999-01-01
12192,Feiyu,Klyachko,F,41625,9999-01-01
12205,Sushant,Rossi,M,40000,9999-01-01
12206,Barton,Janetzko,F,40000,9999-01-01
12218,Yaghout,Strooper,M,40000,9999-01-01
12221,Vincent,Melter,M,56736,9999-01-01
12222,Abdelwaheb,Holburn,F,55840,9999-01-01
12223,Niteen,Koyama,F,54459,9999-01-01
12247,Subbu,Penttonen,F,59183,9999-01-01
12249,Eldridge,Sadowski,M,70099,9999-01-01
12256,Guadalupe,Reghbati,F,40000,9999-01-01
12264,Mart,Pagter,M,51816,9999-01-01
12270,Shakhar,Kornyak,M,52840,9999-01-01
12272,Behnaam,Grandbois,F,43811,9999-01-01
12308,Mototsugu,Cronau,M,58741,9999-01-01
12311,Susanne,Lubachevsky,M,40000,9999-01-01
12327,DAIDA,Bruckman,M,67449,9999-01-01
12341,Rasiah,Luga,M,40000,9999-01-01
12343,Sorina,Slaats,M,52134,9999-01-01
10053,Sanjiv,Zschoche,F,67854,9999-01-01
12365,Kamakshi,Bisiani,M,40000,9999-01-01
12373,Mooi,Driscoll,F,75986,9999-01-01
12395,Sanjit,Felder,M,66909,9999-01-01
12399,Mihalis,Luga,M,85582,9999-01-01
12411,Shao,Ibel,M,97610,9999-01-01
12413,Hugh,Gadepally,F,53179,9999-01-01
12417,Dannz,Spelt,F,67342,9999-01-01
12422,Berhard,Demos,F,71376,9999-01-01
10058,Berhard,McFarlin,M,52787,9999-01-01
10066,Kwee,Schusler,M,69736,9999-01-01
12454,Kerryn,Farris,F,41347,9999-01-01
12464,Shai,Milicic,F,50448,9999-01-01
12475,Filipe,Roison,M,40000,9999-01-01
12487,Mona,Reghbati,F,40000,9999-01-01
10067,Claudi,Stavenow,M,44642,9999-01-01
12489,Arnould,Munck,F,63306,9999-01-01
12490,Jackson,Muchinsky,F,40000,9999-01-01
10070,Reuven,Garigliano,M,55999,9999-01-01
12497,Stein,Penz,M,81191,9999-01-01
12501,Morrie,Matheson,F,76082,9999-01-01
12504,Adly,Rosaz,F,40000,9999-01-01
10072,Hironoby,Sidou,F,40000,9999-01-01
12514,Tomofumi,Melter,M,54241,9999-01-01
10076,Erez,Ritzmann,F,47319,9999-01-01
12528,Conor,Cincotta,F,40000,9999-01-01
12534,Yongmao,Gerlach,M,66715,9999-01-01
12541,Shih,Nanard,M,93105,9999-01-01
12542,Kazuhide,Bouloucos,F,44176,9999-01-01
10088,Jungsoon,Syrzycki,F,65957,9999-01-01
12551,Jeane,Tzvieli,M,40000,9999-01-01
12553,Aral,Vesna,M,40000,9999-01-01
12557,Stafford,Kopetz,M,41840,9999-01-01
10100,Hironobu,Haraldson,F,54398,9999-01-01
12589,Anoosh,Chleq,M,59441,9999-01-01
12596,Breannda,Roisin,M,40000,9999-01-01
10103,Akemi,Birch,M,68158,9999-01-01
12601,Ghassan,Simkin,M,41714,9999-01-01
12608,Nectarios,Mondadori,M,40000,9999-01-01
12635,Xinyu,Restivo,F,40000,9999-01-01
12638,Yuqun,Seiwald,F,56677,9999-01-01
12642,Suebskul,Gips,F,68271,9999-01-01
12651,Pragnesh,Bael,M,75150,9999-01-01
12662,Leucio,Alvarado,M,69016,9999-01-01
12663,Nobuyoshi,Stellhorn,M,49966,9999-01-01
12664,Zhonghua,Parveen,M,40000,9999-01-01
12689,Luerbio,Boudaillier,M,59689,9999-01-01
12691,Oddvar,Gils,M,48493,9999-01-01
12697,Uri,Brizzi,M,40000,9999-01-01
10126,Kayoko,Valtorta,M,40000,9999-01-01
12709,Ronghao,Botman,M,45510,9999-01-01
12717,Tzu,Jiafu,F,53194,9999-01-01
12722,Elliott,Cheshire,F,62325,9999-01-01
12726,Fumitake,Panwar,M,61177,9999-01-01
12729,Nahla,Rahier,F,51796,9999-01-01
12731,Yongmao,Waymire,F,40000,9999-01-01
12732,Mara,Takanami,M,74436,9999-01-01
12734,Gil,Frijda,M,40000,9999-01-01
12755,Rildo,Rodite,F,40196,9999-01-01
10129,Armond,Peir,M,40000,9999-01-01
10130,Nishit,Casperson,M,40000,9999-01-01
12773,Jenwei,Lovengreen,M,65556,9999-01-01
10134,Diederik,Siprelle,M,40000,9999-01-01
10138,Perry,Shimshoni,M,53574,9999-01-01
10150,Zhenbing,Perng,F,70122,9999-01-01
12790,Gunilla,Perl,F,87760,9999-01-01
12795,Masoud,Fordan,M,56969,9999-01-01
12798,Lillian,Beeson,F,81145,9999-01-01
12803,Gad,Boissier,M,91789,9999-01-01
12815,Sushant,Junot,M,65073,9999-01-01
12819,Mountaz,Gubsky,M,48455,9999-01-01
12848,Kazuhide,Smeets,M,40000,9999-01-01
12863,Leif,Matheson,M,62803,9999-01-01
10153,Heekeun,Majewski,M,54246,9999-01-01
12872,Marl,Schmittgen,F,56040,9999-01-01
12879,Baruch,Eugenio,M,40000,9999-01-01
12890,Neven,Casley,F,66803,9999-01-01
12893,Licheng,Crouzet,M,50803,9999-01-01
12895,Roddy,Serot,M,40000,9999-01-01
10157,Nigel,Aloisi,M,48770,9999-01-01
12905,Munehiro,Gecsei,M,58659,9999-01-01
13146,Haldon,Erie,M,61398,9999-01-01
12926,Heekeun,Luby,M,68314,9999-01-01
12940,Odinaldo,Farrar,F,49760,9999-01-01
12941,Tommaso,Perelgut,F,67069,9999-01-01
12949,Geoff,Asrin,F,40000,9999-01-01
12977,Byong,Markovitch,M,61326,9999-01-01
12983,Elliott,Hambrick,F,57252,9999-01-01
13147,Shichao,Ginesta,M,77429,9999-01-01
13156,Akeel,Millington,M,48285,9999-01-01
13030,Yahiko,Kroll,M,51770,9999-01-01
13165,Lucian,Benner,F,42796,9999-01-01
13046,Vivian,Stafford,M,40000,9999-01-01
13047,Atilio,Chelton,M,52323,9999-01-01
13075,Rosella,Morrin,M,40000,9999-01-01
13076,Deniz,Skafidas,F,50582,9999-01-01
13168,Munir,Stentiford,F,49210,9999-01-01
13096,Ibibia,Armand,M,52544,9999-01-01
13103,Srinidhi,Ellozy,F,40000,9999-01-01
13170,Cheong,Bernardeschi,M,49012,9999-01-01
13124,Quingbo,Garnick,F,73785,9999-01-01
13171,Anoosh,Birnbaum,M,40000,9999-01-01
13173,Arve,Horswill,M,46354,9999-01-01
13133,Guther,Senzako,M,67777,9999-01-01
13134,Lorien,Chepyzhov,M,51227,9999-01-01
13179,Moty,Janocha,M,90233,9999-01-01
13144,Persi,Nollmann,M,52825,9999-01-01
13182,Kokou,Rodite,M,46832,9999-01-01
13332,Nidapan,Pearson,F,40000,9999-01-01
13333,Yoshinari,Hennebert,M,50997,9999-01-01
13341,Bodh,Doering,F,40000,9999-01-01
13343,Heon,Usery,M,40000,9999-01-01
13186,Kyoichi,Barbanera,M,93138,9999-01-01
13368,Kiyokazu,Klassen,M,52872,9999-01-01
13192,Rosita,Flowers,M,43986,9999-01-01
13371,Nakhoon,Riexinger,F,40000,9999-01-01
13373,Juichirou,Naumovich,M,82749,9999-01-01
13385,Claudi,Buchter,M,40000,9999-01-01
13386,Khosrow,Sgarro,F,91420,9999-01-01
13389,Divine,Cmelik,F,40000,9999-01-01
13392,Fumitake,Beidas,F,69221,9999-01-01
13396,Chuanyi,Aumann,F,40000,9999-01-01
13202,Aram,Scharstein,F,51915,9999-01-01
13402,Augustine,Dulli,M,40000,9999-01-01
13405,Randy,Baba,F,60799,9999-01-01
13407,Gio,Chenoweth,M,60348,9999-01-01
13408,Sreekrishna,Lagarias,M,52479,9999-01-01
13415,Nathalie,Speer,F,61838,9999-01-01
13422,Vishwani,Gerlach,F,59466,9999-01-01
13210,Jianhua,Klassen,M,83961,9999-01-01
13442,Giordano,Miake,M,40000,9999-01-01
13443,Mayuko,Puppo,M,40000,9999-01-01
13445,Renee,Dehkordi,M,53194,9999-01-01
13213,Hein,Billawala,M,61131,9999-01-01
13451,Gretta,Weiland,M,40000,9999-01-01
13457,Shooichi,Parfitt,M,40812,9999-01-01
13458,Feipei,Nivat,F,41375,9999-01-01
13232,Mitchel,Fujisaki,F,40000,9999-01-01
13463,Theron,Berstel,F,40000,9999-01-01
13465,Sasan,Rehfuss,M,49821,9999-01-01
13493,Uinam,Jullig,F,40000,9999-01-01
13504,Parto,Mandell,F,41895,9999-01-01
13233,Alselm,Chvatal,M,49414,9999-01-01
13238,Ebru,Foote,F,40000,9999-01-01
13524,Chaoyi,Porotnikoff,F,52849,9999-01-01
13535,Arunas,Schlenzig,F,40000,9999-01-01
13240,King,Pileggi,M,49018,9999-01-01
13546,Aimee,Brookner,F,50295,9999-01-01
13549,Matk,Koprowski,M,40000,9999-01-01
13552,Ingmar,Capobianchi,M,73346,9999-01-01
13250,Zeydy,Schusler,M,47829,9999-01-01
13576,Jungsoon,Engberts,F,73022,9999-01-01
13605,Dmitry,Encarnacion,F,70404,9999-01-01
13621,Fei,Haddadi,M,73192,9999-01-01
13624,Zhigen,Yurek,M,40000,9999-01-01
13629,Dzung,Trelles,M,40000,9999-01-01
13272,Arun,Jiang,F,40000,9999-01-01
13648,Zejun,Lamba,F,47723,9999-01-01
13653,Kristen,Iivonen,M,53242,9999-01-01
13276,Yechiam,Seuren,M,65836,9999-01-01
13670,Moti,Takanami,F,40000,9999-01-01
13680,Denny,Speer,M,46968,9999-01-01
13288,Muneo,Broomell,F,40000,9999-01-01
13685,Weicheng,Hockney,F,48322,9999-01-01
13697,Shuichi,Weedon,M,40000,9999-01-01
13291,Georg,Stamatiou,M,54720,9999-01-01
13704,Vishu,Kumaresan,F,40000,9999-01-01
13302,Mack,Alencar,F,40000,9999-01-01
13721,Sugwoo,Delgrossi,F,64754,9999-01-01
13727,Vitali,Merey,M,50798,9999-01-01
13315,Sakthirel,Stroustrup,F,40000,9999-01-01
13738,Bangqing,Mitchem,F,48349,9999-01-01
13766,Tremaine,Heemskerk,M,43748,9999-01-01
13769,Yakichi,Trogemann,F,61025,9999-01-01
13775,Arve,Maierhofer,M,70161,9999-01-01
13786,Takushi,Berendt,F,74494,9999-01-01
13787,Xiaobin,Sinicrope,F,40000,9999-01-01
13792,Valery,Sury,M,59127,9999-01-01
13796,Paloma,Thorelli,M,50962,9999-01-01
13809,Kiyotoshi,Basagni,M,43735,9999-01-01
13815,Guadalupe,Plotkin,M,40000,9999-01-01
13825,Arlette,Pell,M,54704,9999-01-01
13841,Christophe,Spinelli,M,52277,9999-01-01
13842,Juichirou,Cichocki,F,40000,9999-01-01
13846,Guiseppe,Welham,M,61097,9999-01-01
13853,Mingsen,Roohalamini,M,61615,9999-01-01
13859,Anoosh,Fujisawa,M,40000,9999-01-01
13884,Kensei,Swift,M,44785,9999-01-01
13894,Ult,Schonegge,F,48958,9999-01-01
13904,Youngkon,Cairo,M,73885,9999-01-01
13934,Shiv,Bratsberg,F,46507,9999-01-01
13942,Elzbieta,Esteva,M,40000,9999-01-01
13951,Mooi,Genther,F,82054,9999-01-01
13960,Nechama,Hettesheimer,M,43204,9999-01-01
13962,Maris,Ghelli,M,67965,9999-01-01
13966,Boguslaw,Cooman,F,40000,9999-01-01
13969,Jianwen,Chandrasekhar,F,60392,9999-01-01
13990,Deborah,Schapiro,F,52723,9999-01-01
13992,Ulises,Kenevan,M,81318,9999-01-01
13999,Florian,Crouzet,M,40000,9999-01-01
14005,Vojin,Stellhorn,M,40000,9999-01-01
14015,Manibrata,Picaronny,M,63084,9999-01-01
14034,Aloys,Seghrouchni,M,69700,9999-01-01
14041,Shan,DeMori,F,63235,9999-01-01
14067,Godehard,Trachtenberg,M,44669,9999-01-01
14088,Mori,Leslie,M,44821,9999-01-01
14257,Kwok,Massonet,F,40000,9999-01-01
14107,Xiahua,Rindone,M,82396,9999-01-01
14111,Leszek,Cummings,F,52696,9999-01-01
14118,Kasturi,Anido,M,46248,9999-01-01
14290,Miyeon,Olivero,M,78736,9999-01-01
14167,Adas,Hertweck,F,40000,9999-01-01
14292,Susanna,Vigier,F,41846,9999-01-01
14298,Chriss,Granlund,F,40000,9999-01-01
14191,Jiann,Luby,F,40155,9999-01-01
14310,Marlo,Leuchs,M,40000,9999-01-01
14209,Masanao,Kusakabe,F,40000,9999-01-01
14320,Sreenivas,Schaar,M,40000,9999-01-01
14220,Tomofumi,Pargas,F,68017,9999-01-01
14232,Masali,Bojadziev,M,50568,9999-01-01
14236,Xuedong,Angiulli,F,40000,9999-01-01
14237,Abdulla,Gerlach,F,57219,9999-01-01
14242,Sudhanshu,Benaini,F,40000,9999-01-01
14322,Shem,Kakkad,M,50363,9999-01-01
14323,Golgen,Leslie,F,40000,9999-01-01
14340,Vitaly,Wixon,M,42858,9999-01-01
14344,Otilia,Buescher,F,41979,9999-01-01
14354,Mong,Bojadziev,M,40000,9999-01-01
14460,Yagil,Lueh,F,56267,9999-01-01
14478,Munehiro,Boissier,F,40000,9999-01-01
14481,Moti,Lammel,M,40000,9999-01-01
14483,Supot,Marrevee,M,40000,9999-01-01
14486,Indrajit,Birdsall,M,40000,9999-01-01
14360,Janche,Erbe,M,43476,9999-01-01
14498,Xiong,Selenyi,M,40000,9999-01-01
14501,Taizo,Kroft,M,63646,9999-01-01
14509,Danil,Aloia,M,40000,9999-01-01
14513,Samphel,Barreiro,M,83273,9999-01-01
14515,Kazuhisa,Versino,F,61645,9999-01-01
14516,Kristian,Underwood,F,73262,9999-01-01
14372,Saniya,Srimani,F,57667,9999-01-01
14518,Patricia,Peir,M,64238,9999-01-01
14522,Chuanyi,Ranta,F,40000,9999-01-01
14537,Babette,Engelmann,F,48332,9999-01-01
14552,Ibibia,Snyers,M,40000,9999-01-01
14556,Fatemeh,Zultner,M,40000,9999-01-01
14560,Elrique,Driscoll,M,62770,9999-01-01
14581,Gao,Condotta,F,59499,9999-01-01
14582,Kiyokazu,Morrin,M,40000,9999-01-01
14384,Tomofumi,Holburn,F,58260,9999-01-01
14600,Jayson,Cairo,F,41352,9999-01-01
14603,Lech,Marquardt,M,55369,9999-01-01
14607,Suzette,Selvestrel,M,67813,9999-01-01
14620,Jianhua,Erev,F,53303,9999-01-01
14621,Souichi,Wixon,F,66404,9999-01-01
14422,Toshimo,Gadepally,M,59001,9999-01-01
14632,Gudjon,McClurg,M,40000,9999-01-01
14639,Arvind,Hempstead,F,79405,9999-01-01
14640,Toshimori,Kornatzky,M,42662,9999-01-01
14642,Florian,Kuhnemann,F,54553,9999-01-01
14645,Laurentiu,Glinert,F,45647,9999-01-01
14648,IEEE,Lorys,M,89209,9999-01-01
14434,Elvis,Maginnis,M,40000,9999-01-01
14659,Sashi,Adachi,F,40926,9999-01-01
14675,Teunis,Angel,F,40000,9999-01-01
14677,Herbert,Sifakis,M,40000,9999-01-01
14683,Alois,Basart,M,41107,9999-01-01
14690,Yechezkel,Bellone,F,40000,9999-01-01
14439,Raimond,Woycyznski,M,80654,9999-01-01
14693,Brewster,Stranks,F,59960,9999-01-01
14710,Mahmut,Hainaut,F,40341,9999-01-01
14814,Odysseas,Nishimukai,M,40000,9999-01-01
14723,Constantino,Assaf,M,40000,9999-01-01
14724,Aron,Lemarechal,M,66530,9999-01-01
14817,Gaurav,Masaki,M,41203,9999-01-01
14821,Oguz,Kilgore,M,42545,9999-01-01
14839,Changho,Cronin,M,40000,9999-01-01
14780,Marlo,Bruckman,F,51232,9999-01-01
14785,Zhonghua,Kaiser,M,46936,9999-01-01
14853,Taiji,Nergos,F,58311,9999-01-01
14793,Stein,Uchoa,M,47045,9999-01-01
14877,Arto,Meriste,M,40000,9999-01-01
15005,Kiam,Sadowsky,M,50368,9999-01-01
15016,Woody,Gulik,F,40000,9999-01-01
15018,Ramalingam,Prenel,F,40668,9999-01-01
15019,Qingxiang,Shokrollahi,F,41721,9999-01-01
14879,Anyuan,Sigstam,M,54322,9999-01-01
15029,Giordano,Koshino,M,40000,9999-01-01
15030,Rasikan,Nourani,M,40000,9999-01-01
15036,Ziva,Delgrande,M,40000,9999-01-01
14888,Temple,Barriga,F,60916,9999-01-01
15049,Khun,Waymire,F,40000,9999-01-01
15052,Flemming,Kranzdorf,M,40630,9999-01-01
15055,Shrikanth,Sherertz,M,40000,9999-01-01
14899,Alejandro,Casley,M,64365,9999-01-01
15066,Tomokazu,Oaver,M,43455,9999-01-01
15069,Manton,Siksek,M,40000,9999-01-01
15071,Ayonca,Couchot,F,97484,9999-01-01
15075,Radoslaw,Rijsenbrij,M,40000,9999-01-01
15077,Toshiki,Taubenfeld,F,40000,9999-01-01
15082,Guadalupe,Zirintsis,F,63024,9999-01-01
15087,Chirstian,Ushiama,F,40000,9999-01-01
15089,Giri,Coney,F,48594,9999-01-01
15092,Remmert,Bahi,F,40000,9999-01-01
15102,Luigi,Axelband,F,40374,9999-01-01
15105,Sudhanshu,Itzigehl,M,75800,9999-01-01
15114,Pantung,Honglei,M,40000,9999-01-01
15134,Arun,Luiz,F,62752,9999-01-01
15145,Haldon,Servieres,M,51443,9999-01-01
15151,Urs,Pouyioutas,F,61253,9999-01-01
15176,Charlene,Sankaranarayanan,M,98401,9999-01-01
15193,Neelam,Schach,M,47039,9999-01-01
15196,Souichi,Duclos,M,55824,9999-01-01
14906,Adil,Parveen,F,54758,9999-01-01
15202,Pranay,Irland,M,40000,9999-01-01
15208,Sudharsan,Shokrollahi,F,44109,9999-01-01
15218,Shuky,Conry,M,44614,9999-01-01
15228,Mona,Salvesen,M,40000,9999-01-01
15230,Keiichiro,Suessmith,F,70187,9999-01-01
15234,Jouko,Zhiwei,F,47654,9999-01-01
15237,Reinhard,Sadowsky,M,40000,9999-01-01
15243,Mountaz,Famili,F,41015,9999-01-01
14908,Kerhong,Flanders,F,40000,9999-01-01
15248,Edwin,Baar,M,64696,9999-01-01
15253,Ayonca,Pardalos,M,40396,9999-01-01
14909,Mohan,Kamble,M,40000,9999-01-01
15269,Eric,Reghbati,F,60930,9999-01-01
15271,Shiv,Bernardeschi,F,88026,9999-01-01
14911,Xiaobin,Chelton,F,62738,9999-01-01
14914,Gretta,Benzaken,F,40000,9999-01-01
14915,Huican,Picco,M,40733,9999-01-01
15292,Miyeon,Lammel,M,87586,9999-01-01
14923,Shuzo,Gyorkos,M,40000,9999-01-01
14928,Satoru,Mukaidono,F,53377,9999-01-01
15324,Ziya,Lunn,M,40000,9999-01-01
15329,Fan,Openshaw,F,41839,9999-01-01
15330,Jaroslava,Chinal,M,53020,9999-01-01
15337,Masaru,Radivojevic,M,40000,9999-01-01
15343,Chaosheng,Luce,F,48936,9999-01-01
15354,Chikara,Nyrup,M,40782,9999-01-01
15365,Mikhail,Schiettecatte,M,41309,9999-01-01
14941,Nathan,Lichtner,M,43608,9999-01-01
15369,Premal,Penttonen,F,81954,9999-01-01
15370,Chuanyi,Nilsson,F,67631,9999-01-01
15372,Nahum,Broder,M,79245,9999-01-01
15375,Shuho,Manders,F,65920,9999-01-01
15377,Shugo,Aumann,M,50274,9999-01-01
15382,Alassane,Siegrist,M,66083,9999-01-01
14942,Heon,Benveniste,M,40000,9999-01-01
15392,Pradeep,Markovitch,M,55638,9999-01-01
15408,Maik,Penttonen,F,40000,9999-01-01
14949,Insup,Reinhart,F,44930,9999-01-01
15410,Wilmer,Kushner,F,58123,9999-01-01
15412,Huai,Thiria,M,62190,9999-01-01
15438,Constantijn,Munoz,F,43326,9999-01-01
14954,Fox,Magliocco,F,43510,9999-01-01
15441,Arvind,Weisert,F,40000,9999-01-01
14971,Fan,Simmen,M,55187,9999-01-01
15452,Kazuhira,Weedman,M,40000,9999-01-01
15454,Hongzue,Cesareni,F,57571,9999-01-01
15470,Weiwu,Huhdanpaa,M,40693,9999-01-01
15474,Gilbert,Plumb,M,90430,9999-01-01
15479,Zhenbing,Soicher,M,40000,9999-01-01
15480,Kwok,Trogemann,M,47645,9999-01-01
15504,Kasturi,Alpin,M,40000,9999-01-01
15505,Collette,Mikschl,F,56848,9999-01-01
15510,Inderjeet,Sethi,M,48661,9999-01-01
15511,George,Kowalchuk,F,76880,9999-01-01
14983,Hyuckchul,Pouyioutas,M,86754,9999-01-01
15518,Uno,Valtorta,F,55563,9999-01-01
15525,Masadi,Cherinka,M,40000,9999-01-01
15534,Guozhong,Grabner,F,63090,9999-01-01
15543,Mingdong,Staelin,F,40000,9999-01-01
14993,Sanjay,Koblitz,M,45407,9999-01-01
15548,Sanjai,Caine,M,48171,9999-01-01
15739,Poorav,Bahr,F,54605,9999-01-01
15563,Constantino,Zykh,M,56239,9999-01-01
15565,True,Muchinsky,M,73532,9999-01-01
15566,Baoqiu,Azuma,M,61655,9999-01-01
15740,Stepehn,Pocchiola,M,57994,9999-01-01
15750,Arumugam,Bresenham,M,40000,9999-01-01
15600,Mack,Perna,M,40000,9999-01-01
15601,Carrsten,Anily,F,83263,9999-01-01
15765,Tonny,Taubenfeld,F,40000,9999-01-01
15767,Baocai,Broomell,M,40000,9999-01-01
15769,Pranay,Oskamp,M,61575,9999-01-01
15651,Huan,Iwayama,F,50313,9999-01-01
15788,Taegyun,Deyuan,M,53521,9999-01-01
15656,Mohammad,Schaaf,M,66141,9999-01-01
15799,Manton,Gelosh,M,64458,9999-01-01
15682,Hiroyasu,Przulj,M,40000,9999-01-01
15687,Dekang,Ambroszkiewicz,M,62333,9999-01-01
15703,Chenye,Hanratty,M,40000,9999-01-01
15708,Reuven,Kushnir,F,85063,9999-01-01
15809,Mingsen,Antonisse,M,50619,9999-01-01
15714,Troy,Bala,F,40000,9999-01-01
15715,Insup,Ibel,F,40000,9999-01-01
15726,Zhilian,Parascandalo,M,70522,9999-01-01
15819,Magdalena,Rajcani,M,63847,9999-01-01
15821,Aleksander,Antonakopoulos,M,40000,9999-01-01
15846,Bowen,Litecky,M,40000,9999-01-01
15934,Kensyu,Shinomoto,F,50454,9999-01-01
15938,Garnik,Covnot,F,69499,9999-01-01
15942,Murthy,Rosca,M,50486,9999-01-01
15943,Yakkov,Demke,M,40000,9999-01-01
15945,Hauke,Larfeldt,M,57717,9999-01-01
15948,Karoline,Versino,F,40000,9999-01-01
15955,Yuguang,Dratva,F,45283,9999-01-01
15861,Gio,Anido,F,50890,9999-01-01
15971,Arumugam,Aloia,M,42963,9999-01-01
15977,King,Ballarin,M,44282,9999-01-01
15978,Kaijung,Wielonsky,F,40000,9999-01-01
15993,Yoshimitsu,Peir,M,45611,9999-01-01
16000,Marek,Demos,F,40000,9999-01-01
15866,Angel,Seiwald,M,40000,9999-01-01
16018,Boutros,Papadias,M,52560,9999-01-01
16019,Chaoyi,Heystek,F,40000,9999-01-01
16025,Doowon,Luce,F,84433,9999-01-01
16028,JiYoung,Takkinen,F,53714,9999-01-01
15869,Guoxiang,Bala,M,40000,9999-01-01
16033,Wayne,Spelt,F,40000,9999-01-01
15876,Munehiro,Vakili,F,51140,9999-01-01
16052,Maria,Rodham,F,40000,9999-01-01
16066,Marsha,Penn,F,74757,9999-01-01
16068,Leandro,Zongker,M,53031,9999-01-01
16076,Marko,Ebeling,M,47061,9999-01-01
16077,Kannan,Heemskerk,F,49020,9999-01-01
16086,Mohammad,Denos,M,42903,9999-01-01
16094,Berto,Rosar,M,40000,9999-01-01
15877,Yannik,Kroll,M,40000,9999-01-01
16099,Mohan,Ferretti,M,40000,9999-01-01
15880,Miquel,Dechter,M,40000,9999-01-01
15889,Sasan,Azumi,M,63393,9999-01-01
16126,Tse,Crabtree,M,68863,9999-01-01
15892,Lunjin,Pettis,F,60367,9999-01-01
16130,Kerryn,Belinskaya,M,40000,9999-01-01
16134,Annemarie,Chaudhuri,F,40000,9999-01-01
16138,Leucio,Krzyzanowski,M,67593,9999-01-01
15901,Marsja,Fargier,F,40000,9999-01-01
15902,Kazuhide,Stille,F,40000,9999-01-01
16154,Monique,Docker,M,40000,9999-01-01
16185,Marin,Winter,F,44003,9999-01-01
16192,Leandro,Sigstam,M,40000,9999-01-01
16201,Krassimir,Olano,M,53081,9999-01-01
16227,Hitomi,Vural,F,58619,9999-01-01
16229,Ronnie,Lanzelotte,F,40000,9999-01-01
16230,Ung,Babu,M,40000,9999-01-01
16233,Sushant,Baba,M,54684,9999-01-01
16234,Jacopo,Basart,F,40000,9999-01-01
16246,Makato,Masaki,M,40000,9999-01-01
16252,Carrsten,Mattern,F,64982,9999-01-01
16266,Mikhail,Sethi,M,57642,9999-01-01
16272,Shuho,Zeleznik,M,40000,9999-01-01
16274,Sadun,Navazio,M,65521,9999-01-01
15905,DeForest,Petersohn,F,47421,9999-01-01
15911,Shaibal,Viele,M,45602,9999-01-01
16479,Jixiang,Eiter,M,62446,9999-01-01
16324,Billie,Bazzichi,M,40000,9999-01-01
16337,Hironoby,Schaad,M,40000,9999-01-01
16341,Boutros,Fendler,F,40000,9999-01-01
16355,Nikolaos,Luca,M,80403,9999-01-01
16486,Sanjay,Perin,M,57496,9999-01-01
16364,Yifei,Gini,M,73503,9999-01-01
16365,Janalee,Mellouli,F,40000,9999-01-01
16377,Duri,Stanger,M,62147,9999-01-01
16380,Zhilian,Chleq,M,42820,9999-01-01
16382,Chaoyi,Talmon,M,66986,9999-01-01
16383,Lidong,Czap,F,55977,9999-01-01
16388,Subhankar,Georgatos,M,40000,9999-01-01
16487,Arunas,Yemenis,M,73302,9999-01-01
16397,Shimshon,Cusworth,F,66757,9999-01-01
16398,Limsoon,Krzyzanowski,M,71254,9999-01-01
16399,Apostol,Collette,F,59384,9999-01-01
16490,Muzhong,Thiria,M,85462,9999-01-01
16404,Rafols,Rabehasaina,M,45689,9999-01-01
16412,Moss,Tokunaga,F,66524,9999-01-01
16491,Emdad,Radwan,M,40000,9999-01-01
16504,Mong,Cromarty,F,40000,9999-01-01
16425,Idoia,Beerel,M,53045,9999-01-01
16438,Abdulla,Demeyer,M,52449,9999-01-01
16446,Jouko,Chinin,M,94600,9999-01-01
16447,Zhiguo,Savasere,F,40000,9999-01-01
16448,Tsvetan,Zwicker,M,76979,9999-01-01
16510,Mototsugu,Vecchio,M,40000,9999-01-01
16453,Goncalo,Basart,M,47433,9999-01-01
16537,Weidon,Seiwald,M,40000,9999-01-01
16471,Bogdan,Birta,M,44976,9999-01-01
16539,Gretta,Fetvedt,M,40000,9999-01-01
16546,Sangeeta,Lanphier,M,47819,9999-01-01
16672,Georgi,Peris,M,55265,9999-01-01
16674,Duke,Takanami,M,40000,9999-01-01
16679,Domenick,Cummings,F,40000,9999-01-01
16683,Hatem,Ghandeharizadeh,F,60120,9999-01-01
16549,Olivera,Thibadeau,M,60531,9999-01-01
16551,Sadegh,Ranon,M,82980,9999-01-01
16556,Mostafa,Hiltgen,M,53954,9999-01-01
16716,Ramachenga,Zumaque,F,54270,9999-01-01
16567,Hein,Senzako,M,40000,9999-01-01
16719,Sasan,Benantar,M,40000,9999-01-01
16723,Mohd,Randt,F,56932,9999-01-01
16729,Kirk,Broomell,M,51318,9999-01-01
16731,Domenico,Versino,M,48868,9999-01-01
16570,Uta,Matzen,F,46162,9999-01-01
16580,Masaru,Valiente,F,40000,9999-01-01
16759,Vojin,Masaki,M,40000,9999-01-01
16607,Vishwani,Honglei,F,54558,9999-01-01
16799,Shigeichiro,Bamford,M,54405,9999-01-01
16801,Gila,Strooper,M,48932,9999-01-01
16803,Ziva,Rohrbach,M,50968,9999-01-01
16806,Sreekrishna,Dayana,M,72405,9999-01-01
16808,Kiyokazu,Katiyar,M,87215,9999-01-01
16619,Arvind,Boguraev,F,40000,9999-01-01
16657,Yongdong,Heyers,M,63463,9999-01-01
16851,Leon,Stasinski,M,51771,9999-01-01
16852,Yefim,Fontet,F,48864,9999-01-01
16862,JiYoung,Eppinger,M,40000,9999-01-01
16864,Candido,Gecsel,M,50361,9999-01-01
16869,Yakkov,Huttel,M,40000,9999-01-01
16871,Munir,Stiles,M,55303,9999-01-01
16875,Nikolaos,Radhakrishnan,M,40000,9999-01-01
16880,Honesty,Bresenham,M,40000,9999-01-01
16897,Charlene,Ebeling,M,57244,9999-01-01
16910,Kazunori,Botman,M,57230,9999-01-01
16919,Tesuya,Yurov,F,40184,9999-01-01
16921,Evgueni,Yeung,M,71025,9999-01-01
16658,Florian,Soicher,M,50917,9999-01-01
17041,Nishit,Montemayor,F,40492,9999-01-01
16954,Akhilish,Apsitis,M,47943,9999-01-01
16955,Sangeeta,Marrakchi,M,74715,9999-01-01
16969,Sanjit,Braccini,F,49377,9999-01-01
16986,Hirochika,Gecseg,M,61653,9999-01-01
16988,Xiong,Peron,M,47878,9999-01-01
16993,Hongzue,Dahlbom,M,57751,9999-01-01
17046,Fay,Kornyak,F,44955,9999-01-01
16999,Bezalel,Sadowsky,F,40000,9999-01-01
17012,Valdiodio,Petereit,M,40000,9999-01-01
17048,Christoph,Murthy,M,46913,9999-01-01
17018,Berhard,Tasistro,F,40000,9999-01-01
17024,Ewing,Siepmann,F,58181,9999-01-01
17055,Marin,Wixon,M,46654,9999-01-01
17063,Anoosh,Thiran,M,91391,9999-01-01
17066,Heping,Ruther,M,59260,9999-01-01
17068,Bodh,Gopalakrishnan,F,40000,9999-01-01
17220,Lorien,Panwar,F,45404,9999-01-01
17222,Leen,Muchinsky,M,54882,9999-01-01
17072,Richara,Bala,M,40000,9999-01-01
17235,Ronnie,Rissanen,M,40000,9999-01-01
17236,Matk,Merro,F,75541,9999-01-01
17076,Gudjon,Hitomi,M,60092,9999-01-01
17245,Neven,Milicia,F,81426,9999-01-01
17078,Gill,Hinsberger,M,44442,9999-01-01
17260,Abdulah,Famili,F,40000,9999-01-01
17081,Weiru,Murtafg,F,40846,9999-01-01
17277,Arnd,Hopewell,M,40000,9999-01-01
17280,Xuejia,Merle,F,69670,9999-01-01
17089,Rafail,Erman,F,67779,9999-01-01
17285,Mario,Weiland,F,55174,9999-01-01
17294,Shrikanth,Pietrzykowski,M,43785,9999-01-01
17098,Xuedong,Gelosh,F,40000,9999-01-01
17101,Sandeepan,Compeau,M,40173,9999-01-01
17326,Arumugam,Ramsay,F,40000,9999-01-01
17102,Radhika,Garnick,F,89793,9999-01-01
17327,Yongmin,Gihr,M,50152,9999-01-01
17329,Shaunak,Tyugu,M,58239,9999-01-01
17103,Takahiro,Feldmann,M,48187,9999-01-01
17336,Shigenori,Chaudhuri,M,71761,9999-01-01
17339,Fan,Mullainathan,F,58306,9999-01-01
17120,Yifei,Polupanov,M,40000,9999-01-01
17340,Yurii,Brookman,M,65863,9999-01-01
17352,Muneo,Katiyar,M,71029,9999-01-01
17355,Mingzeng,Weisert,F,40000,9999-01-01
17125,Akhilish,Zweizig,M,40000,9999-01-01
17126,Matk,Schapire,F,40000,9999-01-01
17384,Youngkon,Nooteboom,M,55693,9999-01-01
17387,Shir,Serra,F,49554,9999-01-01
17396,Valeri,Henders,F,40000,9999-01-01
17397,Kenroku,Hardjono,F,40000,9999-01-01
17412,Leni,Vilarrasa,F,43480,9999-01-01
17436,Chirstian,Munawer,M,79815,9999-01-01
17448,Makato,Belinskaya,F,40728,9999-01-01
17143,Ziyad,Munke,M,40000,9999-01-01
17468,Abdelghani,Irland,F,59122,9999-01-01
17470,Genevieve,Lichtner,M,60901,9999-01-01
17472,Murthy,Verhoeff,M,40000,9999-01-01
17487,Gully,Staudhammer,F,40000,9999-01-01
17146,Aemilian,Barbanera,F,65674,9999-01-01
17489,Karlis,Vigier,M,48368,9999-01-01
17158,Danai,Vecchio,F,48426,9999-01-01
17500,Jinya,Bratsberg,M,44825,9999-01-01
17505,Gunilla,Moffat,F,63455,9999-01-01
17512,Frederique,Hofmeyr,F,40000,9999-01-01
17520,Shahab,Keohane,F,40000,9999-01-01
17159,Quingbo,Mitchem,F,56346,9999-01-01
17539,Cathie,Uhrik,F,60576,9999-01-01
17544,Kien,Marletta,M,53927,9999-01-01
17160,Shay,Montemayor,F,49824,9999-01-01
17552,Pradeep,Neiman,F,45663,9999-01-01
17163,Yurii,Papsdorf,M,47086,9999-01-01
17556,Makato,Tsukuda,F,67047,9999-01-01
17559,Annemarie,Papastamatiou,M,53573,9999-01-01
17199,Vasilis,Guardalben,M,40000,9999-01-01
17573,Berthier,Deverell,M,77659,9999-01-01
17576,Behnaam,Krybus,M,40000,9999-01-01
17582,Kauko,Spieker,M,44397,9999-01-01
17584,Emdad,Coorg,F,40000,9999-01-01
17586,Lein,Halevi,F,40000,9999-01-01
17215,Junichi,Langford,M,47977,9999-01-01
17778,Chirstian,Matzov,M,40000,9999-01-01
17629,Mostafa,Winter,M,70592,9999-01-01
17647,Vasilis,Swab,F,75896,9999-01-01
17791,Matt,Stifter,F,46451,9999-01-01
17657,Thanasis,Zucker,M,43935,9999-01-01
17674,Adib,Braccini,M,43044,9999-01-01
17677,Mingdong,Ramalingam,F,40000,9999-01-01
17683,Bernt,Henders,F,54891,9999-01-01
17688,Faiza,Cincotta,F,45880,9999-01-01
17798,Guangming,Suessmith,M,83096,9999-01-01
17696,Feiyu,Kusalik,F,40000,9999-01-01
17699,Radhia,Heping,F,48618,9999-01-01
17704,Vatsa,Broomell,F,40000,9999-01-01
17705,Toshimo,Mellouli,M,50346,9999-01-01
17807,Jianhua,Glowinski,M,40000,9999-01-01
17711,Owen,Katiyar,F,49277,9999-01-01
17716,Josyula,Vitiello,M,40000,9999-01-01
17728,Tsuneo,Lienhardt,M,57162,9999-01-01
17815,Shuji,Wissmann,M,40000,9999-01-01
17742,Tru,Cappelletti,M,52300,9999-01-01
17745,Hatem,Schreiter,M,40000,9999-01-01
17816,Toshimo,Kenevan,M,74497,9999-01-01
17834,Zhilian,Fiutem,M,40000,9999-01-01
17840,Tonny,Sherertz,M,66948,9999-01-01
17841,Hilary,Ramaiah,F,40000,9999-01-01
17849,Mandell,Varker,F,40000,9999-01-01
17973,Sanjit,Beidas,M,51947,9999-01-01
17869,Xiaocheng,Prochazka,F,40000,9999-01-01
17986,Oguz,Angelopoulos,M,77587,9999-01-01
17995,Oldrich,Vickson,F,40000,9999-01-01
18006,Vidya,Hanabata,F,108512,9999-01-01
18013,Jiong,Shanbhogue,F,40000,9999-01-01
18016,Somnath,Kaminger,M,50136,9999-01-01
18018,Sasan,Schrooten,M,70282,9999-01-01
18020,Adhemar,Pelz,F,40000,9999-01-01
17871,Ebbe,Hedayat,M,48561,9999-01-01
18030,Jasminko,Brookner,F,55277,9999-01-01
17874,Rutger,Minakawa,M,75424,9999-01-01
17891,Isaac,Luiz,M,44505,9999-01-01
18065,Chriss,Wroclawski,M,52601,9999-01-01
18075,Lein,Goodrum,M,44780,9999-01-01
18080,Satyanarayana,Rosar,F,40000,9999-01-01
17900,Sakthirel,Belinskaya,M,40000,9999-01-01
17907,Kotesh,Bernini,M,69291,9999-01-01
18099,Kazuhiko,Fendler,M,48187,9999-01-01
17916,Sukumar,Morrin,M,65572,9999-01-01
18108,Sanjai,Genin,M,76712,9999-01-01
18123,Kristinn,Hitomi,M,40000,9999-01-01
18130,Claudi,Cairo,M,40000,9999-01-01
18134,Ult,Pesch,M,70424,9999-01-01
17925,Adamantios,Baezner,F,47958,9999-01-01
18138,Moni,Baezner,M,62786,9999-01-01
18333,Munehiro,Plesums,M,40520,9999-01-01
18155,Dayanand,Danlos,M,40000,9999-01-01
18375,Gian,Debuse,M,41562,9999-01-01
18181,Gregory,Beerel,F,50366,9999-01-01
18208,Demin,Irland,M,70916,9999-01-01
18210,Mabo,Radhakrishnan,M,40000,9999-01-01
18376,Wayne,Stranks,M,50047,9999-01-01
18212,Constantino,Journel,F,40000,9999-01-01
18382,Remko,Mattern,F,57540,9999-01-01
18223,Gully,Mitchem,M,48598,9999-01-01
18393,Wuxu,Aseltine,M,40205,9999-01-01
18237,Limsoon,Tramer,M,40592,9999-01-01
18242,Shichao,Demian,F,62461,9999-01-01
18401,Vidya,Itzfeldt,M,59818,9999-01-01
18251,Alair,Panangaden,M,58297,9999-01-01
18261,Shridhar,Baak,M,40000,9999-01-01
18402,Bernice,Ritzmann,F,45396,9999-01-01
18274,Yefim,Karnin,F,63753,9999-01-01
18427,Kiyomitsu,Qiwen,F,65998,9999-01-01
18297,Guther,Nastansky,M,56421,9999-01-01
18310,Ioana,Dalton,F,41095,9999-01-01
18316,Hongzue,Msuda,F,54186,9999-01-01
18438,Chiradeep,Iacovou,M,41898,9999-01-01
18322,Tonia,Lueh,M,40000,9999-01-01
18323,Oddvar,Tiemann,F,40000,9999-01-01
18443,Florina,Swick,M,69107,9999-01-01
18448,Rosine,Bazelow,M,44353,9999-01-01
18511,Pascal,Marzano,M,40000,9999-01-01
18450,Takahito,Hoppenstand,M,59963,9999-01-01
18454,Eric,Anido,M,64815,9999-01-01
18459,Shuzo,Kavanagh,F,40000,9999-01-01
18532,Joydip,Onuegbe,M,52115,9999-01-01
18542,Tiina,Anido,M,48606,9999-01-01
18547,Gladys,Sankaranarayanan,M,40000,9999-01-01
18468,Kirk,Cunliffe,F,40000,9999-01-01
18571,Xinglin,Flowers,M,70621,9999-01-01
18573,Zongyan,Baca,F,88101,9999-01-01
18580,Mabo,Bamford,M,40000,9999-01-01
18581,Mitsuyuki,Ranai,F,99867,9999-01-01
18478,Mitsuyuki,Stranks,M,40000,9999-01-01
18503,Mechthild,Marletta,M,66668,9999-01-01
18663,Rafols,Sridhar,F,62505,9999-01-01
18701,Mori,Ratnakar,F,58282,9999-01-01
18664,Itzchak,Akaboshi,F,55929,9999-01-01
18666,Hitofumi,Baja,M,69504,9999-01-01
18671,Shan,Nastansky,M,55188,9999-01-01
18673,Ohad,Orlowski,M,40000,9999-01-01
18679,Roded,Lambe,F,80953,9999-01-01
18706,Debaprosad,Schicker,M,47897,9999-01-01
18888,Sajjan,Stassinopoulos,F,40562,9999-01-01
18890,Pasqua,Litecky,F,43372,9999-01-01
18919,Remco,Stille,F,63564,9999-01-01
18921,Maren,Radwan,M,73112,9999-01-01
18927,Muneo,Msuda,M,40000,9999-01-01
18933,Barun,Panienski,F,47862,9999-01-01
18943,Anneli,Rando,F,54916,9999-01-01
18946,Gio,Warwick,M,40000,9999-01-01
18955,Ziya,Flexer,F,60604,9999-01-01
18979,Girolamo,Fujisawa,M,76060,9999-01-01
18980,Weiye,Kawashimo,F,56699,9999-01-01
18986,Pintsang,Babu,M,55714,9999-01-01
18989,Goh,Quittner,M,53559,9999-01-01
18994,Leszek,Mitsuhashi,M,69135,9999-01-01
18725,Cullen,Marchegay,F,48904,9999-01-01
19006,Martina,Hempstead,F,40000,9999-01-01
19012,Gal,Panangaden,M,56894,9999-01-01
19014,Jiafu,Danecki,F,49781,9999-01-01
19027,Ferdinand,Nanard,M,46182,9999-01-01
19029,Khosrow,Jiang,M,40000,9999-01-01
19031,Rosella,Pollock,F,86266,9999-01-01
18728,Tzvetan,Luft,F,42857,9999-01-01
19035,Fuqing,Bellone,F,45728,9999-01-01
19036,Sampalli,Vesna,M,61331,9999-01-01
19037,Lucien,Bernardeschi,M,40000,9999-01-01
19042,Rosita,Levergood,F,40000,9999-01-01
18770,Fei,Yurek,M,55686,9999-01-01
19048,Nikolaus,Radhakrishnan,F,64540,9999-01-01
19049,Breannda,Picht,M,40000,9999-01-01
19051,Marek,Cappello,M,70956,9999-01-01
19076,Hein,Ferretti,M,40000,9999-01-01
18771,Domenick,Haraldson,F,51637,9999-01-01
19089,Badri,Ellozy,M,64741,9999-01-01
18775,Shay,Akazan,M,62152,9999-01-01
18784,Pohua,Hempstead,F,48213,9999-01-01
19109,Jenwei,Denis,M,46911,9999-01-01
19114,Jayson,Pietracaprina,F,71920,9999-01-01
19120,Giri,Qiwen,F,49416,9999-01-01
18786,Guozhong,Veevers,M,40000,9999-01-01
19129,Bowen,Jiafu,F,40000,9999-01-01
19134,Seongbin,Bakhtari,M,89672,9999-01-01
18789,Reinhold,Domenig,F,61935,9999-01-01
18790,Florina,Rahier,F,41481,9999-01-01
19147,Chaitali,Bennis,M,76197,9999-01-01
19151,Jeanne,Peral,M,40000,9999-01-01
19154,Inderjeet,Denna,M,40000,9999-01-01
18799,Kshitij,Lunn,M,42095,9999-01-01
19160,Tetsurou,Jervis,F,72108,9999-01-01
19162,Chinho,Fadgyas,M,40000,9999-01-01
18806,Akhilish,Petereit,M,59955,9999-01-01
19192,Yinlin,Schusler,M,56767,9999-01-01
18809,Laurentiu,Munoz,M,63500,9999-01-01
19201,Arto,Sommen,M,85848,9999-01-01
19205,Moto,Sinitsyn,F,93690,9999-01-01
19206,Wanqing,Pellegrinelli,F,71889,9999-01-01
19209,Berhard,Encarnacion,M,40000,9999-01-01
18811,Cheong,Oxenboll,F,59977,9999-01-01
18817,Kristin,Xiaoshan,M,40000,9999-01-01
18833,Roded,Majewski,M,46611,9999-01-01
19244,Guenter,Vitiello,M,51173,9999-01-01
19249,Saniya,Iivonen,M,40000,9999-01-01
18835,Uwe,Lieblein,M,40000,9999-01-01
18866,Fumiyo,Hettesheimer,M,56470,9999-01-01
19256,Rosita,Riexinger,M,40000,9999-01-01
19259,Anoosh,Pelc,F,47060,9999-01-01
19268,Adit,Papastamatiou,M,40000,9999-01-01
19453,Baoqiu,Buescher,M,40000,9999-01-01
19294,IEEE,Schoegge,M,40000,9999-01-01
19310,Bouchung,Guerreiro,M,55989,9999-01-01
19318,Xianlong,Halevi,F,55717,9999-01-01
19328,Yannik,Smeets,F,40000,9999-01-01
19329,Alair,Marletta,F,48046,9999-01-01
19332,Changho,Khamsi,F,66487,9999-01-01
19333,Sanjeeva,Schrooten,F,44724,9999-01-01
19335,Susanta,Khalid,F,40000,9999-01-01
19353,Mayumi,Schaar,M,58474,9999-01-01
19356,Masato,Prenel,F,51642,9999-01-01
19454,Taisook,Hutter,F,40000,9999-01-01
19467,Mitchel,Ecklund,M,40000,9999-01-01
19381,Xiahua,Holburn,F,82438,9999-01-01
19487,Huiqun,Cannane,M,64256,9999-01-01
19393,Boaz,Back,F,52070,9999-01-01
19394,Charmane,Bahl,M,70830,9999-01-01
19397,Arnd,Diderrich,F,46492,9999-01-01
19406,Sakthirel,Lindenbaum,F,49576,9999-01-01
19488,Maris,Perly,M,45504,9999-01-01
19419,Palash,Bernardeschi,F,52164,9999-01-01
19422,Florian,Budinsky,F,48435,9999-01-01
19493,Caolyn,Tramer,F,59120,9999-01-01
19425,Xuejia,Pettey,M,53627,9999-01-01
19501,Kokou,Baranowski,M,72030,9999-01-01
19503,Jaana,Papsdorf,M,43939,9999-01-01
19511,Jamaludin,Fujisaki,F,69281,9999-01-01
19621,Radhakrishnan,Albarhamtoshy,M,40000,9999-01-01
19624,Younwoo,Wolniewicz,F,49259,9999-01-01
19515,Keiichiro,Gurbaxani,F,79297,9999-01-01
19629,Stepehn,Matzke,M,81751,9999-01-01
19633,Tayeb,Nourani,F,40000,9999-01-01
19634,Phuoc,Etalle,F,50862,9999-01-01
19518,Genta,Vieri,F,48762,9999-01-01
19637,Dipayan,Papastamatiou,M,45831,9999-01-01
19639,Sibyl,Terlouw,M,40000,9999-01-01
19640,Tonny,Francisci,M,71369,9999-01-01
19644,Jackson,Isaac,M,53423,9999-01-01
19653,Gay,Crooks,M,40000,9999-01-01
19543,Chaitali,Perl,M,55814,9999-01-01
19661,Sangeeta,Speckmann,F,40000,9999-01-01
19663,Sverrir,Navazio,M,74026,9999-01-01
19665,Khalid,Zielinski,F,63601,9999-01-01
19667,Munenori,Matzel,F,52876,9999-01-01
19669,Shem,Honiden,F,68024,9999-01-01
19674,Mart,Varley,F,40000,9999-01-01
19675,Isamu,Herath,M,90306,9999-01-01
19678,Xiping,Plotkin,M,40000,9999-01-01
19546,Kwan,Penz,M,40000,9999-01-01
19708,Ortrud,Biros,M,49169,9999-01-01
19709,Xiaopeng,Asmuth,M,62904,9999-01-01
19712,Kristine,Litzler,M,40000,9999-01-01
19565,Zito,Riesenhuber,M,40000,9999-01-01
19720,Kwangyoen,Maksimenko,M,40000,9999-01-01
19723,Xuejun,Magalhaes,F,54056,9999-01-01
19724,Visit,Hasham,F,69399,9999-01-01
19728,Candido,Ramsey,F,78721,9999-01-01
19737,Harngdar,Cools,F,86017,9999-01-01
19738,Giri,Sury,M,74083,9999-01-01
19744,Aleksander,Skafidas,F,59739,9999-01-01
19758,Rildo,Birdsall,M,40000,9999-01-01
19766,Saeed,Munke,F,52681,9999-01-01
19771,Aral,Katalagarianos,F,89448,9999-01-01
19580,Stein,Tagansky,M,82037,9999-01-01
19777,Halsur,Ferretti,M,63089,9999-01-01
19791,Kankanahalli,Azulay,M,45827,9999-01-01
19583,Edwin,Veccia,M,64800,9999-01-01
19804,Tamiya,Benzmuller,M,53435,9999-01-01
19814,Subhrajyoti,Rosaz,F,40000,9999-01-01
19826,Fox,Christ,M,53382,9999-01-01
19828,Dannz,Maliniak,M,48504,9999-01-01
19839,Tadahiro,Hempstead,F,40424,9999-01-01
19841,Adil,Straney,M,49999,9999-01-01
19843,Mohamadou,Peir,M,84534,9999-01-01
19849,Weicheng,Serre,M,69889,9999-01-01
19874,Xuejia,Kuzuoka,M,98732,9999-01-01
19882,Thanasis,Demri,F,40000,9999-01-01
19901,Tsvetan,Stasinski,F,40000,9999-01-01
19904,Mototsugu,Rosenbaum,F,44347,9999-01-01
19933,Taizo,Bharadwaj,F,42732,9999-01-01
19940,Reinhard,Einsfeld,M,50833,9999-01-01
19943,Shimshon,Schoegge,F,57412,9999-01-01
19946,Owen,Levasseur,M,54941,9999-01-01
19950,Jaroslava,Kusakari,M,40000,9999-01-01
19955,IEEE,Conry,M,65157,9999-01-01
19975,Mabry,Geffroy,M,40000,9999-01-01
19982,Khatoun,Baba,F,40000,9999-01-01
19984,Zhonghui,Taubenfeld,M,63176,9999-01-01
19996,Berni,Chinen,M,56085,9999-01-01
20006,Geoff,Birnbaum,F,60279,9999-01-01
20013,Jaewoo,Lanphier,F,40000,9999-01-01
20022,Felicidad,Bellone,M,43670,9999-01-01
20024,Martine,Kambil,M,62352,9999-01-01
20037,Tse,VanScheik,M,40000,9999-01-01
20039,Udo,Harbusch,F,60465,9999-01-01
20042,Margareta,Munck,F,75326,9999-01-01
20043,Chikara,Adachi,M,53571,9999-01-01
20055,Hairong,Swiss,M,40000,9999-01-01
20059,Pranay,Panwar,M,40000,9999-01-01
20060,Chrisa,Attimonelli,F,40000,9999-01-01
20063,Guttorm,Carrere,F,52629,9999-01-01
20065,Mana,Onuegbe,F,51604,9999-01-01
20068,Masali,Rouquie,M,40000,9999-01-01
20069,Guenter,Huhdanpaa,F,40000,9999-01-01
20075,Mikhail,Oberman,F,43803,9999-01-01
19586,Hirochika,Minakawa,F,40000,9999-01-01
20091,Janalee,Bach,M,40000,9999-01-01
19602,Sandeepan,Olivero,M,51525,9999-01-01
20117,Yoshimitsu,Hanabata,M,56609,9999-01-01
20119,Josyula,Shigei,M,51975,9999-01-01
20121,Oldrich,Bazelow,M,42115,9999-01-01
19612,Chenxi,Erdmenger,M,83131,9999-01-01
20148,Ibibia,Polupanov,M,76785,9999-01-01
19616,Niranjan,Uchoa,M,45859,9999-01-01
19617,Mircea,Landherr,M,43394,9999-01-01
20159,Isamu,Valiente,F,41110,9999-01-01
20181,Thodoros,Wegerle,M,87295,9999-01-01
20169,Gil,Zuberek,M,55381,9999-01-01
20170,Emdad,Himler,M,85953,9999-01-01
20171,Kazuhira,Murtha,M,57586,9999-01-01
20186,Jianhua,Narahari,M,57321,9999-01-01
20189,Mark,Nanard,M,40797,9999-01-01
20218,Ioana,Gihr,M,40000,9999-01-01
20222,Baziley,Rettelbach,M,48534,9999-01-01
20245,Halsur,Fujisawa,F,53786,9999-01-01
20367,Bernt,Takanami,M,40000,9999-01-01
20368,Denis,Samarati,F,40000,9999-01-01
20251,Cristinel,Unno,M,40000,9999-01-01
20259,Yannik,Bratten,F,48386,9999-01-01
20392,Terresa,Sidje,M,56391,9999-01-01
20402,Szabolcs,Shrader,M,42237,9999-01-01
20403,Rildo,Reinhard,M,40000,9999-01-01
20265,Amalendu,Willoner,M,53518,9999-01-01
20407,Pranas,Genther,F,53687,9999-01-01
20408,Debatosh,Smailagic,M,40000,9999-01-01
20266,Ekawit,Kakkad,M,85168,9999-01-01
20284,Monique,Parascandalo,F,40000,9999-01-01
20425,True,Schapiro,F,40000,9999-01-01
20435,Oguz,Homond,M,71488,9999-01-01
20436,Rasiah,Kavraki,M,69600,9999-01-01
20305,Gou,Birnbaum,F,106332,9999-01-01
20450,Abdelwaheb,Binkley,M,41934,9999-01-01
20454,Nidapan,Gunderson,M,40000,9999-01-01
20456,Sigeru,Highland,F,46657,9999-01-01
20489,Boguslaw,Garrabrants,M,47269,9999-01-01
20490,Soenke,Douceur,M,40410,9999-01-01
20494,Lucien,Pagter,M,82543,9999-01-01
20316,Kellie,Krybus,M,40000,9999-01-01
20498,Suvo,Gini,M,40000,9999-01-01
20325,Katsuyuki,England,M,69040,9999-01-01
20528,Dines,Bednarek,F,54377,9999-01-01
20530,Nevio,Katiyar,M,61897,9999-01-01
20534,Rosita,Kalloufi,M,47183,9999-01-01
20545,Woody,Chaudhury,M,73867,9999-01-01
20334,Miquel,Frijda,F,42423,9999-01-01
20336,Magy,Wolniewicz,F,73502,9999-01-01
20548,Edwin,Bugrara,M,47132,9999-01-01
20550,Koichi,Kabayashi,M,40000,9999-01-01
20339,Masami,Jumpertz,F,40000,9999-01-01
20558,Toong,Panangaden,M,40000,9999-01-01
20346,Jeong,Antonakopoulos,M,40000,9999-01-01
20358,Arve,Peir,M,64948,9999-01-01
20585,Bernd,Butterworth,M,70715,9999-01-01
20751,Nitsan,Zyda,F,49983,9999-01-01
20586,Akeel,Clouatre,F,67653,9999-01-01
20602,Martins,Dratva,M,53455,9999-01-01
20606,Marjo,Speer,F,40000,9999-01-01
20621,Arumugam,Navazio,F,66479,9999-01-01
20624,Xiong,Nanard,M,42597,9999-01-01
20625,Uno,Cusworth,F,40000,9999-01-01
20626,Hercules,Varman,F,40000,9999-01-01
20631,Masaki,Heiserman,M,40000,9999-01-01
20635,Fumino,Baja,F,52035,9999-01-01
20636,Hsiangchu,Collavizza,F,40000,9999-01-01
20755,Jungsoon,Szilard,F,40000,9999-01-01
20651,Alexius,Vickson,M,49811,9999-01-01
20757,Ingemar,Taubman,M,40000,9999-01-01
20765,Steve,Viele,F,45556,9999-01-01
20666,Shushma,Linares,M,40000,9999-01-01
20674,Maria,Avouris,M,54297,9999-01-01
20766,Chenyi,Conry,M,40000,9999-01-01
20693,Yefim,Flasterstein,M,40000,9999-01-01
20793,Pranav,Luft,M,40220,9999-01-01
20708,Aemilian,Arlazarov,F,63353,9999-01-01
20716,Nikolaos,Basart,F,40000,9999-01-01
20728,Billie,Sessa,M,98529,9999-01-01
20794,Shaz,Rathonyi,M,70498,9999-01-01
20813,Srinidhi,Sinicrope,F,107655,9999-01-01
20820,Otilia,DeMori,M,70573,9999-01-01
20923,Menkae,Miara,M,80332,9999-01-01
20828,Brewster,Sewelson,F,76056,9999-01-01
20929,Along,Hebden,M,40000,9999-01-01
20836,Jingling,Alameldin,M,84293,9999-01-01
20958,Ashish,Eiron,F,55761,9999-01-01
20964,Clyde,Erez,F,85572,9999-01-01
20965,Tadanori,Bahl,F,40000,9999-01-01
20968,Nimmagadda,Rijsenbrij,F,40063,9999-01-01
20857,Jinxi,Werthner,M,40000,9999-01-01
20974,Hisao,Yavatkar,M,80291,9999-01-01
20979,Pradeep,Kumaresan,M,86006,9999-01-01
20987,Domenick,Rabejac,F,72003,9999-01-01
21007,Christfried,Junet,F,63979,9999-01-01
21011,Demin,Zedlitz,M,46023,9999-01-01
21019,Oksana,Brodie,F,60171,9999-01-01
21037,Kensei,Casley,M,40000,9999-01-01
21044,Mack,Rajala,M,40433,9999-01-01
21054,Saeko,Sichman,M,52658,9999-01-01
21078,Shaw,Bolotov,F,54258,9999-01-01
21092,Chikara,Montresor,F,40000,9999-01-01
20860,Szabolcs,Michaels,F,40000,9999-01-01
21109,Lech,Chenoweth,F,56522,9999-01-01
21110,Shaowei,Solares,M,88140,9999-01-01
20881,Duangkaew,Hainaut,M,41062,9999-01-01
21127,Ziyad,Coorg,M,65549,9999-01-01
21133,Carrsten,Brizzi,M,80323,9999-01-01
21138,Niteen,Haraldson,F,60656,9999-01-01
21143,Mayumi,Hennings,M,82365,9999-01-01
20903,Yagil,Kemmerer,F,51887,9999-01-01
21157,Jouko,Demos,F,40000,9999-01-01
21161,Irena,Moffat,M,40000,9999-01-01
21165,Mingdong,Pfau,M,57958,9999-01-01
21288,Nechama,Wendorf,M,40000,9999-01-01
21171,Emdad,Bressoud,M,43859,9999-01-01
21192,Sajjad,Krohm,M,40000,9999-01-01
21206,Krisda,Walstra,M,65765,9999-01-01
21210,Yechiam,Gelosh,F,40000,9999-01-01
21312,Mani,Bahi,M,43128,9999-01-01
21214,Weiru,Angelov,F,56646,9999-01-01
21229,Vasilis,Collavizza,F,40000,9999-01-01
21239,Krister,Chinin,M,49269,9999-01-01
21321,Laurentiu,Raney,M,58022,9999-01-01
21251,Fatemeh,Riexinger,M,55174,9999-01-01
21255,Jaewon,Baba,M,40000,9999-01-01
21336,Satosi,Veccia,F,40000,9999-01-01
21275,Waiman,Suppi,M,40000,9999-01-01
21347,Francesca,Ghalwash,M,73742,9999-01-01
21361,Shooichi,Lally,M,84832,9999-01-01
21479,Jeane,Kuszyk,F,42045,9999-01-01
21363,Katsuyuki,Theuretzbacher,M,52656,9999-01-01
21373,Gonzalo,Awdeh,F,56985,9999-01-01
21505,Etsuo,Delaune,M,40000,9999-01-01
21507,Mansur,Benzmuller,F,40000,9999-01-01
21512,Pohua,Gornas,M,52336,9999-01-01
21391,Zijian,Pagter,M,58700,9999-01-01
21518,Minghong,Slaats,F,54437,9999-01-01
21523,Eldridge,Lores,M,40000,9999-01-01
21527,DeForest,Yurov,F,40000,9999-01-01
21542,Miomir,Sherertz,F,56185,9999-01-01
21547,Fatemeh,Crooks,F,40000,9999-01-01
21548,Maren,Gimbel,M,49951,9999-01-01
21396,Shaw,Manderick,M,59553,9999-01-01
21555,Uinam,Biron,F,40000,9999-01-01
21566,Angel,Demos,F,61752,9999-01-01
21402,Guadalupe,Gecsei,M,40000,9999-01-01
21580,Debatosh,Morton,F,53897,9999-01-01
21583,Elliott,Fasbender,M,44042,9999-01-01
21585,Shalesh,Gelosh,F,61381,9999-01-01
21588,Licheng,Masamoto,M,55000,9999-01-01
21409,Hongzhu,Yoshimura,M,63099,9999-01-01
21413,Laurentiu,Sherertz,M,102879,9999-01-01
21609,Sibyl,Pappas,M,80510,9999-01-01
21421,Avishai,Yoshizawa,F,58531,9999-01-01
21612,Martial,Bardell,M,82560,9999-01-01
21615,Shirish,Morrey,M,79062,9999-01-01
21432,Kerhong,Weisert,F,45799,9999-01-01
21636,Munir,Erde,M,48121,9999-01-01
21444,Caolyn,Cronan,F,40000,9999-01-01
21639,Caolyn,Domenig,M,44814,9999-01-01
21642,Shaz,Erman,M,49874,9999-01-01
21643,Yuuichi,Maksimenko,M,40210,9999-01-01
21646,Gila,Guardalben,M,41370,9999-01-01
21648,Mayuko,Fandrianto,F,42629,9999-01-01
21454,Zsolt,Pocchiola,M,40000,9999-01-01
21660,Kwan,Casperson,M,40000,9999-01-01
21663,Eberhardt,Serra,F,40000,9999-01-01
21666,Remzi,Kroon,M,68269,9999-01-01
21674,Kannan,Naumovich,F,44125,9999-01-01
21675,Vishu,Genin,M,40000,9999-01-01
21677,Zhensheng,Kavvadias,M,40000,9999-01-01
21470,Kousuke,Botman,M,45639,9999-01-01
21683,Jiang,Velasco,M,51350,9999-01-01
21686,Kinh,Jansch,M,55890,9999-01-01
21692,Reinhard,Hitomi,F,57798,9999-01-01
21693,Palash,Schurmann,M,87515,9999-01-01
21697,Billur,Luke,F,78956,9999-01-01
21704,Xiaobin,Chorvat,M,40000,9999-01-01
21705,Aleksandar,Luon,M,51814,9999-01-01
21708,Angel,Lichtner,F,40000,9999-01-01
21713,Guther,Boreale,M,40208,9999-01-01
21844,Feipei,Birta,F,50924,9999-01-01
21741,Muneo,Raoux,M,40000,9999-01-01
21848,Atreyi,Zhang,M,42767,9999-01-01
21751,Uinam,Savasere,M,40000,9999-01-01
21754,Kenroku,Jonsson,F,42362,9999-01-01
21851,Falguni,Budinsky,F,68104,9999-01-01
21758,Susumu,Picht,F,81328,9999-01-01
21859,Padma,Swen,F,71833,9999-01-01
21767,Supot,Lieblein,M,40000,9999-01-01
21877,Brigham,Biran,M,75382,9999-01-01
21783,Domenick,Qiwen,F,64772,9999-01-01
21894,Marke,Yemenis,M,54884,9999-01-01
21808,Arra,Bharadwaj,M,40610,9999-01-01
21820,Sanjay,Khasidashvili,M,81547,9999-01-01
21832,Suzette,Vecchio,M,64710,9999-01-01
21835,Mang,Luck,M,48163,9999-01-01
21897,Sampalli,Kavanagh,M,85262,9999-01-01
21908,Fen,Parfitt,M,52324,9999-01-01
21920,Naftali,Schneeberger,M,56825,9999-01-01
21926,Boguslaw,Aloisi,F,73514,9999-01-01
22030,Lokesh,Hockney,M,57100,9999-01-01
21980,Gen,Miyakawa,M,53209,9999-01-01
22054,Ottavia,Benveniste,F,40000,9999-01-01
22066,Nakhoon,Roison,M,40000,9999-01-01
22072,Kasturi,Pettit,M,51418,9999-01-01
22081,Constantine,Baar,F,41698,9999-01-01
22095,Breannda,Schlumberger,F,50512,9999-01-01
22100,Vishwani,Spataro,M,85569,9999-01-01
22111,Rasiah,Felcyn,M,66782,9999-01-01
21984,Martine,Lemarechal,M,40000,9999-01-01
21987,Dipankar,Fontet,M,56799,9999-01-01
22121,Saeed,Pfau,M,40000,9999-01-01
21994,Lech,Babb,M,53931,9999-01-01
22133,Annemarie,Bernardeschi,M,40000,9999-01-01
22135,Guiseppe,Nyrup,M,48289,9999-01-01
22136,Naftali,Thiran,M,69488,9999-01-01
22008,Karlis,Ferretti,M,52459,9999-01-01
22140,Susanne,Reghbati,M,62443,9999-01-01
22146,Volkmar,Suermann,F,40000,9999-01-01
22150,Kristina,Zweizig,F,67163,9999-01-01
22012,DeForest,Armand,F,42886,9999-01-01
22165,Alenka,Emiris,F,63349,9999-01-01
22023,Mart,Vidya,M,46984,9999-01-01
22179,Rosine,Garnick,M,71161,9999-01-01
22180,Iara,Luef,F,43450,9999-01-01
22190,Berry,Perna,F,58561,9999-01-01
22210,Christoph,Pouyioutas,F,63788,9999-01-01
22216,Thodoros,Cooley,M,64616,9999-01-01
22224,Brendon,Rohrbach,M,61487,9999-01-01
22226,Bangqing,Vigier,F,43408,9999-01-01
22234,Arno,Narwekar,M,56671,9999-01-01
22255,Kristian,Merel,M,43442,9999-01-01
22024,Weidon,Flexer,F,41467,9999-01-01
22263,Xiahua,Claffy,F,58364,9999-01-01
22265,Yonghong,Claffy,F,40000,9999-01-01
22269,Berto,Reeken,F,40000,9999-01-01
22271,Sampalli,Kushnir,M,40000,9999-01-01
22405,Gritta,Parveen,F,56020,9999-01-01
22282,Shaz,Streit,F,60024,9999-01-01
22292,Ekawit,Bernardinello,M,40000,9999-01-01
22303,Garnik,Lortz,M,51855,9999-01-01
22309,Lena,Liedekerke,F,62189,9999-01-01
22416,Feiyu,Syrotiuk,F,40000,9999-01-01
22325,Susanta,Hebden,F,44813,9999-01-01
22326,Mani,Skafidas,M,74850,9999-01-01
22332,Rosine,Hebden,F,40000,9999-01-01
22424,Krister,Engelmann,M,47921,9999-01-01
22337,Leszek,Picci,M,40000,9999-01-01
22429,Franziska,Terekhov,F,41561,9999-01-01
22367,Terresa,Barinka,M,40329,9999-01-01
22437,Xiaoqiu,Orsini,M,41444,9999-01-01
22370,Aloys,Oxenboll,M,76113,9999-01-01
22372,Mitchel,Bugrara,M,43809,9999-01-01
22374,Soenke,Klassen,F,76757,9999-01-01
22375,Snehasis,Kulisch,M,47344,9999-01-01
22440,Odinaldo,Restivo,M,40000,9999-01-01
22381,Uma,Openshaw,F,77651,9999-01-01
22443,Mari,Baja,M,51204,9999-01-01
22480,Boaz,Mikschl,M,78893,9999-01-01
22593,Danae,Jeansoulin,M,52423,9999-01-01
22596,Slavian,Wegerle,M,47430,9999-01-01
22601,Shigenori,Staelin,M,56272,9999-01-01
22609,Zvonko,Baalen,F,66371,9999-01-01
22482,Perla,Parascandalo,F,40000,9999-01-01
22617,Uli,Tibblin,F,40000,9999-01-01
22620,Terresa,Dusink,M,62623,9999-01-01
22496,Yongqiao,Yavatkar,M,44922,9999-01-01
22623,Tommaso,Champarnaud,M,46491,9999-01-01
22625,Weicheng,Pleszkun,F,40000,9999-01-01
22649,Reuven,Driscoll,M,40376,9999-01-01
22509,Zejun,Shumilov,M,61470,9999-01-01
22663,Bokyung,Fargier,M,64475,9999-01-01
22511,Sadun,Isard,F,40000,9999-01-01
22520,Mokhtar,Ranka,F,45814,9999-01-01
22682,Kristina,Ananiadou,M,40000,9999-01-01
22691,Morris,Bottner,M,62992,9999-01-01
22536,Sukumar,Andreotta,M,40000,9999-01-01
22702,Faiza,Reeken,F,40000,9999-01-01
22716,Sreekrishna,Waymire,F,64602,9999-01-01
22720,Olivera,Gornas,F,52448,9999-01-01
22726,Steve,Shanbhogue,M,67607,9999-01-01
22728,Makato,Codenie,M,99580,9999-01-01
22549,Reinhard,Michaels,M,52206,9999-01-01
22730,Premal,Basart,M,51123,9999-01-01
22735,Paddy,Diderrich,F,42702,9999-01-01
22557,Abdulla,Luon,M,82178,9999-01-01
22744,Berna,Spelt,F,51822,9999-01-01
22749,Snehasis,Famili,M,53701,9999-01-01
22753,Yoshinari,Khalil,F,40000,9999-01-01
22755,Marla,Albarhamtoshy,M,63264,9999-01-01
22758,Mabry,Rijckaert,F,59665,9999-01-01
22953,Adhemar,Bashian,F,43331,9999-01-01
22766,Yishay,Jumpertz,M,40000,9999-01-01
22772,Sandeepan,McClurg,F,46367,9999-01-01
22776,Ekawit,Whitcomb,F,54775,9999-01-01
22783,Takahiro,Beerel,M,83582,9999-01-01
22786,Moss,Usdin,M,105882,9999-01-01
22788,Prasadram,Plumb,M,40000,9999-01-01
22794,Adib,Schiper,M,40000,9999-01-01
22809,Ziyad,Krupka,M,40000,9999-01-01
22812,Weiru,Kemmerer,F,53399,9999-01-01
22833,Alassane,Plessier,F,51912,9999-01-01
22838,Brendon,Markovitch,F,40000,9999-01-01
22854,Trygve,Koblitz,M,41649,9999-01-01
22855,Shalesh,Thimonier,F,46111,9999-01-01
22861,Susumu,Baja,M,56524,9999-01-01
22863,Petter,Denna,F,57027,9999-01-01
22961,Hirochika,Masamoto,M,44463,9999-01-01
22873,Ebbe,Ashish,M,59298,9999-01-01
22886,Gudjon,Templeman,F,40000,9999-01-01
22889,Edwin,Klassen,M,40000,9999-01-01
22962,Nikolaos,Peek,F,40000,9999-01-01
22894,Muzhong,Casley,M,76090,9999-01-01
22897,Weiru,Heering,F,40000,9999-01-01
22987,Jeanna,Pehl,M,40708,9999-01-01
22904,Irene,Azulay,F,40000,9999-01-01
22908,Eran,Bratsberg,M,40000,9999-01-01
22910,Shawna,Cummings,M,72381,9999-01-01
22917,Adas,Pfau,M,47460,9999-01-01
22919,Georg,Skogmar,F,40000,9999-01-01
22923,Kristof,Laventhal,F,43991,9999-01-01
22924,Ziyad,Leslie,F,53978,9999-01-01
22928,Sanjeeva,Angot,F,40000,9999-01-01
22934,Parviz,Plumb,M,91442,9999-01-01
22935,Toshimo,Foong,M,40000,9999-01-01
22940,Shih,Isaac,M,40000,9999-01-01
22947,Herbert,Schmiedel,F,61316,9999-01-01
22995,Ger,Stanfel,M,57931,9999-01-01
23000,Arfst,Murillo,M,40000,9999-01-01
23001,Akhilish,Irland,M,52018,9999-01-01
23136,Narain,Skogmar,M,56024,9999-01-01
23007,Hyuckchul,Spell,F,63693,9999-01-01
23138,Pascal,Kaelbling,M,40000,9999-01-01
23011,Suzette,Ferretti,M,50445,9999-01-01
23151,Ortrun,Lunt,M,91783,9999-01-01
23023,Premsyl,Lenart,M,40000,9999-01-01
23157,Siddarth,Llado,M,40000,9999-01-01
23159,Atilio,Esposito,M,40435,9999-01-01
23026,Junichi,Lortz,M,52693,9999-01-01
23172,Kazuhide,Birjandi,M,44565,9999-01-01
23034,Josyula,Rosca,F,40000,9999-01-01
23049,Zhenbing,Gurbaxani,M,40000,9999-01-01
23195,Mark,Ertl,M,47070,9999-01-01
23196,Sahrah,Cheshire,M,65710,9999-01-01
23197,Marjo,Ducloy,M,40000,9999-01-01
23204,Adib,Lieblein,F,40000,9999-01-01
23052,Ayonca,Salinas,M,68964,9999-01-01
23053,Radhakrishnan,Riefers,F,40000,9999-01-01
23066,Shuho,Deville,M,51798,9999-01-01
23220,Christoper,Back,F,40000,9999-01-01
23224,Nikolaos,Engelmann,F,50328,9999-01-01
23068,Eldridge,Brlek,M,40000,9999-01-01
23225,Xuejia,Burnard,M,55906,9999-01-01
23086,Nathan,Lemarechal,M,40000,9999-01-01
23087,Nectarios,Bernini,M,75082,9999-01-01
23246,Muneo,Bhattacharjee,M,61942,9999-01-01
23092,Aris,Brookman,M,40000,9999-01-01
23252,Dzung,Simkin,F,64713,9999-01-01
23095,Muneo,Woycyznski,M,56231,9999-01-01
23104,Tadanori,Anido,F,40000,9999-01-01
23269,Aamer,Szmurlo,M,49962,9999-01-01
23278,Hein,Morrey,F,50229,9999-01-01
23290,Parviz,Papsdorf,M,62875,9999-01-01
23300,Froduald,Schauser,F,60044,9999-01-01
23314,Krassimir,Demizu,F,81622,9999-01-01
23119,Yaghout,Byoun,F,52289,9999-01-01
23323,Siamak,Alvarado,F,48952,9999-01-01
23506,Shiv,Luck,F,40000,9999-01-01
23330,Aloke,Cooley,M,61255,9999-01-01
23511,Amalendu,Gecseg,F,43560,9999-01-01
23342,Xinglin,Berendt,M,40000,9999-01-01
23347,Kwun,Rosaz,F,71668,9999-01-01
23521,Goh,Pappas,F,40000,9999-01-01
23362,Youjian,Yurek,M,47408,9999-01-01
23363,Jacqueline,Zeleznik,M,47315,9999-01-01
23527,Shiv,Borstler,M,40000,9999-01-01
23369,Khalil,Zykh,M,61057,9999-01-01
23370,Morris,Bodoff,M,45506,9999-01-01
23532,Duke,Bardell,F,65085,9999-01-01
23374,Samphel,Gecsei,F,40000,9999-01-01
23533,Shimshon,Heemskerk,M,51814,9999-01-01
23536,Nagui,Vural,F,40000,9999-01-01
23538,Bernardo,Pargaonkar,M,46145,9999-01-01
23554,Toshiki,Bail,F,53968,9999-01-01
23398,Georgy,Marwedel,M,69439,9999-01-01
23561,Jingling,Zizka,M,48337,9999-01-01
23404,Anneli,Gini,F,63624,9999-01-01
23406,Masadi,Masada,F,65602,9999-01-01
23573,Hercules,Steinauer,M,40000,9999-01-01
23581,Houman,Narlikar,M,69404,9999-01-01
23420,Rosli,Gronowski,M,43571,9999-01-01
23421,Hironoby,Denti,M,42253,9999-01-01
23589,Ziya,Perko,M,48998,9999-01-01
23592,Marek,Templeman,M,68278,9999-01-01
23620,Clyde,Reeker,F,77230,9999-01-01
23428,Luerbio,Pews,M,57558,9999-01-01
23441,Sarita,Staudhammer,M,43192,9999-01-01
23442,Vesna,Rindone,M,40000,9999-01-01
23448,Gil,Unno,M,55573,9999-01-01
23454,Heejo,Felcyn,M,74964,9999-01-01
23455,Aemilian,Sethi,F,44109,9999-01-01
23626,Bogdan,Vilarrasa,M,40000,9999-01-01
23466,Chikara,Anandan,F,56208,9999-01-01
23633,Jinpo,Nyrup,F,45809,9999-01-01
23470,Neven,Hutton,F,58086,9999-01-01
23480,Dannz,Busillo,F,53631,9999-01-01
23640,Leucio,Mamelak,M,48632,9999-01-01
23642,Kwangjo,Pusterhofer,M,48854,9999-01-01
23643,Mariangiola,Ozeri,F,43055,9999-01-01
23648,Jinxi,Luiz,M,40000,9999-01-01
23659,Gina,Verhoeff,M,40000,9999-01-01
23660,JoAnna,Portugali,M,40000,9999-01-01
23663,Chaosheng,Kitai,M,57706,9999-01-01
23691,Satoru,Stille,M,60076,9999-01-01
23692,Aris,Merey,M,43618,9999-01-01
23676,Sham,Openshaw,M,90184,9999-01-01
23695,Babette,Genin,F,40000,9999-01-01
23703,Prodip,Thimonier,F,40000,9999-01-01
23707,Yoshimitsu,Ananiadou,M,46238,9999-01-01
23677,Rafael,Sevcikova,M,96782,9999-01-01
23877,Tesuro,Motley,M,82724,9999-01-01
23749,Emdad,Ponthieu,F,40000,9999-01-01
23880,Hairong,Angelopoulos,F,40000,9999-01-01
23753,Karsten,Isaac,M,64455,9999-01-01
23757,Yaghout,Ozery,M,47056,9999-01-01
23761,Jouni,Menhardt,M,76893,9999-01-01
23883,Dayanand,Ozery,F,40783,9999-01-01
23764,Hsiangchu,Cyne,M,47732,9999-01-01
23907,Isamu,Dahlbom,M,68827,9999-01-01
23777,Juichirou,Kilgore,M,40000,9999-01-01
23784,Aiman,Merli,F,40000,9999-01-01
23791,Boguslaw,Pavlopoulou,M,55247,9999-01-01
23797,Torsten,Usery,M,56625,9999-01-01
23910,Shahab,Tempesti,F,42803,9999-01-01
23924,Shakhar,Solovay,M,40000,9999-01-01
23817,Duri,Coorg,F,71444,9999-01-01
23822,Faiza,Rosar,M,57773,9999-01-01
23824,Maris,Porotnikoff,F,40000,9999-01-01
23828,Yonghong,Ecklund,F,40000,9999-01-01
23930,Sreenivas,Frezza,F,40000,9999-01-01
23835,Yoshinari,Hennings,F,40000,9999-01-01
23840,Thanasis,Polupanov,M,43469,9999-01-01
23932,Lubomir,Harbusch,M,40000,9999-01-01
23842,Genevieve,Birdsall,F,40000,9999-01-01
23843,Shin,Murtha,F,77598,9999-01-01
23857,Kristen,Frijda,M,46531,9999-01-01
23860,Malu,Kumaresan,M,66328,9999-01-01
23938,Nahum,Facello,M,49319,9999-01-01
23868,Trygve,Reistad,M,49745,9999-01-01
23869,Raimond,Stiles,M,40000,9999-01-01
23872,Cedric,Ranst,M,60200,9999-01-01
23875,Waiman,Encarnacion,M,40000,9999-01-01
23940,Jingling,Haldar,F,50848,9999-01-01
23946,Carrsten,Streit,M,41631,9999-01-01
23952,Valdiodio,Oehlmann,F,70411,9999-01-01
23963,Goo,Soloway,M,40000,9999-01-01
23969,Elgin,Sullins,M,61491,9999-01-01
24072,Tianruo,Piveteau,F,42591,9999-01-01
24077,Kerhong,Zedlitz,F,73732,9999-01-01
23977,Jouko,Boissier,F,84078,9999-01-01
23993,Gian,Ghalwash,M,40000,9999-01-01
24108,Shaz,Kushnir,M,44261,9999-01-01
24110,Lucien,Baar,F,65941,9999-01-01
24112,Atreyi,Ginneken,M,45327,9999-01-01
24118,Elliott,Monarch,F,77728,9999-01-01
24120,Luerbio,Badr,F,40000,9999-01-01
24121,Franziska,Bale,F,63748,9999-01-01
24126,Candida,Wallrath,F,40599,9999-01-01
23996,Debaprosad,Hasham,F,40000,9999-01-01
24132,Otilia,Puoti,F,40000,9999-01-01
24133,Prodip,Ramalingam,F,40000,9999-01-01
24001,Sachio,Lorys,M,42026,9999-01-01
24136,Isamu,Henders,F,57963,9999-01-01
24140,Basem,Thombley,M,59707,9999-01-01
24003,Ronnie,Linares,M,59452,9999-01-01
24153,Lidong,Anger,M,63144,9999-01-01
24154,Khaled,Hashii,F,79702,9999-01-01
24156,Bangqing,Willoner,M,42938,9999-01-01
24012,Kauko,Hiltgen,M,44768,9999-01-01
24166,Niranjan,Chinal,F,57476,9999-01-01
24178,Jouko,Sherertz,F,49316,9999-01-01
24182,Teunis,Antonisse,M,40000,9999-01-01
24183,Muneo,Rousseau,F,48461,9999-01-01
24029,Heekeun,Maksimenko,F,57431,9999-01-01
24196,Radhika,Boyle,M,68657,9999-01-01
24199,Iara,Bach,M,43068,9999-01-01
24207,Frazer,Rodham,M,40389,9999-01-01
24209,Hilary,Msuda,M,40000,9999-01-01
24215,Feipei,Iivonen,M,70276,9999-01-01
24224,Vasilis,Kinley,M,49619,9999-01-01
24225,Shugo,Eiter,M,98584,9999-01-01
24034,Murthy,Validov,F,40000,9999-01-01
24041,Macha,Bednarek,M,40000,9999-01-01
24045,Moto,Szmurlo,M,40000,9999-01-01
24251,Moto,Mondadori,F,56717,9999-01-01
24256,Salvador,Clemencon,F,40200,9999-01-01
24260,Atilio,Brookman,M,40000,9999-01-01
24269,Prodip,Peron,M,51386,9999-01-01
24284,Huan,Tchuente,F,73889,9999-01-01
24316,Feiyu,Cincotta,F,40000,9999-01-01
24334,Zhilian,Brookman,F,73699,9999-01-01
24363,Bowen,Biran,M,43392,9999-01-01
24056,Gladys,Shrader,M,91264,9999-01-01
24383,Aksel,Erev,M,40000,9999-01-01
24388,Zhilian,Milicic,F,61315,9999-01-01
24389,Kenroku,Shimshoni,M,55607,9999-01-01
24059,Kendra,Swab,F,40000,9999-01-01
24397,Shaibal,Shimshoni,M,52260,9999-01-01
24432,Jackson,Vakili,F,74287,9999-01-01
24409,Eckart,Puoti,M,40000,9999-01-01
24423,Seshu,Feinberg,M,73857,9999-01-01
24457,Alain,Merkl,F,40000,9999-01-01
24428,Moie,Lunn,F,40000,9999-01-01
24429,Murthy,Anger,M,70034,9999-01-01
24459,Masako,Puoti,F,41215,9999-01-01
24460,Yinghua,Lanphier,M,69794,9999-01-01
24472,Behnaam,Oehlmann,M,76011,9999-01-01
24617,Ramachenga,Cullers,M,40000,9999-01-01
24486,Kerhong,Quaggetto,F,61923,9999-01-01
24497,Jackson,Rando,F,40000,9999-01-01
24646,Patricia,Takkinen,M,50383,9999-01-01
24657,Berna,Silva,M,40000,9999-01-01
24503,Anyuan,Kusakari,M,40000,9999-01-01
24666,Leif,Birsak,F,67836,9999-01-01
24508,Uzi,Penn,F,66662,9999-01-01
24680,Garnet,Takkinen,M,46522,9999-01-01
24682,Nigel,Ginesta,M,40000,9999-01-01
24522,Shunichi,Hopewell,M,40000,9999-01-01
24690,Eldridge,Ghazalie,F,63340,9999-01-01
24696,Ohad,Munoz,F,40000,9999-01-01
24701,Raimond,Zeleznik,F,40000,9999-01-01
24705,Luisa,Jervis,M,83320,9999-01-01
24525,Ronnie,Gelosh,M,40000,9999-01-01
24720,Owen,Zirintsis,F,58014,9999-01-01
24526,Ayonca,Sudbeck,M,40981,9999-01-01
24725,Yechezkel,Openshaw,M,70008,9999-01-01
24727,Akeno,Gecseg,M,59984,9999-01-01
24728,Margo,Trumbly,M,53750,9999-01-01
24533,Shigenori,Erman,M,49362,9999-01-01
24746,Tianruo,Tsukuda,F,60533,9999-01-01
24748,Tua,Perng,F,56646,9999-01-01
24752,Fan,Mersereau,F,43763,9999-01-01
24767,Kiyokazu,Pagter,F,40000,9999-01-01
24775,Ziyad,Spelt,M,40000,9999-01-01
24781,Yefim,Xiaoshan,F,40000,9999-01-01
24790,Kiyokazu,Chachaty,F,78040,9999-01-01
24793,Kristen,Brizzi,M,66663,9999-01-01
24534,Berni,Morton,F,40000,9999-01-01
24823,Garnet,Walstra,F,60223,9999-01-01
24829,Dietrich,Wiegley,F,47574,9999-01-01
24556,Ziva,Boyle,M,78072,9999-01-01
24846,Suvo,Iwayama,M,40000,9999-01-01
24559,Armond,Zeleznik,M,83718,9999-01-01
24855,Dung,Lund,M,40000,9999-01-01
24572,Hirochika,Setlzner,M,63273,9999-01-01
24862,Susumu,Muntz,F,82129,9999-01-01
24581,Jouni,Roccetti,F,61538,9999-01-01
24872,Oguz,Decaestecker,M,89311,9999-01-01
24588,Huiqun,Kranzdorf,F,104465,9999-01-01
24879,Subhash,Schaap,M,63435,9999-01-01
24596,Ayonca,Stranks,M,68819,9999-01-01
24881,Shin,Sadowsky,M,40000,9999-01-01
24613,Hitofumi,Stifter,M,72578,9999-01-01
24888,Murthy,Felder,F,90268,9999-01-01
24891,Sham,Danner,F,40000,9999-01-01
24896,Gen,McConalogue,M,40000,9999-01-01
25003,Dietrich,Benzmuller,M,85160,9999-01-01
24909,Constantine,Garrabrants,M,74552,9999-01-01
24915,Morris,Liedekerke,F,59866,9999-01-01
25004,Youpyo,Schurmann,F,58960,9999-01-01
24925,Gennady,Thebaut,M,60601,9999-01-01
24932,Charmane,Erbe,F,73521,9999-01-01
24934,Carrsten,Bruckman,M,40000,9999-01-01
25007,Dipankar,Showalter,F,40000,9999-01-01
24937,Syozo,Carrera,F,40000,9999-01-01
24939,Shuho,Angot,M,43476,9999-01-01
25016,Danny,Asrin,F,40000,9999-01-01
24951,Fayez,Kirkerud,M,41297,9999-01-01
24954,Foong,Swick,M,64934,9999-01-01
24963,Cathie,Redmiles,M,47590,9999-01-01
25019,Lech,Kadhim,M,40000,9999-01-01
25020,Kazuhiro,Lores,F,50459,9999-01-01
24976,Khun,Vakili,M,67727,9999-01-01
24985,Martins,Bottner,M,73662,9999-01-01
25022,Zengping,Hiroyama,M,62723,9999-01-01
25037,Adib,Magliocco,F,63524,9999-01-01
25046,Mart,Cyre,M,55583,9999-01-01
25210,Arumugam,Kumaresan,M,40000,9999-01-01
25050,Jahangir,Fraisse,M,40000,9999-01-01
25220,Shuho,Mullainathan,M,40000,9999-01-01
25222,Weicheng,Ananiadou,F,45419,9999-01-01
25225,Abdelaziz,Vrecion,M,63803,9999-01-01
25244,Ayonca,Rosay,M,40000,9999-01-01
25254,Matt,Peek,M,61383,9999-01-01
25255,Heng,Erdi,F,84701,9999-01-01
25070,Morris,Fortenbacher,M,51459,9999-01-01
25269,Kazuhiko,Hainaut,M,62306,9999-01-01
25282,Gladys,Papadias,M,43928,9999-01-01
25084,Alenka,Jullig,M,61168,9999-01-01
25085,Tran,Usery,M,69009,9999-01-01
25108,Wanqing,Eterovic,F,53886,9999-01-01
25299,Remzi,Binding,F,48887,9999-01-01
25302,Susanna,Minakawa,F,40162,9999-01-01
25112,Muneo,Haraldson,F,68760,9999-01-01
25308,Abdelaziz,Mayerwieser,M,40000,9999-01-01
25117,Masamitsu,Cichocki,M,50673,9999-01-01
25138,Guadalupe,Marrakchi,M,40000,9999-01-01
25327,Mohamadou,Miculan,M,53164,9999-01-01
25335,Etsuo,Itzfeldt,M,40000,9999-01-01
25339,Brewster,Bale,M,40000,9999-01-01
25139,Aloke,Jiang,M,51419,9999-01-01
25350,Boriana,Sommer,F,40000,9999-01-01
25352,Moie,Ranta,M,40000,9999-01-01
25145,Serge,Ashish,F,40000,9999-01-01
25154,Eldridge,Eugenio,M,40000,9999-01-01
25167,Flemming,Delaune,M,40000,9999-01-01
25362,Falguni,Ponthieu,M,52215,9999-01-01
25363,Ipke,Moehrke,M,40000,9999-01-01
25541,Mohua,Danley,M,40716,9999-01-01
25370,Jagoda,Puoti,M,72462,9999-01-01
25371,Goh,Ishibashi,F,40000,9999-01-01
25376,Nathan,Panienski,M,45803,9999-01-01
25379,Eric,Mullainathan,F,59373,9999-01-01
25546,Charmane,Engelmann,M,40000,9999-01-01
25391,Hatsukazu,Billawala,M,40000,9999-01-01
25393,Claudi,Frijda,F,65677,9999-01-01
25401,Arunachalam,Francisci,F,58499,9999-01-01
25547,Krassimir,Ranum,M,40000,9999-01-01
25406,Dung,Improta,M,40000,9999-01-01
25412,Berna,Rotem,M,43360,9999-01-01
25462,Vasilii,Rohrbach,M,40000,9999-01-01
25475,Flemming,Fujisaki,M,40000,9999-01-01
25479,Paddy,Tchuente,M,41726,9999-01-01
25491,Annemarie,Rosis,M,44737,9999-01-01
25495,Stein,Lakshmanan,F,58845,9999-01-01
25497,Mitsuyuki,Varman,M,40000,9999-01-01
25504,Pramod,Servi,F,40000,9999-01-01
25514,Sushant,Homond,M,58733,9999-01-01
25520,Sajjad,Rubsam,M,40000,9999-01-01
25521,Chanjung,Raney,M,52752,9999-01-01
25537,Akeel,Ibel,F,103268,9999-01-01
25550,Shaz,Haddadi,F,40000,9999-01-01
25562,Bernardo,Menhardt,F,62196,9999-01-01
25730,Shao,Monarch,M,67870,9999-01-01
25732,Shounak,Ducloy,M,41037,9999-01-01
25738,Yuchang,McClure,M,75043,9999-01-01
25755,Aria,Setiz,M,40000,9999-01-01
25573,Trygve,Bahi,F,65382,9999-01-01
25761,Hugo,Lundstrom,F,55770,9999-01-01
25765,Demin,Suermann,F,56143,9999-01-01
25771,Sibyl,Passino,F,40000,9999-01-01
25772,Greger,Marrevee,M,51275,9999-01-01
25777,Leucio,Famili,F,44614,9999-01-01
25599,Masoud,Pillow,F,82038,9999-01-01
25790,Suebskul,Plump,M,59606,9999-01-01
25794,Ymte,Prenel,F,64431,9999-01-01
25795,Claudi,Erie,M,40000,9999-01-01
25797,Morrie,Nooteboom,M,40000,9999-01-01
25600,Jinpo,McClurg,F,87210,9999-01-01
25603,Kwangsub,Desikan,F,62162,9999-01-01
25801,Genta,Trogemann,M,52478,9999-01-01
25804,Krisda,Vesna,F,42937,9999-01-01
25615,Aria,Strehl,F,55339,9999-01-01
25811,Fen,Ranze,F,48112,9999-01-01
25632,Arunachalam,Ramamoorthy,M,56685,9999-01-01
25828,Selwyn,Perly,F,40000,9999-01-01
25835,Maria,Poehlman,M,40000,9999-01-01
25633,Haldon,Azumi,M,43726,9999-01-01
25839,Ewing,Simkin,F,40000,9999-01-01
25841,Shahab,Ernst,F,58556,9999-01-01
25643,Adin,Peak,F,60206,9999-01-01
25858,Tzu,Hitomi,M,40000,9999-01-01
25859,Subhrajyoti,Vasanthakumar,F,44460,9999-01-01
25644,Kwangho,Straney,M,58794,9999-01-01
25862,Khaled,Tasistro,F,40000,9999-01-01
25866,Tadanori,Nannarelli,M,58319,9999-01-01
25867,Mamdouh,Ernst,F,69313,9999-01-01
25656,Eben,Narwekar,F,40000,9999-01-01
25873,Yakichi,Codenie,M,40000,9999-01-01
25880,Zhanqiu,Pintelas,F,40000,9999-01-01
25882,Aleksander,Pellegrinelli,M,83732,9999-01-01
25885,Takanari,Zockler,F,55643,9999-01-01
25670,Youssef,Chvatal,M,40000,9999-01-01
25673,Ottavia,Azulay,F,44111,9999-01-01
25685,Shalesh,Sommer,F,48843,9999-01-01
25692,Lein,Unno,M,40000,9999-01-01
25918,Yoshimitsu,Iisaka,M,58774,9999-01-01
25717,Froduald,Speek,M,66977,9999-01-01
25935,Berhard,Parascandalo,F,72520,9999-01-01
25937,Angus,Bodoff,F,40000,9999-01-01
25939,Shen,Setiz,F,58709,9999-01-01
26102,Mechthild,Eldridge,M,62902,9999-01-01
25952,Zito,Kalloufi,M,64988,9999-01-01
25963,Jiakeng,Fandrianto,F,68178,9999-01-01
25972,Demos,Escriba,F,44564,9999-01-01
25979,Monique,Yemenis,F,61616,9999-01-01
25980,Otilia,Vanwelkenhuysen,F,40000,9999-01-01
26106,Fumiya,Halevi,F,49105,9999-01-01
25990,Suzette,Kroll,M,40000,9999-01-01
25992,Divier,Bugrara,M,60761,9999-01-01
25993,Kazuhiro,Luft,M,49060,9999-01-01
26110,Lorien,Veevers,M,45294,9999-01-01
26005,Ohad,Vidya,M,40000,9999-01-01
26111,Tru,Spataro,F,60490,9999-01-01
26012,Eric,Marwedel,F,41765,9999-01-01
26112,Zhiguo,Sadowski,F,52959,9999-01-01
26020,Deborah,Moffat,M,40000,9999-01-01
26113,Larisa,Brandsma,M,79099,9999-01-01
26027,Conal,Hellwagner,F,40000,9999-01-01
26119,Akeno,Vesna,F,40000,9999-01-01
26037,Radhika,Gadepally,F,43940,9999-01-01
26043,Ortrun,Zielinski,M,40000,9999-01-01
26121,Ipke,Krichel,M,40000,9999-01-01
26126,Gal,Candan,M,62077,9999-01-01
26053,Heekeun,Szmurlo,F,78218,9999-01-01
26144,Kamakshi,Khasidashvili,F,66843,9999-01-01
26153,Reuven,Bernini,M,40000,9999-01-01
26086,Turgut,Beutelspacher,M,53923,9999-01-01
26088,Theron,Woycyznski,M,40000,9999-01-01
26162,Yechiam,Grospietsch,F,53817,9999-01-01
26172,Sedat,Bahr,M,51715,9999-01-01
26185,Pramod,Dulin,M,40000,9999-01-01
26283,Abdulla,Feldmann,M,40000,9999-01-01
26285,Divine,Lupu,F,42133,9999-01-01
26289,Baoqiu,Michaels,M,44134,9999-01-01
26300,Marin,Gomatam,M,45251,9999-01-01
26313,Guoxiang,Perri,M,45004,9999-01-01
26315,Adil,Schnabel,M,40000,9999-01-01
26317,Valdiodio,Weedman,F,85740,9999-01-01
26188,Karlis,Hartvigsen,M,47055,9999-01-01
26192,Geoffry,Tetzlaff,M,55928,9999-01-01
26221,Ashish,Straney,M,40000,9999-01-01
26344,Duke,Sabnani,M,61884,9999-01-01
26359,Jagoda,Covnot,M,40000,9999-01-01
26369,Kiyotoshi,Sewelson,F,51127,9999-01-01
26232,Rosli,Slutz,M,40000,9999-01-01
26378,Huiqun,Streng,F,40000,9999-01-01
26379,Falguni,Hutton,M,56819,9999-01-01
26384,Macha,Picci,F,40000,9999-01-01
26385,Brigham,Peral,F,66888,9999-01-01
26391,Baoqiu,Kermarrec,M,59753,9999-01-01
26252,Haldun,Flowers,F,82085,9999-01-01
26396,Jinxi,Bresenham,F,53684,9999-01-01
26402,Nathan,Pietracaprina,M,53570,9999-01-01
26254,Yuichiro,Rousseau,F,40000,9999-01-01
26256,Faiza,Michaels,M,61641,9999-01-01
26429,Dipayan,Brizzi,F,40000,9999-01-01
26264,Sachio,Speckmann,M,64582,9999-01-01
26441,Tesuya,Halloran,F,53388,9999-01-01
26272,Zorica,Marakhovsky,F,40000,9999-01-01
26446,Somnath,Kitsuregawa,M,40000,9999-01-01
26661,Kazunori,Borstler,F,45294,9999-01-01
26470,Toshimi,Danley,M,40000,9999-01-01
26474,Angel,Peng,M,60255,9999-01-01
26667,Moon,Schrift,M,47240,9999-01-01
26483,Shunichi,Manders,M,42181,9999-01-01
26486,Taegyun,Simkin,M,49938,9999-01-01
26488,Zdislav,Perly,M,63394,9999-01-01
26668,Berhard,Bahk,F,40000,9999-01-01
26682,Yucai,Baezner,M,71340,9999-01-01
26504,Chiranjit,Segond,F,47638,9999-01-01
26508,Divier,Sambasivam,F,74639,9999-01-01
26543,Zhonghua,Koyama,M,40000,9999-01-01
26598,Falguni,Birsak,M,40000,9999-01-01
26599,Katsuo,Armand,M,40000,9999-01-01
26623,Berni,Barbanera,M,86569,9999-01-01
26683,Kayoko,Covnot,F,40000,9999-01-01
26639,Guadalupe,Weiland,F,67344,9999-01-01
26692,Taisook,Cools,M,65459,9999-01-01
26709,Narain,Marchegay,F,46944,9999-01-01
26846,Ewing,Chinal,F,64015,9999-01-01
26856,Kazuhiko,Cooke,M,50395,9999-01-01
26869,Jasminko,Vecchio,F,64525,9999-01-01
26871,Marco,Perry,F,64463,9999-01-01
26875,Toshiko,Thombley,F,54597,9999-01-01
26892,Brigham,Luan,F,41272,9999-01-01
26714,Sadun,Pelc,M,40000,9999-01-01
26896,Salvador,Argence,F,47937,9999-01-01
26902,Reinhold,Welham,M,71381,9999-01-01
26903,Xumin,Tischendorf,M,40000,9999-01-01
26905,Fatemeh,Markovitch,F,71078,9999-01-01
26906,Conor,Koyama,M,40000,9999-01-01
26911,Ramya,Bottner,M,40000,9999-01-01
26715,Dhritiman,Baby,M,69180,9999-01-01
26733,Kauko,Yetto,F,40000,9999-01-01
26955,Elvis,Tanemo,M,40000,9999-01-01
26958,Juichirou,Raoux,M,45702,9999-01-01
26960,Zhenbing,Delgrossi,F,40000,9999-01-01
26976,Muzhong,Sommen,F,71078,9999-01-01
26990,Ranga,Gihr,M,40000,9999-01-01
26995,Sumali,Gyimothy,F,40000,9999-01-01
26999,Snehasis,Worfolk,M,40000,9999-01-01
27008,Turgut,Gluchowski,F,62222,9999-01-01
26747,Macha,McDermid,M,40699,9999-01-01
26750,Baziley,Denis,M,70070,9999-01-01
27023,Jinpo,Falster,F,40000,9999-01-01
27024,Zijian,Bennis,F,70255,9999-01-01
26752,Deniz,Zockler,M,40000,9999-01-01
26769,Jinxi,Conti,M,66776,9999-01-01
27039,Henk,Sullins,F,45513,9999-01-01
27044,Chuanyi,Zaiane,M,43197,9999-01-01
27045,Teruyuki,Merks,M,40000,9999-01-01
27047,Torsten,Hartvigsen,F,58869,9999-01-01
27055,Yaghout,Dulay,F,40160,9999-01-01
27056,Leen,Hiyoshi,M,74261,9999-01-01
26770,Ibibia,Ghelli,M,53125,9999-01-01
27065,Roded,Eugenio,M,44482,9999-01-01
26808,Jeanne,DuCasse,M,86652,9999-01-01
27096,Rayond,Tyugu,F,44992,9999-01-01
27107,Lansing,Murtha,M,40000,9999-01-01
27112,Yechezkel,Anily,M,40000,9999-01-01
26811,Prodip,Farrow,F,73589,9999-01-01
27117,Shirish,Eugenio,M,40000,9999-01-01
27118,Anestis,Azadmanesh,M,40000,9999-01-01
26812,Licheng,Noriega,F,42793,9999-01-01
26828,Maha,Haddadi,M,78666,9999-01-01
27130,Kazuhira,Rathonyi,M,40000,9999-01-01
26831,Yucel,Pagter,F,59906,9999-01-01
26833,Hirochika,Gustavson,M,62956,9999-01-01
27221,Syozo,Rosar,F,86287,9999-01-01
27193,Dulce,Nivat,M,55338,9999-01-01
27202,Takanari,Rouquie,F,40000,9999-01-01
27203,Conal,Aloia,F,57122,9999-01-01
27223,Noritoshi,Delgrossi,M,65810,9999-01-01
27236,Kotesh,Wegerle,F,40000,9999-01-01
27241,Mayuri,Erez,F,40000,9999-01-01
27396,Brendon,Zykh,M,55838,9999-01-01
27403,Mamdouh,Hiroyama,M,62351,9999-01-01
27249,Martins,Kushnir,F,51002,9999-01-01
27412,Shigeaki,Boguraev,M,61079,9999-01-01
27413,Phuoc,Aamodt,F,55604,9999-01-01
27416,Subir,Ratnaker,M,69385,9999-01-01
27254,Trygve,Sewelson,F,40000,9999-01-01
27429,Nahid,Plotkin,M,43877,9999-01-01
27255,Yannis,Kropf,F,77797,9999-01-01
27272,Kwan,Genin,M,83908,9999-01-01
27441,Kitty,Demian,M,40000,9999-01-01
27446,Heon,Levergood,F,50327,9999-01-01
27460,Chikara,Munck,M,75794,9999-01-01
27273,Alassane,Jeong,F,40000,9999-01-01
27463,Masaki,McDermid,M,69431,9999-01-01
27281,Leaf,Bahi,F,40026,9999-01-01
27295,Marc,Orlowska,M,62985,9999-01-01
27492,Guoxiang,Provine,F,40000,9999-01-01
27496,Marke,Angelov,M,40000,9999-01-01
27298,Stepehn,Loncour,M,55080,9999-01-01
27511,Jiann,Perelgut,M,56672,9999-01-01
27311,Gil,Schnabel,F,40000,9999-01-01
27528,Martijn,Baranowski,M,60021,9999-01-01
27540,Hein,Yeung,M,79186,9999-01-01
27319,Adin,Bashian,M,53917,9999-01-01
27548,Slavian,Riexinger,M,84954,9999-01-01
27325,Kauko,Baer,M,40000,9999-01-01
27557,Teunis,Oxman,M,75640,9999-01-01
27566,Annemarie,Kobuchi,F,43878,9999-01-01
27330,Cedric,Lowrie,F,58562,9999-01-01
27332,Charmane,Merey,M,50065,9999-01-01
27337,Mads,Undy,M,76666,9999-01-01
27357,Tsvetan,Schmiedel,F,50247,9999-01-01
27580,Mona,Haumacher,M,41048,9999-01-01
27365,Mang,Morris,M,55807,9999-01-01
27604,Yuguang,Sudbeck,F,65633,9999-01-01
27367,Mokhtar,Junet,M,43757,9999-01-01
27368,Dipayan,Keustermans,F,67825,9999-01-01
27619,Ronghao,Poulakidas,M,40000,9999-01-01
27369,Cedric,Chinen,F,60493,9999-01-01
27626,Vishu,Flanders,M,55682,9999-01-01
27628,Stafford,Blokdijk,M,40000,9999-01-01
27373,Jiafu,Varman,F,47814,9999-01-01
27642,Muneo,Zockler,F,55756,9999-01-01
27374,Sham,Brattka,M,40000,9999-01-01
27377,Mara,Gils,F,84481,9999-01-01
27652,Jacqueline,Matteis,M,65541,9999-01-01
27654,Sajjan,Morris,M,40000,9999-01-01
27381,Eirik,Ambroszkiewicz,M,42709,9999-01-01
27765,Shushma,Litvinov,M,54079,9999-01-01
27670,Yolla,Merey,M,56308,9999-01-01
27671,JiYoung,Flasterstein,M,40000,9999-01-01
27677,Mohammed,Peak,F,40000,9999-01-01
27687,Ronghao,Baumann,M,59878,9999-01-01
27703,Mahmut,Douceur,F,60307,9999-01-01
27772,Shahaf,Salvesen,F,78337,9999-01-01
27708,Dayanand,Gill,F,40000,9999-01-01
27711,Leaf,Goodrum,M,61350,9999-01-01
27780,Siamak,Simkin,M,50109,9999-01-01
27730,Uinam,Perng,F,58624,9999-01-01
27732,Girolamo,Facello,M,48552,9999-01-01
27781,Qiwen,Wielonsky,F,62986,9999-01-01
27739,Youssef,Piancastelli,F,65487,9999-01-01
27786,Lijia,Taubman,F,40000,9999-01-01
27749,Katsuyuki,Biros,M,75591,9999-01-01
27787,Xinglin,Bondorf,M,40000,9999-01-01
27756,Stevo,Suwa,F,67919,9999-01-01
27759,Subhada,Spelt,F,40000,9999-01-01
27797,Kazuhisa,Botman,F,80542,9999-01-01
27801,Naraig,Danecki,F,49614,9999-01-01
27953,Katsuyuki,Eiter,M,58600,9999-01-01
27958,Uno,Hasham,F,40000,9999-01-01
27959,Moheb,Dusink,M,41635,9999-01-01
27961,Wojceich,Murtafg,M,40000,9999-01-01
27968,Harngdar,England,M,40000,9999-01-01
27975,Remmert,Rehfuss,F,40000,9999-01-01
27978,Sedat,Unni,F,48155,9999-01-01
27988,Armond,Etalle,M,40000,9999-01-01
27995,Yunming,Serre,M,40000,9999-01-01
28008,Shugo,Luit,M,40000,9999-01-01
28027,Kagan,Wallrath,F,43739,9999-01-01
28074,Shmuel,Syrotiuk,M,73538,9999-01-01
28076,Suzette,Pelc,M,69666,9999-01-01
28079,Rimon,Salvesen,M,45156,9999-01-01
28082,Michaela,Sudbeck,M,48193,9999-01-01
27837,Branimir,Chachaty,F,48325,9999-01-01
28104,Dmitry,Marsiglia,F,40000,9999-01-01
28127,Minghong,Veevers,M,60672,9999-01-01
27843,Bedir,Speek,F,45565,9999-01-01
27848,Tooru,Bednarek,F,57650,9999-01-01
27854,Yurii,Unni,F,40000,9999-01-01
28139,Theron,Merkl,M,40000,9999-01-01
28143,Adin,Teitelbaum,M,50403,9999-01-01
28146,Niteen,Azadmanesh,M,65417,9999-01-01
28149,Sandeepan,Gulik,M,40000,9999-01-01
27856,Lokesh,Holburn,M,40000,9999-01-01
27880,Yinlin,Poujol,F,51080,9999-01-01
28161,Kwan,Nicolson,F,86867,9999-01-01
28165,Sanjit,Lorch,M,52169,9999-01-01
28171,Filipe,Setlzner,F,40000,9999-01-01
27883,Woody,Nilsson,M,40000,9999-01-01
27884,Kristina,Zucker,M,61284,9999-01-01
27888,Berna,Birta,M,44357,9999-01-01
28207,Sakthirel,Ebeling,M,70931,9999-01-01
28208,Tristan,Lienhardt,M,41234,9999-01-01
28209,Gadiel,Millington,M,55371,9999-01-01
27899,Kristen,Hebert,F,82598,9999-01-01
27905,Monique,Barinka,F,40000,9999-01-01
28240,Reuven,Lorcy,M,68969,9999-01-01
28242,Thodoros,Vasanthakumar,M,86610,9999-01-01
27910,Gil,Haumacher,F,45887,9999-01-01
27914,Valter,Businaro,M,40000,9999-01-01
27926,Mats,Huttel,M,40000,9999-01-01
28281,Adhemar,Oxenboll,M,101359,9999-01-01
28283,Quingbo,Dulay,F,61549,9999-01-01
27939,Seongbae,Axelband,M,44292,9999-01-01
28288,Martijn,Niizuma,F,40000,9999-01-01
28298,Holgard,Ritcey,F,79373,9999-01-01
28306,Wilmer,Papsdorf,M,42741,9999-01-01
28318,Teunis,Whitcomb,M,40000,9999-01-01
28315,Hideo,Servi,F,44797,9999-01-01
28321,Heather,Oehlmann,M,63173,9999-01-01
28501,Nagui,Viele,M,40000,9999-01-01
28322,Premal,Millington,F,51484,9999-01-01
28504,Boalin,Peng,F,68605,9999-01-01
28510,Subhankar,Desikan,M,59021,9999-01-01
28327,Pascal,Welham,M,43771,9999-01-01
28511,Shugo,Pero,F,40000,9999-01-01
28330,Weidon,Hagimont,M,40000,9999-01-01
28525,Dannz,Highland,M,68550,9999-01-01
28528,Sariel,Veccia,M,42429,9999-01-01
28529,Mabo,Griswold,F,45642,9999-01-01
28344,Fan,Barriga,F,72407,9999-01-01
28542,Ferdinand,Guardalben,F,40000,9999-01-01
28345,Tamiya,Seghrouchni,F,69757,9999-01-01
28555,Kankanahalli,Wendorf,M,83282,9999-01-01
28350,Theron,Heusch,M,70661,9999-01-01
28565,Rosalie,Bain,F,77381,9999-01-01
28354,Geoffrey,Prochazka,M,73846,9999-01-01
28358,Constantino,Salinas,F,69377,9999-01-01
28596,Perla,Porotnikoff,M,81312,9999-01-01
28359,Kshitij,Stellhorn,M,50744,9999-01-01
28600,Mingzeng,Whitcomb,F,59057,9999-01-01
28366,Abdelwaheb,Falster,M,62653,9999-01-01
28613,Giao,Stemann,M,43165,9999-01-01
28373,Steen,Bhattacharjee,M,100154,9999-01-01
28619,Pragnesh,Majewski,F,85927,9999-01-01
28627,Serge,Plumb,F,51711,9999-01-01
28628,Zhonghui,Zyda,M,40000,9999-01-01
28631,Dmitry,Marletta,F,78423,9999-01-01
28632,Arne,Boreale,F,40000,9999-01-01
28382,Mihalis,Zuberek,F,40000,9999-01-01
28653,Pranay,Flanders,F,40000,9999-01-01
28383,Gladys,Chimia,M,69090,9999-01-01
28385,Filipp,Conia,M,58947,9999-01-01
28673,Carrsten,Zultner,M,40000,9999-01-01
28386,Snehasis,Spelt,M,60977,9999-01-01
28677,Terresa,Gunderson,M,40000,9999-01-01
28391,Elvia,Brlek,M,40000,9999-01-01
28394,Gaetan,Emiris,F,40000,9999-01-01
28404,Francesca,Schicker,M,61697,9999-01-01
28687,Ulf,Ghazalie,F,78825,9999-01-01
28689,Jessie,Lores,F,81307,9999-01-01
28411,Weicheng,Yavatkar,F,79294,9999-01-01
28703,Tremaine,Remmele,M,40000,9999-01-01
28413,Nadjib,Brodie,M,40000,9999-01-01
28414,Juichirou,Azadmanesh,F,40000,9999-01-01
28714,Arco,Poehlman,M,40000,9999-01-01
28715,Bikash,Fordan,M,40000,9999-01-01
28716,Kristian,Hertweck,M,62924,9999-01-01
28418,Sachio,Suermann,M,51567,9999-01-01
28726,Marie,Veldwijk,F,54207,9999-01-01
28422,Eckart,Cmelik,M,42779,9999-01-01
28734,Arvind,Heydon,F,83827,9999-01-01
28739,Elliott,Wixon,F,68199,9999-01-01
28432,Manton,Validov,M,40000,9999-01-01
28746,Steve,Maquelin,F,42912,9999-01-01
28750,Guangming,Speckmann,M,56693,9999-01-01
28753,Leaf,Lichtner,M,73262,9999-01-01
28755,Xiahua,Cmelik,M,40000,9999-01-01
28757,Branimir,Poupard,F,40000,9999-01-01
28440,Cordelia,Tomescu,M,52279,9999-01-01
28770,Abdelghani,Farris,M,49773,9999-01-01
28773,Tomokazu,Polupanov,F,40000,9999-01-01
28444,Harjit,Henseler,M,58330,9999-01-01
28779,Fayez,Bottner,F,68120,9999-01-01
28782,Marl,Yemenis,F,48475,9999-01-01
28794,Kyoichi,Peron,M,40000,9999-01-01
28447,Anneke,Ghelli,F,40000,9999-01-01
28478,Chiradeep,Simmen,M,40000,9999-01-01
28811,Cristinel,Vrecion,M,56023,9999-01-01
28818,Hongzhu,Panienski,M,40000,9999-01-01
28827,Hugh,Heydon,M,51130,9999-01-01
28855,Shan,Heering,F,56014,9999-01-01
28487,Ziva,Alblas,M,71338,9999-01-01
28867,Shahar,Awdeh,M,60339,9999-01-01
28490,Marsal,Jervis,F,40932,9999-01-01
29059,Arumugam,Legleitner,M,57837,9999-01-01
28873,Toshimo,Attimonelli,M,40000,9999-01-01
28881,Masaki,Rosin,M,43881,9999-01-01
29063,Mary,Seuren,M,41782,9999-01-01
28890,Lijie,Puoti,M,40000,9999-01-01
28891,Susanna,Krohn,F,40000,9999-01-01
29071,Jaideep,Hennings,M,55949,9999-01-01
28922,Xiadong,Willoner,M,40000,9999-01-01
28933,Alain,Bernick,M,40000,9999-01-01
28958,Angel,Wossner,M,61697,9999-01-01
28962,Wuxu,Gini,M,40000,9999-01-01
28966,Shakhar,Zirintsis,M,40000,9999-01-01
28968,Shalesh,Gerteisen,M,62182,9999-01-01
28969,Ute,Sinitsyn,M,40000,9999-01-01
28972,Jianhao,Radivojevic,F,75895,9999-01-01
28976,Kazuhiko,Aingworth,F,40000,9999-01-01
28981,Dipayan,Bernardinello,M,40000,9999-01-01
28983,Mohammed,Luca,M,40000,9999-01-01
28993,Domenick,Rijckaert,M,65380,9999-01-01
28997,Persi,Ramsay,M,66934,9999-01-01
29017,Mats,Pews,M,43050,9999-01-01
29024,Qunsheng,Itzigehl,F,41232,9999-01-01
29026,Parto,Byoun,F,40000,9999-01-01
29030,Nikolaus,Heiserman,M,66552,9999-01-01
29032,Mizuhito,Rassart,M,61256,9999-01-01
29052,Doowon,Azulay,M,40000,9999-01-01
29243,Sibyl,Koyama,M,54488,9999-01-01
29250,Radoslaw,Besancenot,M,60178,9999-01-01
29256,Mountaz,Schiettecatte,F,41599,9999-01-01
29284,Aloys,Hofman,M,59542,9999-01-01
29317,Navin,Conia,M,40000,9999-01-01
29329,Takushi,Sooriamurthi,M,58949,9999-01-01
29342,Moti,Muniz,M,40000,9999-01-01
29361,LiMin,McDermid,M,40000,9999-01-01
29366,Domenico,Ohori,F,54398,9999-01-01
29372,Parke,Chinin,F,40000,9999-01-01
29387,Roddy,Saoudi,M,81501,9999-01-01
29389,Takushi,Swist,F,40000,9999-01-01
29390,Mang,Crooks,M,40000,9999-01-01
29407,Reuven,Strandh,M,40000,9999-01-01
29419,Kendra,Scharstein,M,51369,9999-01-01
29425,Mingdong,Muntz,F,40000,9999-01-01
29077,Candida,Tagansky,M,41624,9999-01-01
29080,Panayotis,Shumilov,M,46519,9999-01-01
29436,Godehard,Schnelling,M,52520,9999-01-01
29101,Jouni,Salverda,M,40000,9999-01-01
29442,Horward,Piazza,M,52113,9999-01-01
29465,Kshitij,Ramsay,M,82584,9999-01-01
29468,Ramya,Bojadziev,M,40000,9999-01-01
29469,Rafael,Cmelik,F,46713,9999-01-01
29105,Snehasis,Marsiglia,M,52645,9999-01-01
29120,Parto,Bergere,F,85465,9999-01-01
29485,Ortrun,Shobatake,M,55230,9999-01-01
29486,Jouni,Gerteisen,M,61982,9999-01-01
29488,Niclas,Eastman,M,51869,9999-01-01
29495,Mizuhito,Morrey,M,70970,9999-01-01
29126,Visit,Suessmith,M,49310,9999-01-01
29507,Adel,Panwar,F,58624,9999-01-01
29133,Rafael,Peck,M,67100,9999-01-01
29511,Sadegh,Taubman,F,47419,9999-01-01
29513,Genki,Cusworth,M,43835,9999-01-01
29515,Kish,Karcich,F,40000,9999-01-01
29519,Theirry,Bahr,F,55816,9999-01-01
29520,Shunichi,Ozery,F,40000,9999-01-01
29156,Youngkon,Cyne,M,40509,9999-01-01
29524,Murthy,Engberts,M,40000,9999-01-01
29527,Adamantios,Oaver,M,58827,9999-01-01
29178,Hairong,Foong,M,50500,9999-01-01
29559,Shin,Edelhoff,F,56698,9999-01-01
29573,Kwangsub,Linnainmaa,F,84246,9999-01-01
29182,Arumugam,Aamodt,F,40000,9999-01-01
29580,Rafail,Peyn,M,42440,9999-01-01
29583,Subhada,Waymire,M,80921,9999-01-01
29190,Mahendra,Sudbeck,F,40000,9999-01-01
29594,Yolla,Ermel,M,47004,9999-01-01
29596,Geoff,Lueh,M,60429,9999-01-01
29597,Yoshinari,Codenie,F,40000,9999-01-01
29603,Kristina,Khamsi,M,68610,9999-01-01
29191,Ayakannu,Krogh,M,46650,9999-01-01
29194,Sarita,Peris,F,47274,9999-01-01
29199,Chaoyi,Mondadori,M,59549,9999-01-01
29202,Rajmohan,Roohalamini,F,56930,9999-01-01
29208,Radoslaw,Schusler,F,52370,9999-01-01
29623,Heekeun,Stille,M,40000,9999-01-01
29214,Stepehn,Schach,M,47759,9999-01-01
29222,Remzi,Trachtenberg,F,40000,9999-01-01
29228,Leszek,Guerreiro,M,40000,9999-01-01
29651,Divier,Knightly,M,68240,9999-01-01
29652,Khatoun,Chleq,M,40000,9999-01-01
29237,Gennadi,Beznosov,F,40000,9999-01-01
29659,Adel,Pokrovskii,F,45464,9999-01-01
29797,Selwyn,Krzyzanowski,M,40000,9999-01-01
29690,Eran,Fioravanti,M,90555,9999-01-01
29802,Herb,Paciorek,F,40000,9999-01-01
29810,Arne,Madeira,M,56015,9999-01-01
29715,Dinah,Valette,M,63539,9999-01-01
29719,Sumant,Takkinen,M,66023,9999-01-01
29722,Aron,Flanders,M,54348,9999-01-01
29811,Erzsebet,Kohling,M,48409,9999-01-01
29729,Alassane,Bernatsky,M,87778,9999-01-01
29812,Yefim,Gimarc,M,45714,9999-01-01
29816,Kiyomitsu,Munck,M,64415,9999-01-01
29739,Danil,Comyn,M,40000,9999-01-01
29817,Florian,Sadowski,M,41810,9999-01-01
29825,Jeong,Kenevan,F,40000,9999-01-01
29759,Arif,Thimonier,M,40000,9999-01-01
29760,Jinya,Paludetto,F,68525,9999-01-01
29829,Pranjal,Pepe,M,44008,9999-01-01
29777,Dharmaraja,Muntz,M,44291,9999-01-01
29856,Yuichiro,Pardalos,M,40000,9999-01-01
29788,Radhia,Kaminger,F,50834,9999-01-01
29795,Kristine,Sessa,F,72639,9999-01-01
29871,Xiaobin,Pocchiola,M,56260,9999-01-01
29983,Lucian,Christ,M,40000,9999-01-01
29985,Marin,Roisin,M,60087,9999-01-01
29991,Aral,Rosenbaum,M,83701,9999-01-01
29877,Mingsen,Kitai,F,40000,9999-01-01
29996,Gennady,Pfau,M,40000,9999-01-01
30000,Matt,Avouris,F,58543,9999-01-01
30001,Izaskun,Morton,M,40000,9999-01-01
29902,Kasturi,Asser,M,65826,9999-01-01
30008,Tsutomu,Kalafatis,M,57431,9999-01-01
29917,Sahrah,Roohalamini,M,79167,9999-01-01
30039,Ronghao,Antonisse,F,40000,9999-01-01
29919,Goa,Kugler,M,40000,9999-01-01
29946,Shooichi,McClure,F,55355,9999-01-01
30062,Phuoc,Ertl,M,40000,9999-01-01
30075,Bojan,Zedlitz,M,55958,9999-01-01
30078,Greger,Thummel,F,44080,9999-01-01
30083,Wanqing,Burnard,M,50950,9999-01-01
30084,Jiafu,Cronin,F,66588,9999-01-01
30092,Kristof,Pusterhofer,M,73013,9999-01-01
29948,Elzbieta,Kruskal,F,40000,9999-01-01
30101,Berni,Olano,F,40000,9999-01-01
30103,Murthy,Gini,M,81159,9999-01-01
29950,Laurentiu,Vasanthakumar,F,43906,9999-01-01
30106,Zeljko,Yamaashi,F,40000,9999-01-01
29952,Jianhao,Kusakari,M,40000,9999-01-01
29955,Dannz,Bondorf,F,40000,9999-01-01
30123,Rosita,Baba,F,78638,9999-01-01
30136,Unal,Baranowski,M,40000,9999-01-01
30143,Indrajit,Huttel,M,53875,9999-01-01
30148,Lakshmi,Linnainmaa,F,68284,9999-01-01
30167,Sorina,Tiemann,M,64649,9999-01-01
30179,Shirish,Krzyzanowski,F,76390,9999-01-01
30189,Krisda,Koblick,F,40000,9999-01-01
29969,Lena,McAffer,M,40000,9999-01-01
30206,Toong,Mandelberg,F,40000,9999-01-01
30209,Yannis,Aloisi,F,89176,9999-01-01
30351,Djenana,Blokdijk,M,85423,9999-01-01
30226,Shiv,Reghbati,M,47180,9999-01-01
30241,Kensyu,Thiran,F,63819,9999-01-01
30364,Miquel,Byoun,M,40000,9999-01-01
30269,Dharmaraja,Valtorta,M,40000,9999-01-01
30274,Hironoby,Chiola,F,41486,9999-01-01
30275,Miquel,Malabarba,M,47626,9999-01-01
30372,Xiadong,Maccarone,F,41315,9999-01-01
30276,Kazuhiko,Matheson,M,40000,9999-01-01
30285,Parke,Cyre,M,40000,9999-01-01
30373,Jayesh,Vasanthakumar,F,75420,9999-01-01
30374,Xiaocheng,Reinhart,F,40000,9999-01-01
30302,Amstein,Sankaranarayanan,M,80557,9999-01-01
30380,Jianhao,Templeman,M,40000,9999-01-01
30309,Jayesh,Azevdeo,M,41215,9999-01-01
30310,Mototsugu,Senzako,M,40000,9999-01-01
30313,Srinidhi,Candan,M,63475,9999-01-01
30396,Vishv,Hmelo,M,43983,9999-01-01
30330,Caolyn,Nitsch,M,74776,9999-01-01
30331,Lene,Vuskovic,F,53126,9999-01-01
30334,Yongqiao,Atchley,M,40000,9999-01-01
30407,Toshiki,Coors,M,40000,9999-01-01
30408,Masasuke,Crelier,F,40000,9999-01-01
30410,Feiyu,Menyhert,M,70577,9999-01-01
30418,Adit,Perl,F,61205,9999-01-01
30424,Hsiangchu,Jenevein,F,54214,9999-01-01
30537,Bluma,Gini,F,40000,9999-01-01
30425,Rimli,Akazan,M,86775,9999-01-01
30546,Janalee,Oehlmann,F,50375,9999-01-01
30434,Shay,Sury,M,61097,9999-01-01
30557,Goncalo,Manders,M,40000,9999-01-01
30454,Pradeep,Plessier,F,40000,9999-01-01
30569,Haldon,Gajiwala,F,47765,9999-01-01
30571,Ziva,Bonifati,F,40000,9999-01-01
30573,Marie,Rijckaert,M,40000,9999-01-01
30577,JoAnna,Rosaz,M,47757,9999-01-01
30588,Chandrasekaran,Tokunaga,M,40000,9999-01-01
30589,Chirstian,Reistad,F,49982,9999-01-01
30466,Sumant,Giaccio,M,78285,9999-01-01
30601,Gilbert,Cyne,F,66545,9999-01-01
30606,Chuanyi,Shrader,F,50508,9999-01-01
30470,Siamak,Jayawardene,M,63439,9999-01-01
30622,Naftali,Perko,F,65210,9999-01-01
30624,Gou,Rosiles,M,66064,9999-01-01
30479,Shigenori,Kampfer,M,56666,9999-01-01
30633,Arra,Ranta,M,50009,9999-01-01
30634,Patricio,Farrel,F,45289,9999-01-01
30497,Youjian,Pettis,F,79544,9999-01-01
30644,Marlo,Hegner,M,40000,9999-01-01
30648,Macha,Chartres,M,40000,9999-01-01
30655,Xuedong,Anandan,M,74391,9999-01-01
30656,Gritta,Ranst,F,40000,9999-01-01
30663,Gurbir,Sigstam,F,69262,9999-01-01
30666,Guadalupe,Clemencon,F,48925,9999-01-01
30509,Keiichiro,Comellas,M,88983,9999-01-01
30670,Lillian,Zizka,M,70748,9999-01-01
30673,Berry,Ozeki,M,42867,9999-01-01
30679,Shushma,Gargeya,M,49164,9999-01-01
30689,Jeong,Potthoff,F,43243,9999-01-01
30525,Snehasis,Matzen,M,52728,9999-01-01
30702,Vincent,Shumilov,M,47555,9999-01-01
30705,Satoru,Teitelbaum,F,55385,9999-01-01
30727,Toshimitsu,Sury,M,85079,9999-01-01
30730,Willard,Pelc,M,105440,9999-01-01
30744,Khatoun,Fadgyas,M,46573,9999-01-01
30761,Hisao,Iisaka,F,40000,9999-01-01
30923,Chandrasekaran,Ellozy,M,52403,9999-01-01
30936,Rosalyn,Attimonelli,M,47433,9999-01-01
30948,Xinan,Lunt,M,50840,9999-01-01
30769,Berry,Frolund,M,83160,9999-01-01
30951,Alagu,Matzen,F,40000,9999-01-01
30791,Xiong,Ariola,M,40000,9999-01-01
30968,Ingemar,Karlin,F,40000,9999-01-01
30802,Keung,Bernini,F,40000,9999-01-01
30998,Zhongwei,Ebeling,M,40000,9999-01-01
30999,Yuuichi,Lorys,F,40000,9999-01-01
30819,Sachio,Asrin,F,40000,9999-01-01
31005,Ulises,Gustavson,F,60742,9999-01-01
31019,Arve,Junot,M,40000,9999-01-01
30824,Subbu,Bellone,F,49016,9999-01-01
31024,Xiadong,Ciolek,F,63217,9999-01-01
30828,Duke,Baumann,F,40000,9999-01-01
31036,Vivian,Orlowski,M,40000,9999-01-01
30831,Arno,Kermarrec,M,65636,9999-01-01
30833,Chaoyi,Cichocki,M,65042,9999-01-01
31058,Abdulah,Frezza,M,41299,9999-01-01
30834,Van,Erdi,M,94027,9999-01-01
31066,Sadun,Papsdorf,F,60757,9999-01-01
30846,Nidapan,Montresor,M,46544,9999-01-01
31070,Tru,Solares,F,40000,9999-01-01
31085,Venkatesan,Merks,F,45891,9999-01-01
30851,Ortrun,Castellani,F,73710,9999-01-01
31089,Kshitij,Cannane,M,40000,9999-01-01
30856,Chaosheng,Lampe,F,40000,9999-01-01
30899,Dannz,Keirsey,M,50645,9999-01-01
31104,King,Gihr,M,73276,9999-01-01
31106,Oscal,Kulisch,M,40000,9999-01-01
31119,Yishay,Menhardt,M,42252,9999-01-01
31122,Remko,Ghemri,M,40000,9999-01-01
31286,Marsha,Magliocco,F,48847,9999-01-01
31127,Mizuhito,Puppo,M,101146,9999-01-01
31128,Serif,Frolund,M,67108,9999-01-01
31131,Conal,Zolotykh,M,58256,9999-01-01
31132,Barna,Ghalwash,M,61007,9999-01-01
31146,Shaibal,Asmuth,F,52850,9999-01-01
31167,Constantijn,Reinhard,M,40000,9999-01-01
31290,Masoud,Coullard,M,40000,9999-01-01
31171,Sashi,Przulj,M,70765,9999-01-01
31292,Elgin,Terlouw,M,40000,9999-01-01
31305,Nadjib,Luiz,M,40000,9999-01-01
31189,Shounak,Erdmenger,M,54937,9999-01-01
31193,Ranan,Stranks,F,47837,9999-01-01
31196,Barry,Emmart,M,40000,9999-01-01
31318,Lorien,Bednarek,M,78626,9999-01-01
31213,Koldo,Lamparter,F,71130,9999-01-01
31220,Radoslaw,Lund,M,74531,9999-01-01
31224,Uta,Apsitis,F,64379,9999-01-01
31227,Aluzio,McConalogue,M,40000,9999-01-01
31326,Tesuya,Conta,M,40088,9999-01-01
31244,Masasuke,Rohrbach,F,48473,9999-01-01
31333,Kerhong,Jenevein,F,40000,9999-01-01
31253,Troy,Pepe,F,68111,9999-01-01
31257,Nectarios,Cherinka,F,45626,9999-01-01
31340,Gennady,Marrakchi,M,47817,9999-01-01
31263,Yurij,Pena,F,52356,9999-01-01
31493,Zhiwei,Gargeya,M,65891,9999-01-01
31495,Akhilish,Coombs,M,62324,9999-01-01
31501,Martial,Penn,F,40000,9999-01-01
31343,Heon,Denos,F,53011,9999-01-01
31344,Saddek,Gerteisen,F,80458,9999-01-01
31348,Ravishankar,Randi,F,63192,9999-01-01
31533,Trygve,Albarhamtoshy,M,68960,9999-01-01
31537,Mohd,Schahn,F,40000,9999-01-01
31362,Bikash,Straney,M,40000,9999-01-01
31543,Srinidhi,Siksek,F,56768,9999-01-01
31546,Isamu,Silva,M,81040,9999-01-01
31557,Denny,Kalafatis,F,45801,9999-01-01
31558,Shuzo,Hmelo,M,81615,9999-01-01
31563,Pradeep,Kushner,M,64202,9999-01-01
31363,Hidde,Merli,M,95246,9999-01-01
31571,Jagoda,Reutenauer,F,45695,9999-01-01
31367,Paloma,Antonakopoulos,M,40000,9999-01-01
31371,Feixiong,Hartvigsen,F,40000,9999-01-01
31587,Heather,Henseler,M,40000,9999-01-01
31593,Kamakshi,Merey,F,48653,9999-01-01
31373,Nevin,Wuwongse,F,48448,9999-01-01
31594,Abdelkader,Birta,M,40000,9999-01-01
31380,Sastry,Coullard,F,49902,9999-01-01
31385,Barry,Daescu,F,67392,9999-01-01
31390,Fei,Liedekerke,F,40000,9999-01-01
31630,Fabrizio,Businaro,F,40000,9999-01-01
31631,Tuval,Kavvadias,M,58418,9999-01-01
31634,Mohua,Rubsam,F,40000,9999-01-01
31394,Martial,Lieberherr,M,60196,9999-01-01
31641,Aram,Syrzycki,F,47195,9999-01-01
31395,Jayesh,Wursthorn,F,50280,9999-01-01
31401,Hein,Sigstam,M,69819,9999-01-01
31402,Stabislas,Cools,F,40000,9999-01-01
31404,Gererd,Narlikar,F,40000,9999-01-01
31650,Neven,Savasere,M,75830,9999-01-01
31410,Mountaz,Iwayama,M,72890,9999-01-01
31658,Byong,Aloia,F,62574,9999-01-01
31423,Otilia,Ranta,M,40000,9999-01-01
31667,Hairong,Spataro,F,44738,9999-01-01
31671,Mingdong,Trystram,M,40000,9999-01-01
31674,Jixiang,Bernini,M,47707,9999-01-01
31426,Guozhong,Polajnar,F,40000,9999-01-01
31429,Matk,Bernini,M,45192,9999-01-01
31435,Sedat,Conia,M,47164,9999-01-01
31697,Malu,Msuda,M,58839,9999-01-01
31700,Weiyi,Ranft,F,112359,9999-01-01
31702,Florian,Isard,F,59652,9999-01-01
31704,Alagu,Randt,M,45863,9999-01-01
31456,Tamiya,Rajcani,F,40390,9999-01-01
31709,Jinpo,Boissier,M,40000,9999-01-01
31719,JoAnne,Caine,M,70273,9999-01-01
31849,Chaitali,Sabnani,F,68108,9999-01-01
31738,Edwin,Unno,M,40000,9999-01-01
31740,Goo,Domenig,M,40000,9999-01-01
31741,Valeri,Kenevan,M,40000,9999-01-01
31745,Sergi,Rodham,M,40000,9999-01-01
31750,Fabrizio,DuBourdieux,M,103725,9999-01-01
31763,Tetsurou,Fadgyas,M,64009,9999-01-01
31765,Ipke,Tasistro,M,40000,9999-01-01
31770,Weiyi,Couchot,F,66188,9999-01-01
31777,Pragnesh,Kumaresan,M,40913,9999-01-01
31858,Geoffrey,Benantar,F,72004,9999-01-01
31783,Ugo,Thambidurai,M,40000,9999-01-01
31791,Saddek,Debuse,M,70715,9999-01-01
31796,Leen,Vakili,M,58553,9999-01-01
31864,Zhenbing,Bahl,F,63209,9999-01-01
31802,Murthy,Huhdanpaa,F,41583,9999-01-01
31865,Ramzi,Schade,M,40000,9999-01-01
31810,Jasminko,Gill,M,40000,9999-01-01
31811,Zine,Raney,M,79747,9999-01-01
31868,Dhritiman,Jervis,F,76175,9999-01-01
31872,Sanjay,Georgakopoulos,M,40000,9999-01-01
31824,Remko,Pezzoli,F,85053,9999-01-01
31877,Masoud,Ossenbruggen,F,40000,9999-01-01
31890,Dekang,Shiratori,M,72616,9999-01-01
31910,Koldo,Vingron,M,40000,9999-01-01
32026,Lansing,Skrikant,F,75657,9999-01-01
32027,Mong,Sidhu,M,75407,9999-01-01
32032,Harjit,Kermarrec,M,80483,9999-01-01
32037,Bader,Ozeri,M,40000,9999-01-01
31915,Kazuhide,Speckmann,F,64076,9999-01-01
32053,Arunachalam,Tiemann,F,40000,9999-01-01
32054,Kersti,Bahk,F,47349,9999-01-01
32056,Parviz,Lieblein,F,74149,9999-01-01
31929,Chanjung,Penn,M,40000,9999-01-01
32064,Mandell,Gammage,M,65677,9999-01-01
31931,Alenka,Leppanen,F,57226,9999-01-01
32089,Jianhua,Bardell,M,40000,9999-01-01
31932,Sajjan,Bernardinello,F,46960,9999-01-01
31933,Arun,Huhdanpaa,M,45733,9999-01-01
31952,Giap,Christianini,M,61327,9999-01-01
32118,Serenella,Litvinov,M,40000,9999-01-01
31956,Ziyad,Gecsei,F,59475,9999-01-01
31970,Taegyun,Zaumen,F,40000,9999-01-01
32138,Anyuan,Facello,F,61638,9999-01-01
32147,Shahaf,Basart,M,60777,9999-01-01
32150,Chenxi,Narwekar,M,71626,9999-01-01
32151,Martine,Pileggi,M,66760,9999-01-01
31999,Stabislas,Siksek,M,75988,9999-01-01
32158,Fun,Ranta,F,40000,9999-01-01
32167,Christophe,Sury,M,60044,9999-01-01
32168,Yaghout,Swick,M,40000,9999-01-01
32171,Zhaofang,Setia,M,40000,9999-01-01
32174,Mohua,Kaltofen,M,40000,9999-01-01
32180,Abdelaziz,Hofman,F,58455,9999-01-01
32193,Margareta,Szmurlo,F,76023,9999-01-01
32001,Mari,Attimonelli,F,69437,9999-01-01
32197,Claude,Highland,F,64708,9999-01-01
32200,Nalini,Sadowsky,M,42770,9999-01-01
32405,Vitaly,Haumacher,F,61565,9999-01-01
32203,Stamatina,Gulak,M,40000,9999-01-01
32204,Garnet,Leppanen,M,66340,9999-01-01
32213,Tzvetan,Bashian,M,47818,9999-01-01
32221,Pranas,Snedden,M,80099,9999-01-01
32430,Yongdong,Hellwagner,M,40000,9999-01-01
32233,Kenroku,Benveniste,F,52122,9999-01-01
32237,Yucai,Range,F,67128,9999-01-01
32239,Xumin,Cummings,M,47582,9999-01-01
32244,Mitsuyuki,Mitsuhashi,M,66180,9999-01-01
32246,Georg,Onuegbe,F,52240,9999-01-01
32251,Inderjeet,Tsukuda,M,40000,9999-01-01
32252,Marke,Bratten,F,40000,9999-01-01
32261,Bernt,Dehkordi,F,61148,9999-01-01
32433,Remzi,Hoppenstand,M,40000,9999-01-01
32269,Kannan,Cangellaris,M,41545,9999-01-01
32442,Leucio,Remmele,M,40000,9999-01-01
32444,Ioana,Ventosa,F,40518,9999-01-01
32296,Baruch,Peris,M,40000,9999-01-01
32297,Chandrasekaran,Loncour,M,54438,9999-01-01
32445,Kristian,Angelopoulos,M,43142,9999-01-01
32303,Bodh,Merli,M,56708,9999-01-01
32446,Chirstian,Magalhaes,F,40000,9999-01-01
32449,Gal,Sabnani,F,43675,9999-01-01
32340,Maria,Tiemann,M,40821,9999-01-01
32349,Hairong,DiGiano,F,71859,9999-01-01
32368,Ebru,Ravishankar,F,48784,9999-01-01
32372,Randy,Nitsch,F,40000,9999-01-01
32455,Lokesh,Brlek,M,53757,9999-01-01
32458,Conal,Uehara,F,40000,9999-01-01
32465,Yucel,Dymetman,M,40000,9999-01-01
32578,Billie,Chleq,M,48555,9999-01-01
32580,Kirk,Facello,M,46813,9999-01-01
32587,Sugwoo,Ballarin,F,40000,9999-01-01
32467,Berna,Dulay,M,40000,9999-01-01
32596,Naftaly,Gelosh,M,40000,9999-01-01
32468,Rafols,Masamoto,M,81351,9999-01-01
32481,Dipankar,Nanard,F,40000,9999-01-01
32615,Geoffrey,Sadowski,F,40000,9999-01-01
32483,Gay,Tsukune,M,49352,9999-01-01
32626,Ulf,Ambroszkiewicz,M,57195,9999-01-01
32487,Neven,Hambrick,F,56318,9999-01-01
32488,Jeanne,Merks,M,40000,9999-01-01
32641,Tua,Tetzlaff,F,54119,9999-01-01
32642,Danel,Garigliano,M,40000,9999-01-01
32499,Jouko,Hellwagner,M,45077,9999-01-01
32653,Renny,Wielonsky,M,81357,9999-01-01
32656,Boriana,Lemarechal,M,50919,9999-01-01
32505,Sailaja,Gustavson,F,63297,9999-01-01
32531,Heng,Zirintsis,M,63102,9999-01-01
32686,Ioana,Gien,F,58054,9999-01-01
32689,Gladys,Heusch,M,58830,9999-01-01
32703,DeForest,Klyachko,M,66739,9999-01-01
32540,Chrisa,Jervis,M,67316,9999-01-01
32559,Ingemar,Thombley,M,40000,9999-01-01
32724,Alselm,Janocha,F,63495,9999-01-01
32730,Charlene,Montresor,F,51368,9999-01-01
32731,Honesty,Morrey,M,40000,9999-01-01
32734,Kazuhira,Lagarias,F,40000,9999-01-01
32737,Haldon,Vuskovic,M,49513,9999-01-01
32740,Ishfaq,DuBourdieux,M,57710,9999-01-01
32563,Gritta,Larfeldt,M,40000,9999-01-01
32564,Hatem,Miake,F,40000,9999-01-01
32951,Tianruo,Hockney,M,40000,9999-01-01
32765,Yurij,Mitchem,M,40000,9999-01-01
32955,Basim,Dredge,M,59778,9999-01-01
32776,Charlene,Bodoff,M,84122,9999-01-01
32959,Ebru,Broomell,M,40000,9999-01-01
32972,Ebbe,Matzov,M,40000,9999-01-01
32796,Duke,Picaronny,M,40000,9999-01-01
32797,Martial,Ginesta,M,63195,9999-01-01
32979,Xumin,Swift,F,40000,9999-01-01
32992,Tayeb,Yamaashi,M,40000,9999-01-01
32830,Oscar,Luke,F,49425,9999-01-01
33000,Kazunori,Gustavson,M,40000,9999-01-01
32835,Wanqing,Thambidurai,F,40000,9999-01-01
33006,Saniya,Einsfeld,M,64984,9999-01-01
32849,Adib,Kornyak,M,55787,9999-01-01
33008,Keiichiro,Birnbaum,F,96870,9999-01-01
32858,Tesuro,Fioravanti,M,45763,9999-01-01
33009,Tsutomu,Chinin,F,76829,9999-01-01
32864,Anyuan,Stifter,F,49402,9999-01-01
33010,Zhonghua,Parveen,M,48000,9999-01-01
32871,DeForest,Rullman,M,68073,9999-01-01
33018,Christophe,Baer,M,47993,9999-01-01
32891,Vasilis,Ozeki,M,40000,9999-01-01
32892,Sudharsan,Pfau,M,56137,9999-01-01
33028,Salvador,Tzvieli,M,45530,9999-01-01
32901,Theirry,Hinsberger,M,40000,9999-01-01
32903,Maja,Terlouw,M,52832,9999-01-01
33076,Geoff,Ranon,M,59053,9999-01-01
32919,Lenore,Schaad,M,40000,9999-01-01
32925,Xiaoqiu,Zwicker,M,40000,9999-01-01
32928,Shigeu,Kalloufi,F,60926,9999-01-01
32931,Almudena,DasSarma,M,74697,9999-01-01
32938,Qunsheng,Perna,M,40000,9999-01-01
33079,Tomoyuki,Lampe,F,61434,9999-01-01
33126,Charmane,Marwedel,M,40000,9999-01-01
33085,Kristinn,Jullig,M,53869,9999-01-01
33137,Shietung,Ranon,M,49486,9999-01-01
33139,Duangkaew,Leppanen,F,40000,9999-01-01
33097,Kish,Fiebach,F,40000,9999-01-01
33151,Koldo,Vecchio,M,46884,9999-01-01
33106,Wonhee,Chaudhuri,M,59899,9999-01-01
33164,Marie,Levergood,F,49953,9999-01-01
33170,Huiqun,Kroon,M,40000,9999-01-01
33115,Padma,Peyn,M,44843,9999-01-01
33183,Haldun,Veldwijk,F,48354,9999-01-01
33184,Kazuhiro,Kaelbling,M,72067,9999-01-01
33186,Domenick,Hanratty,M,40000,9999-01-01
33125,Jaewon,Dulay,M,40000,9999-01-01
33191,Almudena,Hopewell,M,44876,9999-01-01
33196,Jungsoon,Gist,F,70306,9999-01-01
33313,Oguz,Staylopatis,M,40000,9999-01-01
33205,Matk,Egerstedt,F,67507,9999-01-01
33211,Prodip,DuBourdieux,M,40000,9999-01-01
33216,Zdislav,Thombley,M,68912,9999-01-01
33221,Makato,Demri,F,40000,9999-01-01
33225,Mani,Ranta,M,50864,9999-01-01
33226,Kenton,Hegner,F,64453,9999-01-01
33343,Chiradeep,Gunderson,M,81974,9999-01-01
33244,Genki,Hitomi,F,45095,9999-01-01
33248,Lucian,Cronin,M,40376,9999-01-01
33255,Alejandra,Straney,M,46539,9999-01-01
33257,Duri,Rotem,F,40000,9999-01-01
33259,Djelloul,Pietrzykowski,F,40000,9999-01-01
33383,Alois,Luga,M,40000,9999-01-01
33270,Chanjung,Ebeling,M,64195,9999-01-01
33279,Arne,Felder,F,71953,9999-01-01
33288,Hinrich,Fetvedt,F,40000,9999-01-01
33306,Tesuro,Spell,M,67855,9999-01-01
33309,Kien,Bodoff,M,73339,9999-01-01
33386,Sadok,Eiter,M,56808,9999-01-01
33399,Roded,Lorcy,M,40000,9999-01-01
33402,Leni,Carrere,M,46633,9999-01-01
33408,Shigeo,Denis,F,40000,9999-01-01
33510,Shaibal,Christ,M,57425,9999-01-01
33512,Raimond,Biran,M,46848,9999-01-01
33423,Jinpo,Koblick,M,61001,9999-01-01
33518,Perla,Birsak,F,54322,9999-01-01
33530,Toney,Garigliano,F,40000,9999-01-01
33427,Shalesh,Mitsuhashi,F,40000,9999-01-01
33470,Nechama,Potthoff,M,44293,9999-01-01
33555,Wojceich,Kawashima,F,77978,9999-01-01
33562,Shigenori,Zobel,M,40000,9999-01-01
33563,Sastry,Akazan,F,40000,9999-01-01
33574,Mabhin,McAffer,M,40000,9999-01-01
33579,Guozhong,Eickenmeyer,M,78586,9999-01-01
33591,Sugwoo,Picaronny,F,46621,9999-01-01
33472,Hsiangchu,Chvatal,F,51543,9999-01-01
33477,Shietung,Ventosa,F,42703,9999-01-01
33494,Limsoon,Gihr,M,56768,9999-01-01
33619,Brendon,Hardjono,M,40000,9999-01-01
33628,Macha,Ritcey,M,44804,9999-01-01
33631,Tonny,Ozeri,M,66795,9999-01-01
33696,Danny,Famili,M,40000,9999-01-01
33648,Giri,Denos,M,40000,9999-01-01
33649,Danil,Peng,F,40000,9999-01-01
33652,Nimmagadda,Bridgland,F,44082,9999-01-01
33655,Zvonko,Lovengreen,M,40501,9999-01-01
33675,Wojceich,Lichtman,F,40000,9999-01-01
33871,Vivian,Erdmenger,M,40000,9999-01-01
33894,Harngdar,Bratten,M,70823,9999-01-01
33907,Jaihie,Kisuki,F,67143,9999-01-01
33698,Mohan,Dalton,M,80844,9999-01-01
33913,Niteen,Binkley,F,50784,9999-01-01
33702,Selwyn,Nannarelli,F,42705,9999-01-01
33923,Chinhyun,Argence,F,66687,9999-01-01
33927,Bezalel,Haumacher,M,53116,9999-01-01
33727,Uno,Highland,F,66611,9999-01-01
33736,DeForest,Koyama,M,55845,9999-01-01
33743,Bodh,Junet,M,40000,9999-01-01
33983,Tesuya,Denis,F,59416,9999-01-01
33748,Bernt,Argence,M,68785,9999-01-01
33991,Zeydy,Makrucki,F,64612,9999-01-01
33996,Subbu,Olivero,F,40000,9999-01-01
33767,Dekang,Kenevan,M,40000,9999-01-01
33998,Apostol,Polupanov,M,40000,9999-01-01
34006,Perry,Cairo,M,49593,9999-01-01
34013,Gad,Dolinsky,M,71666,9999-01-01
34025,Shridhar,Bridgland,M,40000,9999-01-01
34028,Heejo,Kieras,F,51418,9999-01-01
33768,Karoline,Fontan,M,40000,9999-01-01
34030,Nobuyoshi,Rodiger,M,84366,9999-01-01
34032,Weiwu,Gopalakrishnan,F,62672,9999-01-01
33784,Alenka,Mandelberg,M,40000,9999-01-01
34049,Tadanori,Brookner,M,75061,9999-01-01
34050,Youjian,Angot,M,63832,9999-01-01
33787,Malu,Kriebel,M,46176,9999-01-01
33792,Ashish,Nitsche,F,40000,9999-01-01
34051,Jordanka,Motley,M,40000,9999-01-01
34052,Bojan,Decaestecker,M,54251,9999-01-01
33799,Kellie,Doering,M,40000,9999-01-01
34070,Sivanarayana,Champarnaud,M,40000,9999-01-01
33800,Peternela,Bottner,M,40000,9999-01-01
34075,Chaosheng,Peternell,M,55343,9999-01-01
33812,Patricio,Basawa,F,73574,9999-01-01
34082,Yechiam,Jakobus,F,43989,9999-01-01
33838,Adit,Ranai,M,58188,9999-01-01
34112,Nirmal,Kinley,M,67899,9999-01-01
34122,DeForest,Rossi,F,68696,9999-01-01
33852,Marek,Prochazka,M,74269,9999-01-01
34129,Takanari,Kolinko,M,40000,9999-01-01
34130,Mahendra,Perry,M,40000,9999-01-01
34143,Gay,Beilner,M,67335,9999-01-01
33857,Hidefumi,Gulla,F,47471,9999-01-01
34150,Leen,Miculan,M,71615,9999-01-01
34151,Guttorm,Reinhard,M,44063,9999-01-01
34158,Mohammed,Syrotiuk,M,60792,9999-01-01
34241,Remco,Ariola,F,71910,9999-01-01
34166,Naftali,Rahimi,F,40000,9999-01-01
34176,Waiman,Plessier,F,40000,9999-01-01
34180,Ger,McClure,F,40000,9999-01-01
34184,Shiv,Klassen,F,55794,9999-01-01
34254,Moon,Marletta,F,40000,9999-01-01
34203,Pragnesh,Tramer,F,41793,9999-01-01
34207,Pohua,Bernardeschi,M,40000,9999-01-01
34208,Rosine,Tsunoo,M,40000,9999-01-01
34215,Otilia,Pietrzykowski,M,75410,9999-01-01
34257,Xiaoqiang,Roisin,F,40000,9999-01-01
34231,Sachar,Emiris,M,40000,9999-01-01
34258,Anestis,Talmor,F,78941,9999-01-01
34268,Soenke,Kitai,M,62612,9999-01-01
34277,Vatsa,Weedman,F,40000,9999-01-01
34304,Arvind,Gulik,F,40000,9999-01-01
34329,Goo,Bernatsky,F,40000,9999-01-01
34482,Jouko,Lortz,M,94971,9999-01-01
34333,Jaihie,Luef,M,65893,9999-01-01
34489,Yaghout,Krychniak,M,40000,9999-01-01
34334,Stafford,Veevers,M,47401,9999-01-01
34336,Honesty,Schurmann,M,51516,9999-01-01
34338,Hairong,Emden,F,40000,9999-01-01
34354,Kristen,Acton,F,52117,9999-01-01
34522,Sibyl,Rijckaert,F,53327,9999-01-01
34536,Danil,Narahari,M,51324,9999-01-01
34538,Pranjal,Rossi,M,43516,9999-01-01
34358,Jaihie,Dulin,M,50593,9999-01-01
34550,Szabolcs,Borstler,M,100936,9999-01-01
34552,Souichi,Llado,F,73652,9999-01-01
34368,Wonhee,Ranon,M,63925,9999-01-01
34564,Shao,Suomi,M,62048,9999-01-01
34377,Hidde,Menhoudj,F,40000,9999-01-01
34578,Jahangir,Baaz,M,44973,9999-01-01
34584,Uzi,Chartres,M,53101,9999-01-01
34382,Kayoko,Ravishankar,F,101364,9999-01-01
34587,Duri,Perna,M,77504,9999-01-01
34597,Jouko,Bolotov,M,68624,9999-01-01
34599,Insup,Peltason,M,66310,9999-01-01
34385,Maja,Walston,M,40000,9999-01-01
34600,Godehard,Middleton,F,67242,9999-01-01
34602,Garnet,Flasterstein,F,48108,9999-01-01
34605,Arunachalam,Middleton,M,52614,9999-01-01
34401,Uno,Lanteri,M,80958,9999-01-01
34406,Yefim,Mitsuhashi,F,81629,9999-01-01
34610,Xinan,Ranum,M,40000,9999-01-01
34417,Gio,Flexer,M,53607,9999-01-01
34626,Udi,McConalogue,F,55992,9999-01-01
34630,Xiaoshan,Whittlesey,F,63282,9999-01-01
34632,Licheng,Clouatre,M,40000,9999-01-01
34793,Monique,Huhdanpaa,M,40000,9999-01-01
34641,Cathie,Jervis,F,69772,9999-01-01
34647,Kerryn,Tiemann,M,40000,9999-01-01
34651,Youngkon,Leaver,M,40000,9999-01-01
34805,Marek,Siksek,M,50971,9999-01-01
34661,Kiyokazu,Burnard,M,41753,9999-01-01
34670,Mihalis,Diderrich,M,66069,9999-01-01
34673,Unal,Pews,F,40000,9999-01-01
34814,Rajmohan,Tsukune,M,78886,9999-01-01
34690,Beshir,Litzkow,F,75200,9999-01-01
34816,Chenyi,Schreiter,F,54144,9999-01-01
34695,Margareta,Gadepally,F,40000,9999-01-01
34827,Heng,Apsitis,M,76940,9999-01-01
34704,Jaques,Usery,M,44865,9999-01-01
34709,Anneli,Kragelund,F,50591,9999-01-01
34839,Henk,Kermarrec,M,65656,9999-01-01
34726,Shridhar,Emmart,F,75135,9999-01-01
34730,Jiong,Terwilliger,M,40000,9999-01-01
34857,Weicheng,Birrer,F,64062,9999-01-01
34754,Maren,Llado,F,75069,9999-01-01
34759,Youngkon,Petersohn,M,52835,9999-01-01
34873,Ingmar,Ruemmler,M,40000,9999-01-01
34882,Christophe,Suppi,M,53570,9999-01-01
34790,Uma,Krohn,M,40000,9999-01-01
34915,Christ,Tetzlaff,F,53614,9999-01-01
34987,Rosella,Ariola,M,52629,9999-01-01
34996,Chinhyun,Butner,M,59347,9999-01-01
34928,Anwar,Flexer,F,40000,9999-01-01
34999,Shim,Narwekar,F,56185,9999-01-01
35011,Charmane,Vernadat,F,41668,9999-01-01
35012,Noritoshi,Krybus,M,79235,9999-01-01
35016,Dinah,Awdeh,F,40000,9999-01-01
34938,Macha,Penz,F,42794,9999-01-01
35031,Horward,Pearson,M,40000,9999-01-01
35042,Nahid,Servieres,M,65916,9999-01-01
35045,Tooru,Hagimont,F,40000,9999-01-01
35046,Sachem,Luders,M,62184,9999-01-01
35059,Vitaly,Flasterstein,F,52725,9999-01-01
35070,Kirk,Masada,F,67308,9999-01-01
35072,Kagan,Sridhar,F,65490,9999-01-01
35085,Chandrasekaran,Goldhammer,F,62286,9999-01-01
35089,Paris,Lanzelotte,F,45709,9999-01-01
35093,Sverrir,Mateescu,F,72488,9999-01-01
35096,Gaetan,Olivero,F,40000,9999-01-01
35110,Reinhold,Speckmann,M,48028,9999-01-01
35123,Yechezkel,Schaaf,F,57984,9999-01-01
34947,Mario,Perfilyeva,M,85470,9999-01-01
35138,Susuma,Boreale,M,49606,9999-01-01
35142,Conor,Uhrig,M,47813,9999-01-01
34958,Goetz,Oberman,F,40000,9999-01-01
35146,Kasturi,Cummings,M,61920,9999-01-01
35158,Anestis,Pramanik,M,40000,9999-01-01
35159,Mohammad,Demke,M,40000,9999-01-01
34960,Vasilis,Luga,M,76011,9999-01-01
34961,Uno,Dolinsky,F,50765,9999-01-01
34962,Adly,Rosay,F,40000,9999-01-01
35352,Koldo,Kilgour,M,40000,9999-01-01
35182,Uinam,Eldridge,M,57876,9999-01-01
35363,Odoardo,England,F,61245,9999-01-01
35365,Divier,Quadeer,F,40000,9999-01-01
35371,Arup,Chleq,M,40000,9999-01-01
35216,Aleksander,Karnin,M,44245,9999-01-01
35394,Shmuel,Muchinsky,F,40000,9999-01-01
35226,Byong,Felcyn,M,53616,9999-01-01
35416,Heather,Wroclawski,F,40000,9999-01-01
35256,Wojceich,McDermid,M,67495,9999-01-01
35273,Zsolt,Mitsuhashi,F,46480,9999-01-01
35418,Mircea,Unni,M,58389,9999-01-01
35423,Moss,Caine,M,58766,9999-01-01
35287,Yucel,Conta,M,55486,9999-01-01
35425,Hinrich,Desikan,F,73784,9999-01-01
35429,Cathie,Ducloy,M,61992,9999-01-01
35298,Houman,Esteva,M,40000,9999-01-01
35300,Chuanti,Chenoweth,F,40000,9999-01-01
35440,Paloma,Xiaoshan,M,40000,9999-01-01
35451,Jinya,Naudin,F,40000,9999-01-01
35329,Goetz,Lukaszewicz,M,62611,9999-01-01
35331,Basim,Ghazalie,M,52066,9999-01-01
35333,Hideyuki,Veldwijk,M,43872,9999-01-01
35470,Satoru,Ranai,F,64604,9999-01-01
35342,Elvis,Potthoff,M,60912,9999-01-01
35476,Frederique,Heinisuo,F,51888,9999-01-01
35484,Jeane,Gire,M,41546,9999-01-01
35485,Margo,Tyugu,M,41376,9999-01-01
35550,Van,Hutton,F,67201,9999-01-01
35552,Sungwon,Cangellaris,F,54056,9999-01-01
35554,Aran,Bahl,M,40000,9999-01-01
35489,Jeanne,Godskesen,M,42090,9999-01-01
35557,Rosalyn,Cooman,F,62287,9999-01-01
35558,Kshitij,Staudhammer,M,62866,9999-01-01
35495,Monique,Lichtner,M,40000,9999-01-01
35567,Sorina,Menhardt,M,59775,9999-01-01
35570,Baocai,Katzenelson,M,55970,9999-01-01
35501,Gretta,Scharstein,F,45820,9999-01-01
35510,JoAnne,Merks,F,40000,9999-01-01
35584,Gift,DasSarma,M,58810,9999-01-01
35589,Kyoichi,Trystram,F,49962,9999-01-01
35592,Arun,Chleq,M,48004,9999-01-01
35736,Tonny,Pargas,F,54086,9999-01-01
35610,Aruna,Kornyak,M,40000,9999-01-01
35617,Guozhong,Yemenis,F,42795,9999-01-01
35618,Arie,Auyong,M,48723,9999-01-01
35626,Yishay,Axelband,M,44353,9999-01-01
35635,Ekawit,Cangellaris,M,40000,9999-01-01
35640,Chriss,Lanphier,F,43257,9999-01-01
35644,Sreekrishna,Heusch,M,44118,9999-01-01
35648,Dharmaraja,Schaaf,M,40000,9999-01-01
35659,Gro,Armand,F,80399,9999-01-01
35755,Xudong,Zultner,F,40000,9999-01-01
35666,Munehiko,Narwekar,M,47885,9999-01-01
35681,Luise,Roisin,M,71140,9999-01-01
35776,Martien,Fujisaki,M,53730,9999-01-01
35706,Gererd,Schwabacher,F,50374,9999-01-01
35780,Duro,Tyugu,M,57827,9999-01-01
35788,Weiyi,Burnard,M,43458,9999-01-01
35902,Mayuko,Christ,F,63493,9999-01-01
35790,Barry,Ramsey,F,40000,9999-01-01
35797,Emran,Hiroyama,M,49630,9999-01-01
35916,Wonhee,Talmon,F,40000,9999-01-01
35919,Doowon,Jervis,M,49614,9999-01-01
35827,Kazuhisa,Azumi,F,55189,9999-01-01
35939,Hiroyasu,Demri,F,57329,9999-01-01
35960,Adam,Danlos,M,52523,9999-01-01
35830,Magy,McFarlan,M,40000,9999-01-01
35832,Elzbieta,Smeets,M,45407,9999-01-01
35979,Alenka,Stanfel,F,50993,9999-01-01
35983,Shigehiro,Plavsic,F,48716,9999-01-01
35860,Conrado,Zschoche,F,73292,9999-01-01
35991,Gurbir,Crelier,F,60311,9999-01-01
35994,Ibibia,Conia,M,58800,9999-01-01
36000,Weidon,Genin,M,40000,9999-01-01
36002,Moto,Siepmann,M,40000,9999-01-01
36009,Pranjal,Gonthier,M,41986,9999-01-01
35865,Claudi,Fujisaki,F,40000,9999-01-01
36023,Uma,Picaronny,M,51717,9999-01-01
36032,Mikhail,Luck,F,63299,9999-01-01
35882,Sushant,Hambrick,M,51400,9999-01-01
36042,Chaitali,Prochazka,F,66139,9999-01-01
36043,Fai,Rubsam,F,90719,9999-01-01
36048,Isaac,Marrakchi,M,46526,9999-01-01
36055,Changho,Rubsam,M,72106,9999-01-01
35887,Heather,Wrigley,F,40000,9999-01-01
35891,Bokyung,Birnbaum,M,43592,9999-01-01
36073,Shirish,Gire,M,77598,9999-01-01
35892,Ghassan,Olivero,F,48250,9999-01-01
36080,Sachar,Grabner,F,40000,9999-01-01
36272,Valeri,Alencar,M,66936,9999-01-01
36303,Amstein,Anandan,F,52644,9999-01-01
36088,Conor,Gajiwala,M,40000,9999-01-01
36109,Masaki,Farrag,M,40000,9999-01-01
36309,Shawna,Badr,M,46800,9999-01-01
36131,Theron,Badache,M,46336,9999-01-01
36311,Jahangir,Burnard,M,78715,9999-01-01
36137,Fai,Famili,F,80372,9999-01-01
36340,Xiaoqiu,Speek,M,53971,9999-01-01
36147,Richard,Syrotiuk,M,53798,9999-01-01
36159,Theron,Glinert,F,52413,9999-01-01
36173,Rance,Takkinen,M,57002,9999-01-01
36174,Saeko,Escriba,F,68190,9999-01-01
36178,Bernt,Valette,M,89600,9999-01-01
36349,Aloys,Ladret,F,60033,9999-01-01
36197,Adamantios,Eppinger,M,40000,9999-01-01
36355,Aleksandar,Alblas,M,56593,9999-01-01
36205,Kwangjo,Falco,M,74921,9999-01-01
36368,Shaibal,Farris,M,72138,9999-01-01
36223,Fuqing,Cooley,F,42949,9999-01-01
36230,Khatoun,Borovoy,F,40000,9999-01-01
36235,Rajmohan,Rebaine,M,40000,9999-01-01
36246,Kaijung,Cummings,F,40000,9999-01-01
36251,Kenroku,Seiwald,F,40000,9999-01-01
36266,Elvia,Fujisaki,M,43701,9999-01-01
36463,Chanjung,Burnard,F,68998,9999-01-01
36390,Randi,Potthoff,M,40000,9999-01-01
36410,Navin,Steenbeek,M,50895,9999-01-01
36491,Margareta,Luon,M,52847,9999-01-01
36503,Somnath,Lundstrom,F,45740,9999-01-01
36412,Abdulah,Senzako,M,61626,9999-01-01
36516,Qiwen,Piazza,M,40000,9999-01-01
36428,Izaskun,Verhaegen,M,40000,9999-01-01
36525,Dinkar,Aseltine,M,78190,9999-01-01
36529,Toong,Bage,M,62064,9999-01-01
36536,Alair,Miara,F,71404,9999-01-01
36537,Adin,Kawashima,M,40000,9999-01-01
36441,Dekang,Pearson,M,43986,9999-01-01
36539,Gopalakrishnan,Farrar,F,40000,9999-01-01
36542,Sibyl,Dredge,M,40000,9999-01-01
36555,Takahiro,Rothenberg,M,44044,9999-01-01
36445,Sudharsan,Ellozy,M,92608,9999-01-01
36660,Uli,Potthoff,M,40000,9999-01-01
36573,Xuedong,Lakshmanan,F,40000,9999-01-01
36591,Heeju,Goodrum,F,75346,9999-01-01
36599,Genevieve,Munck,M,40000,9999-01-01
36603,Heon,Unno,M,40000,9999-01-01
36617,Xiaobin,Sullins,M,40000,9999-01-01
36620,Arno,Itzigehl,F,87944,9999-01-01
36622,Ashish,Rubsam,F,40000,9999-01-01
36625,Tetsushi,Unni,M,40000,9999-01-01
36688,Cristinel,Mateescu,M,40294,9999-01-01
36627,Mary,Quadeer,M,58519,9999-01-01
36640,Suebskul,Masand,M,42768,9999-01-01
36692,Bedir,Guerreiro,F,45352,9999-01-01
36698,Aksel,Shackel,M,63881,9999-01-01
36705,Zissis,Berztiss,F,45466,9999-01-01
36843,Masali,Gopalakrishnan,M,66556,9999-01-01
36709,Tsuneo,Hettesheimer,M,40000,9999-01-01
36718,Amabile,Walston,M,40000,9999-01-01
36859,Lalit,Delgrande,F,40000,9999-01-01
36722,Samphel,Zirintsis,F,40000,9999-01-01
36870,Jianhao,Luff,M,40000,9999-01-01
36871,Yechezkel,Gecsei,M,50661,9999-01-01
36874,Genki,Aloia,F,62935,9999-01-01
36877,Shahaf,Ranst,M,63066,9999-01-01
36880,Dzung,Setlzner,M,65342,9999-01-01
36727,Zhaofang,Greibach,M,59923,9999-01-01
36738,Valeri,Haddadi,M,51151,9999-01-01
36895,Abdulla,Ozeri,F,60484,9999-01-01
36906,Anoosh,Kornyak,M,40000,9999-01-01
36754,Fumiko,Negoita,M,40000,9999-01-01
36916,Aleksandar,Danlos,F,57107,9999-01-01
36917,Kolar,Karunanithi,F,48748,9999-01-01
36918,Howell,Shimshoni,F,50538,9999-01-01
36923,Parviz,Jeong,M,49941,9999-01-01
36930,Sadegh,Vasanthakumar,F,40000,9999-01-01
36760,Fumiyo,Norsworthy,M,77750,9999-01-01
36942,Hairong,Coney,M,49078,9999-01-01
36761,Zeljko,Hinsberger,F,40000,9999-01-01
36949,Xuejun,Schaad,M,61424,9999-01-01
36951,Caolyn,Hoppenstand,F,40000,9999-01-01
36777,Kristen,Rissland,M,40000,9999-01-01
36953,Lihong,Butner,M,70537,9999-01-01
36959,Morrie,Jenevein,M,58965,9999-01-01
36961,Qiwen,Thorelli,M,54795,9999-01-01
36965,Yechiam,Munch,M,51883,9999-01-01
36967,Shigehiro,Kuzuoka,M,58556,9999-01-01
36968,Shin,Siprelle,M,65871,9999-01-01
36780,Annemarie,Schnabel,M,40000,9999-01-01
36783,Gro,Bugrara,M,40000,9999-01-01
36986,Fabrizio,Lalonde,F,60249,9999-01-01
36987,Brigham,Erde,M,64202,9999-01-01
36788,Kwee,Ulupinar,F,40000,9999-01-01
36999,Arunas,Range,M,60401,9999-01-01
36795,Nidapan,Einsfeld,F,66279,9999-01-01
37006,Steve,Staelin,M,50081,9999-01-01
36799,Tetsushi,Murtagh,F,46041,9999-01-01
36810,Fox,Schach,M,40000,9999-01-01
36819,Tadahiro,Parveen,M,85601,9999-01-01
37023,Shiv,Flasterstein,M,77184,9999-01-01
37231,Vidya,Leonhardt,F,69868,9999-01-01
37039,Dinah,Diderrich,M,40000,9999-01-01
37048,Fai,Eldridge,M,40000,9999-01-01
37053,Tooru,Peron,M,40000,9999-01-01
37060,Somnath,Morrey,M,43123,9999-01-01
37066,Moie,Himler,F,40847,9999-01-01
37068,Xiaoqiang,Delgrande,M,67150,9999-01-01
37075,Kwangjo,Zockler,F,41657,9999-01-01
37076,Yechezkel,Lichtner,F,50773,9999-01-01
37082,Munehiro,Zastre,M,52389,9999-01-01
37087,Claudi,Angel,M,40991,9999-01-01
37100,Jaber,Waeselynck,M,54935,9999-01-01
37101,Jaewon,Pappas,M,54846,9999-01-01
37103,Kazuhira,Pileggi,F,41973,9999-01-01
37236,Ranan,Luby,M,51628,9999-01-01
37117,Fumiko,Munoz,F,40000,9999-01-01
37245,Along,Gyimothy,M,74284,9999-01-01
37120,Kasidit,Masada,M,64839,9999-01-01
37121,Salvador,Byoun,M,40000,9999-01-01
37131,Conor,Koblitz,F,40000,9999-01-01
37259,Gen,Tanemo,M,40000,9999-01-01
37141,Zhigen,Meriste,F,40000,9999-01-01
37151,Leaf,Biros,F,43944,9999-01-01
37260,Sham,Fontan,F,40795,9999-01-01
37164,Fuqing,Coney,M,46579,9999-01-01
37166,Xiaobin,Pfau,M,46858,9999-01-01
37263,Aris,Rotem,M,74238,9999-01-01
37171,Nathalie,Lorys,M,56266,9999-01-01
37265,Bokyung,Ellozy,F,41467,9999-01-01
37176,Panayotis,Daescu,M,45396,9999-01-01
37179,Khun,Eterovic,M,40000,9999-01-01
37267,Itzchak,Falster,M,64159,9999-01-01
37186,Maha,Feinberg,M,40527,9999-01-01
37270,Deborah,Bharadwaj,M,40000,9999-01-01
37281,Gita,Fontan,F,69468,9999-01-01
37296,Arno,Zaccaria,M,40000,9999-01-01
37383,Roddy,Chepyzhov,F,46881,9999-01-01
37388,Ziya,Ramamoorthy,F,40000,9999-01-01
37303,Rasikan,Piancastelli,F,59660,9999-01-01
37305,Mitchel,Restivo,F,40000,9999-01-01
37406,Rildo,Cincotta,M,58809,9999-01-01
37407,Danae,Cochrane,F,46908,9999-01-01
37306,Mingzeng,Braunschweig,M,44816,9999-01-01
37413,Jagoda,Gill,F,40000,9999-01-01
37311,Lihong,Eickenmeyer,M,42339,9999-01-01
37424,Bogdan,Perri,M,40000,9999-01-01
37312,Arie,Gecsei,M,91985,9999-01-01
37432,Gino,Dichev,M,70777,9999-01-01
37318,Alejandro,Isard,M,57930,9999-01-01
37438,Hinrich,Delgrossi,F,43818,9999-01-01
37442,Subhada,Lipner,M,70371,9999-01-01
37343,Geoff,Kleiser,M,72404,9999-01-01
37452,Wanqing,Weiland,M,40000,9999-01-01
37454,KayLiang,Bernardeschi,F,73239,9999-01-01
37463,Lihong,Nittel,M,70632,9999-01-01
37466,Mabhin,Barinka,F,40000,9999-01-01
37478,Kenton,Mahmud,F,40000,9999-01-01
37496,Danny,Tchuente,M,72940,9999-01-01
37501,Mona,Syang,M,40000,9999-01-01
37504,Mack,Maquelin,F,40000,9999-01-01
37507,Kamran,Quittner,M,65398,9999-01-01
37516,Leon,Syrzycki,M,75299,9999-01-01
37518,Nahum,Rassart,M,40000,9999-01-01
37546,Debaprosad,Menhardt,F,43499,9999-01-01
37562,Bingning,Eugenio,M,46045,9999-01-01
37348,Zhiguo,Ratzlaff,F,81615,9999-01-01
37359,Sangeeta,Karnin,F,69896,9999-01-01
37372,Dietrich,Peot,F,45450,9999-01-01
37577,Mansur,Narwekar,F,72384,9999-01-01
37751,Jacopo,DuBourdieux,F,59872,9999-01-01
37600,Kerhong,Engelmann,F,71481,9999-01-01
37608,Kasturi,Linnainmaa,M,42490,9999-01-01
37612,Etsuo,Sridhar,M,55447,9999-01-01
37617,Joydip,Tagansky,F,47983,9999-01-01
37619,Xuedong,DuCasse,F,63840,9999-01-01
37620,Xinyu,Morton,M,40000,9999-01-01
37768,Taizo,Carrere,M,63585,9999-01-01
37624,Jianhua,Bahi,M,60860,9999-01-01
37627,Jasminko,Ladret,M,65895,9999-01-01
37635,Barun,Sooriamurthi,F,60903,9999-01-01
37644,Martina,Zweizig,M,40000,9999-01-01
37777,Gaurav,Vidal,M,58844,9999-01-01
37648,Sreenivas,Luef,F,52219,9999-01-01
37659,Florina,Armand,F,64978,9999-01-01
37662,Xiadong,Schurmann,F,42701,9999-01-01
37791,Ebbe,Schaaf,M,49927,9999-01-01
37664,Dines,Sundgren,F,40000,9999-01-01
37674,Vitali,Sinitsyn,M,83927,9999-01-01
37675,Chikara,Marshall,M,40000,9999-01-01
37680,Shalesh,McDermid,F,49160,9999-01-01
37792,Shem,Esteva,M,57071,9999-01-01
37807,Apostol,Douceur,M,64932,9999-01-01
37813,Paddy,Kamble,M,53416,9999-01-01
37712,Aris,Takkinen,F,48944,9999-01-01
37716,Gill,Hutton,M,40000,9999-01-01
37814,Adel,Salvesen,M,86781,9999-01-01
37717,Arunachalam,Lichtman,M,84584,9999-01-01
37720,True,Samarati,M,40000,9999-01-01
37822,Gou,Huhdanpaa,M,40000,9999-01-01
37724,Owen,Gronowski,F,45938,9999-01-01
37832,Jaber,Choobineh,M,41977,9999-01-01
37735,Magy,Larfeldt,F,40000,9999-01-01
37745,Sivanarayana,Kriebel,M,60173,9999-01-01
37840,Vidar,Georg,F,40000,9999-01-01
37850,Bikash,Underwood,F,40000,9999-01-01
37851,Lidong,Vecchi,F,40000,9999-01-01
37937,Xiahua,Pero,M,74014,9999-01-01
37852,Christophe,Lunt,F,66409,9999-01-01
37948,Jayson,Zykh,F,56561,9999-01-01
37862,Barun,Masaki,M,52065,9999-01-01
37864,Inderjeet,Chinin,F,40000,9999-01-01
37970,Cathie,Woycyznski,M,60997,9999-01-01
37975,Garnet,Onuegbe,F,67190,9999-01-01
37871,Bernice,Reghbati,F,50815,9999-01-01
37881,Sedat,Falster,M,69675,9999-01-01
37999,Niclas,Shumilov,M,54151,9999-01-01
37882,Alexius,Mellouli,M,70731,9999-01-01
37887,Limsoon,Molberg,M,40000,9999-01-01
38014,Nigel,Scallan,M,64101,9999-01-01
38015,Sorina,Basart,M,40000,9999-01-01
38019,Charlene,Yoshimura,F,94643,9999-01-01
37891,Sumali,Munro,M,40000,9999-01-01
37896,Kristinn,Hebert,M,40000,9999-01-01
38037,Georg,Angot,F,41043,9999-01-01
37900,Maia,Thummel,M,48991,9999-01-01
37910,Kwangyoen,Danley,M,66572,9999-01-01
38057,Nadjib,Velardi,F,40000,9999-01-01
37914,Yinlin,Rosch,M,48118,9999-01-01
38123,Kien,Cummings,M,69068,9999-01-01
38076,Kiyotoshi,Flowers,M,63867,9999-01-01
38084,Horward,Zongker,F,48357,9999-01-01
38114,Leen,Lukaszewicz,F,40000,9999-01-01
38117,Stevo,Hiraishi,F,93702,9999-01-01
38146,Paddy,Plavsic,M,59776,9999-01-01
38156,Akeel,Honglei,M,40000,9999-01-01
38307,Marlo,Jording,M,40000,9999-01-01
38309,Shaibal,Papadias,M,40000,9999-01-01
38157,Hideo,Soicher,F,47959,9999-01-01
38320,Fox,Rabejac,M,95596,9999-01-01
38323,Kiyotoshi,Keirsey,F,40000,9999-01-01
38191,Huei,Suomi,F,46724,9999-01-01
38328,Richard,Muhlberg,M,68916,9999-01-01
38333,Chiranjit,Rosiles,F,40000,9999-01-01
38335,Masaru,Malabarba,F,40000,9999-01-01
38336,Chaoyi,Basart,M,66319,9999-01-01
38347,Tzu,Woycyznski,F,87184,9999-01-01
38359,Huei,Chinin,F,46415,9999-01-01
38196,Munehiko,Khamsi,F,54163,9999-01-01
38204,Jianwen,Azadmanesh,F,81148,9999-01-01
38388,Arnd,Nishimukai,F,67375,9999-01-01
38207,Shigeu,Ciolek,M,40000,9999-01-01
38220,Maya,Terkki,M,67125,9999-01-01
38400,Jaber,Ponthieu,M,40000,9999-01-01
38226,Manu,Rodiger,M,40000,9999-01-01
38243,Herbert,Barreiro,F,42467,9999-01-01
38431,Masanao,Ferretti,F,86138,9999-01-01
38432,Sreekrishna,Harllee,F,52414,9999-01-01
38442,Marco,Baalen,M,40000,9999-01-01
38447,Gladys,Ruemmler,F,51600,9999-01-01
38244,Phillip,Madeira,F,72130,9999-01-01
38453,Rafael,Perfilyeva,M,40000,9999-01-01
38252,Tadahiro,Benzaken,F,68528,9999-01-01
38463,Leucio,Janocha,F,40000,9999-01-01
38472,Masadi,Winter,F,40000,9999-01-01
38473,Lena,Onuegbe,F,76717,9999-01-01
38474,Hsiangchu,Wrigley,M,40000,9999-01-01
38266,Gila,Conte,M,54756,9999-01-01
38476,Godehard,Neimat,M,47626,9999-01-01
38480,Yuriy,Zaccaria,M,40000,9999-01-01
38485,Kiyomitsu,Kavanagh,M,59307,9999-01-01
38267,Abdelghani,Armand,F,53738,9999-01-01
38268,Maris,Imataki,M,59754,9999-01-01
38270,Nirmal,Hiyoshi,M,50671,9999-01-01
38279,Marsha,Farrar,M,47269,9999-01-01
38497,Anyuan,Hiltgen,M,57075,9999-01-01
38305,Tomoyuki,Bauknecht,F,40000,9999-01-01
38517,Ult,Farrow,F,40000,9999-01-01
38679,Zvonko,Bael,M,40000,9999-01-01
38551,Sangeeta,Angelopoulos,M,40000,9999-01-01
38552,Yolla,Quittner,F,80856,9999-01-01
38553,Dinkar,Bage,F,69755,9999-01-01
38696,Keiichiro,Leppanen,M,43443,9999-01-01
38566,Navin,Begiun,M,50783,9999-01-01
38570,Lobel,Ducloy,F,42573,9999-01-01
38581,Shan,Gornas,F,43182,9999-01-01
38697,Hercules,Warwick,M,40000,9999-01-01
38700,Deniz,Figueira,M,46767,9999-01-01
38701,Kristian,Irland,M,65123,9999-01-01
38608,Florian,Journel,F,57367,9999-01-01
38618,Houman,Ibel,M,74196,9999-01-01
38707,Constantine,Hitomi,M,72764,9999-01-01
38716,Toshimo,Perin,M,65186,9999-01-01
38720,Kwan,Khalil,F,59877,9999-01-01
38878,Hauke,Champarnaud,F,67876,9999-01-01
38879,Tsz,Morton,M,40000,9999-01-01
38884,Arne,Dratva,M,41253,9999-01-01
38722,Noritoshi,Crooks,M,40000,9999-01-01
38740,Michaela,Matzat,M,67013,9999-01-01
38905,Arnould,Pearson,F,40923,9999-01-01
38915,Divine,Hanratty,M,53650,9999-01-01
38916,Hein,Kroll,M,62303,9999-01-01
38922,Xiaobin,Sewelson,F,40000,9999-01-01
38747,Kenton,Guerreiro,F,53127,9999-01-01
38760,Tristan,Schwartzbauer,F,52867,9999-01-01
38941,Yurij,Turnbull,M,58859,9999-01-01
38942,Danco,Xiaoshan,F,68402,9999-01-01
38951,Terresa,Rijckaert,M,71348,9999-01-01
38774,Urs,Chelton,M,72511,9999-01-01
38776,Foong,Erol,F,81441,9999-01-01
38791,Bingning,Meszaros,M,41678,9999-01-01
38993,Gal,Aseltine,F,55323,9999-01-01
38810,Pohua,Roccetti,M,82962,9999-01-01
39018,Irena,Harllee,M,74032,9999-01-01
39035,Susumu,Kohling,F,49007,9999-01-01
38815,Ebbe,Staylopatis,M,40000,9999-01-01
39041,Shem,Fabrizio,F,40000,9999-01-01
39043,Kersti,Ferretti,M,40000,9999-01-01
38824,Shounak,Rindone,M,40000,9999-01-01
38840,Leaf,Lunn,F,61551,9999-01-01
39048,Valery,Lanphier,M,76047,9999-01-01
39055,Remko,Varman,M,72269,9999-01-01
38842,Alper,Mukaidono,M,56585,9999-01-01
38844,Marsal,Merle,F,64140,9999-01-01
38847,Ugo,Waterhouse,F,63542,9999-01-01
39082,Ortrun,Encarnacion,F,50270,9999-01-01
38851,Deborah,Stassinopoulos,M,40000,9999-01-01
39087,Marin,Luders,M,65569,9999-01-01
38852,Niranjan,Lorys,M,58217,9999-01-01
39237,Sugwoo,Fabrizio,M,40000,9999-01-01
39113,Janche,Aumann,F,65332,9999-01-01
39119,Tristan,Klyachko,M,45650,9999-01-01
39132,Uta,Massonet,F,43652,9999-01-01
39134,Reinhard,Vidal,F,49727,9999-01-01
39140,Shai,Terkki,F,44553,9999-01-01
39239,Karsten,Benner,F,61532,9999-01-01
39143,Flemming,Salverda,F,92256,9999-01-01
39243,Arco,Heiserman,M,51048,9999-01-01
39151,Stamatina,Erbe,M,40000,9999-01-01
39155,Yoshimitsu,Masamoto,M,76574,9999-01-01
39156,Gift,Pileggi,F,40000,9999-01-01
39262,Karoline,Vecchi,F,41059,9999-01-01
39166,Dante,Jenevein,F,48271,9999-01-01
39186,Golgen,Atrawala,M,55310,9999-01-01
39188,Apostol,Bresenham,M,43766,9999-01-01
39267,Valeri,Naudin,F,40000,9999-01-01
39191,Flemming,Servieres,M,40000,9999-01-01
39194,Arun,Imataki,M,43727,9999-01-01
39276,Alejandro,Busillo,F,46595,9999-01-01
39207,Gritta,Stiles,M,52700,9999-01-01
39289,Behnaam,Caine,M,50714,9999-01-01
39220,Dinah,Showalter,M,46193,9999-01-01
39224,Moss,Chenney,M,42034,9999-01-01
39226,Samphel,Parfitt,M,52379,9999-01-01
39304,Aram,Plesums,F,43676,9999-01-01
39321,Arie,Wilfing,M,40000,9999-01-01
39426,Bluma,Tanemo,F,51988,9999-01-01
39323,Zita,Ratnaker,M,53506,9999-01-01
39337,Shaowen,Miake,F,48270,9999-01-01
39443,Weidon,Ratnaker,F,40000,9999-01-01
39444,Huican,Majewski,F,75905,9999-01-01
39462,Basil,Luit,F,41412,9999-01-01
39361,Gio,Cummings,F,40000,9999-01-01
39474,Zorica,Kilgore,F,40697,9999-01-01
39366,Yuqun,Baar,F,40000,9999-01-01
39501,Jaana,Baalen,F,40000,9999-01-01
39375,Yagil,Schurmann,F,75545,9999-01-01
39506,Hatsukazu,Lubachevsky,M,40000,9999-01-01
39405,Toong,Millington,M,50102,9999-01-01
39523,Niclas,Snedden,F,55356,9999-01-01
39526,Sadok,Rouquie,M,40000,9999-01-01
39533,Urs,Pettit,M,58823,9999-01-01
39534,Venkatesan,Trystram,F,51458,9999-01-01
39409,Zhilian,Leslie,M,41548,9999-01-01
39603,Shugo,Pelc,F,62753,9999-01-01
39587,Irena,Hoppenstand,M,41509,9999-01-01
39595,Vishv,Ramras,M,40000,9999-01-01
39631,Jiafu,Simmel,M,79889,9999-01-01
39636,Muzhong,Deville,M,70782,9999-01-01
39647,Aamer,Massonet,F,55875,9999-01-01
39806,Shuzo,Rosenbaum,M,80871,9999-01-01
39812,Marit,Peres,F,42858,9999-01-01
39648,Gad,Lanphier,F,85292,9999-01-01
39820,Willard,Range,M,59212,9999-01-01
39821,Percy,Schwartzbauer,M,53469,9999-01-01
39652,Kitty,Keirsey,F,47633,9999-01-01
39656,Annemarie,Nannarelli,M,75928,9999-01-01
39658,Cullen,Flexer,M,40000,9999-01-01
39846,Shawna,Riesenhuber,F,90781,9999-01-01
39674,JoAnna,Atrawala,M,40000,9999-01-01
39852,Willard,Guenter,F,78900,9999-01-01
39854,Sanjay,McClurg,F,40000,9999-01-01
39868,Adas,Tomescu,M,42251,9999-01-01
39684,Kokou,Dratva,F,59743,9999-01-01
39873,Kankanahalli,Joslin,F,40000,9999-01-01
39875,Jaideep,Magliocco,M,40000,9999-01-01
39876,Quingbo,Llado,M,64090,9999-01-01
39880,Turgut,Karunanithi,M,79958,9999-01-01
39883,Moriyoshi,Luan,M,40000,9999-01-01
39889,Pranav,Menhoudj,M,66236,9999-01-01
39689,Ziya,Parveen,F,45051,9999-01-01
39890,Sanjai,Valiente,M,80691,9999-01-01
39900,Adas,Schach,F,40000,9999-01-01
39705,Kinh,Vidal,M,58025,9999-01-01
39909,Nectarios,Ozeki,F,56365,9999-01-01
39917,Guoxiang,Besselaar,F,40000,9999-01-01
39930,Kitty,Paludetto,M,66694,9999-01-01
39712,Chirstian,Muchinsky,M,75967,9999-01-01
39940,Kazuhisa,Hiraishi,M,44130,9999-01-01
39941,Gino,Tanemo,M,46110,9999-01-01
39719,Yagil,Unno,F,43024,9999-01-01
39949,Ziya,Schlegelmilch,F,62669,9999-01-01
39729,Fan,Awdeh,M,40000,9999-01-01
39966,Utpal,Beidas,F,46206,9999-01-01
39969,Mark,Conia,M,40000,9999-01-01
39970,Sachar,Sgarro,M,78546,9999-01-01
39730,Shirish,Mattern,M,40000,9999-01-01
39735,Morris,Ashish,M,46780,9999-01-01
39971,Odoardo,Antonisse,M,52482,9999-01-01
39738,Arvin,Gerteisen,F,40000,9999-01-01
39979,Serenella,Cardazo,F,62086,9999-01-01
39743,Leucio,Piazza,M,49429,9999-01-01
39981,Renee,Biran,M,44156,9999-01-01
39985,Sergi,Perez,F,40000,9999-01-01
39988,Anoosh,Spelt,M,40000,9999-01-01
39990,Jingling,Katalagarianos,M,40000,9999-01-01
39992,Mohit,Gadepally,M,54972,9999-01-01
39995,Marko,Deverell,F,62346,9999-01-01
40000,Nishit,Asser,M,57473,9999-01-01
40008,Yucai,Nittel,M,40000,9999-01-01
40010,Mingdong,Ferriere,F,57690,9999-01-01
40018,Yongmao,Beidas,F,40000,9999-01-01
40021,Parto,Delgrande,F,72516,9999-01-01
40023,Ortrun,Asmuth,M,48009,9999-01-01
40028,Wuxu,Hofman,F,51480,9999-01-01
40029,Aruna,Braccini,M,68008,9999-01-01
40035,Anyuan,Kleiser,M,83081,9999-01-01
40045,Hairong,Czap,M,56775,9999-01-01
40057,Ghassan,Kalloufi,F,76287,9999-01-01
40072,Morrie,Cmelik,M,40000,9999-01-01
39747,Pohua,Montresor,F,40000,9999-01-01
39756,Dmitri,Litecky,M,77527,9999-01-01
39759,Faiza,Varker,F,50964,9999-01-01
40106,Zdislav,Mukaidono,M,48937,9999-01-01
40113,Rosine,Wissmann,M,52083,9999-01-01
39780,Alain,Gyorkos,F,60930,9999-01-01
40118,Fen,Uludag,F,46413,9999-01-01
40127,Kauko,Callaway,M,49058,9999-01-01
40131,Moti,Asser,F,57765,9999-01-01
40134,Caolyn,Brlek,F,45538,9999-01-01
39784,Venkatesan,Ossenbruggen,M,56339,9999-01-01
40156,Dhritiman,Cooman,M,73828,9999-01-01
40147,Padma,Gaughan,M,40000,9999-01-01
40161,Premsyl,Guardalben,M,44569,9999-01-01
40168,Miquel,Frezza,F,40000,9999-01-01
40169,Remco,Isaac,M,74199,9999-01-01
40185,Miyeon,Garnick,M,48366,9999-01-01
40360,Harjit,Miyakawa,M,40000,9999-01-01
40364,Limsoon,Harllee,M,85099,9999-01-01
40373,Diederik,Mateescu,M,57274,9999-01-01
40188,Mansur,Serot,F,40000,9999-01-01
40205,Genevieve,Provine,F,48463,9999-01-01
40389,Mong,Kobuchi,F,54860,9999-01-01
40391,Tadahiko,Barriga,F,51481,9999-01-01
40392,Qunsheng,Genther,M,58839,9999-01-01
40398,Radhia,Szilard,M,59898,9999-01-01
40217,Padma,Shokrollahi,F,73014,9999-01-01
40423,Gita,Ligten,M,49072,9999-01-01
40424,Niteen,Ghazalie,M,40000,9999-01-01
40225,Shakhar,Schieder,F,56016,9999-01-01
40427,Aloke,Merks,F,61770,9999-01-01
40428,Rosalie,Veldwijk,F,70829,9999-01-01
40226,Hyuncheol,Benantar,M,65346,9999-01-01
40244,Saniya,Janetzko,F,55994,9999-01-01
40463,Rafail,Tokunaga,M,40000,9999-01-01
40465,Khoa,Brendel,M,43862,9999-01-01
40471,Shir,Straney,M,40488,9999-01-01
40245,Yucai,Bael,M,43076,9999-01-01
40474,Bodo,Duclos,M,71797,9999-01-01
40250,Jamaludin,Birta,F,44232,9999-01-01
40484,Aria,Chiodo,M,40000,9999-01-01
40486,Leen,Kopetz,M,56273,9999-01-01
40487,Valery,Gulik,F,40000,9999-01-01
40489,Yongmao,Bugrara,F,40829,9999-01-01
40494,Elliott,Lung,M,62052,9999-01-01
40272,Taizo,Gonthier,F,40000,9999-01-01
40511,Radhia,Alencar,M,45087,9999-01-01
40512,Kwangjo,Melton,F,65684,9999-01-01
40517,Hironoby,Mattern,F,40000,9999-01-01
40520,Danny,Gajiwala,M,66529,9999-01-01
40522,Krisda,Kinley,F,40000,9999-01-01
40313,Turgut,Staylopatis,M,49088,9999-01-01
40528,Yannik,Litvinov,F,57748,9999-01-01
40531,Etsuo,Kalefeld,F,58929,9999-01-01
40533,Kiyotoshi,Aingworth,M,40000,9999-01-01
40318,Shin,Vingron,F,40000,9999-01-01
40551,Lillian,Terkki,F,40000,9999-01-01
40555,Yahiko,Manders,M,65368,9999-01-01
40556,Murthy,Baaz,F,73750,9999-01-01
40563,Hongzhu,Munos,F,40000,9999-01-01
40321,Hinrich,Ouhyoung,M,40148,9999-01-01
40325,Vincent,Gist,F,40000,9999-01-01
40574,Susumu,Ratnakar,F,40000,9999-01-01
40714,Lijie,Covnot,M,81620,9999-01-01
40587,Xiping,Genin,F,42759,9999-01-01
40592,Yucai,Gniady,M,40000,9999-01-01
40597,Fumiyo,Limongiello,M,49354,9999-01-01
40600,Arch,Bazzichi,F,40000,9999-01-01
40615,Jacopo,Karner,M,40000,9999-01-01
40739,Kazuhiko,Itzfeldt,F,61851,9999-01-01
40631,Frazer,Alameldin,M,40000,9999-01-01
40641,Eishiro,Papadias,M,63394,9999-01-01
40762,Tze,Tanemo,M,57456,9999-01-01
40647,Mitsuyuki,Basagni,M,57576,9999-01-01
40660,Piyush,Erbe,F,65305,9999-01-01
40668,Heon,Makinen,M,40000,9999-01-01
40672,Yinlin,Pfau,M,52697,9999-01-01
40764,Shuky,Senzako,F,69996,9999-01-01
40769,Seongbin,Covnot,F,40000,9999-01-01
40685,Shawna,Bugrara,M,65968,9999-01-01
40770,Jiang,Nitta,M,63213,9999-01-01
40696,Torsten,Siprelle,M,81157,9999-01-01
40777,Jeong,Birdsall,M,40000,9999-01-01
40779,Itzchak,Begiun,M,40000,9999-01-01
40782,Mitchel,Bodoff,M,53078,9999-01-01
40786,Gretta,Whittlesey,F,40000,9999-01-01
40802,Baocai,Ecklund,M,40839,9999-01-01
40904,Fumiko,Willoner,F,40000,9999-01-01
40907,Jaana,Rando,M,57079,9999-01-01
40910,Tamiya,Chimia,M,40000,9999-01-01
40810,Jingling,Baak,M,43468,9999-01-01
40932,Kolar,DuBourdieux,F,45478,9999-01-01
40815,Bouchung,Servieres,M,40000,9999-01-01
40824,Serap,Kleiser,F,40000,9999-01-01
40946,Fumitake,Mahmud,F,46334,9999-01-01
40829,Jianhui,Mitzlaff,M,58904,9999-01-01
40834,Elzbieta,Fritzsche,F,42735,9999-01-01
40839,Prodip,Otillio,M,48531,9999-01-01
40977,Elvia,Sinicrope,F,85663,9999-01-01
40841,Masako,Lindqvist,M,40000,9999-01-01
40987,Zeljko,Sidou,F,40000,9999-01-01
40853,Terresa,Guardalben,M,40000,9999-01-01
40997,Ranan,Nations,F,40000,9999-01-01
40868,Limsoon,Malabarba,F,40548,9999-01-01
40869,Flemming,Snedden,F,43224,9999-01-01
41039,Subhankar,Bala,M,40000,9999-01-01
40872,Qunsheng,Cunliffe,M,59283,9999-01-01
41046,Arvin,Borstler,M,43176,9999-01-01
40881,Hatem,Acton,F,40000,9999-01-01
40891,Jinya,Kaltofen,M,61702,9999-01-01
41074,Leen,Siochi,M,95738,9999-01-01
41077,Amalendu,Walston,M,61355,9999-01-01
41274,Mari,Giveon,M,47643,9999-01-01
41081,Faiza,Mikschl,F,40000,9999-01-01
41280,Felicidad,Czap,M,88826,9999-01-01
41283,KayLiang,Tetzlaff,F,52746,9999-01-01
41110,Munehiko,Manders,M,55739,9999-01-01
41122,Guenter,Hoppenstand,M,82505,9999-01-01
41140,Tonny,Bail,M,74619,9999-01-01
41147,Abdelaziz,Chimia,M,40000,9999-01-01
41149,Alain,Wiegley,F,40000,9999-01-01
41173,Maren,Aseltine,F,42081,9999-01-01
41179,Masamitsu,Vecchi,F,40000,9999-01-01
41181,Paddy,Delgrossi,M,40000,9999-01-01
41184,Nikolaus,Ranze,F,55776,9999-01-01
41187,Jacqueline,Maquelin,M,41604,9999-01-01
41197,Vesna,Stille,M,61924,9999-01-01
41198,Janalee,Christianini,M,40000,9999-01-01
41200,Huei,Leppanen,M,40000,9999-01-01
41205,Charlene,Cusworth,M,75669,9999-01-01
41292,Premsyl,Thombley,M,40000,9999-01-01
41215,Moon,Wursthorn,F,50752,9999-01-01
41298,Elvia,Cesareni,F,74563,9999-01-01
41228,Jacopo,Hebert,M,40000,9999-01-01
41232,Yuriy,Millington,M,42328,9999-01-01
41239,Malu,Rajaraman,F,70272,9999-01-01
41301,Shuichi,Cochrane,F,40000,9999-01-01
41247,Kristinn,Zhiwei,F,47654,9999-01-01
41251,Arne,Glinert,F,94297,9999-01-01
41304,Kristian,Ulupinar,F,40000,9999-01-01
41313,Gino,Nitto,M,42736,9999-01-01
41319,Mototsugu,Unni,M,62785,9999-01-01
41363,Ronghao,Siepmann,F,74383,9999-01-01
41460,Martial,Rodiger,F,53034,9999-01-01
41487,Aemilian,Cummings,M,58494,9999-01-01
41371,Luise,Decaestecker,M,57056,9999-01-01
41498,Susanne,Masamoto,M,45952,9999-01-01
41373,Mona,Veevers,M,67890,9999-01-01
41374,JiYoung,Schurmann,M,40000,9999-01-01
41514,Magy,Iisaku,M,49760,9999-01-01
41399,Xiaoheng,Broomell,M,40000,9999-01-01
41527,Hisao,Oxman,F,75220,9999-01-01
41533,Visit,Parhami,M,40000,9999-01-01
41404,Marco,Isaak,M,54030,9999-01-01
41553,Tokuyasu,Peltason,F,58051,9999-01-01
41554,Rajmohan,Halloran,M,64937,9999-01-01
41422,Franziska,Ramamoorthy,M,40000,9999-01-01
41581,Vitali,Azumi,M,40000,9999-01-01
41583,Holgard,Thorensen,F,57443,9999-01-01
41587,Lokesh,Sankaranarayanan,F,41337,9999-01-01
41432,Basim,Dymetman,M,65558,9999-01-01
41593,Susuma,Grabner,M,40000,9999-01-01
41604,Tadanori,Botman,F,41782,9999-01-01
41437,Christoper,Farrel,M,44964,9999-01-01
41610,Serge,Staudhammer,M,40000,9999-01-01
41612,Mariangiola,Provine,M,46111,9999-01-01
41441,Pasqua,Shigei,M,40000,9999-01-01
41644,Georg,Marakhovsky,F,73942,9999-01-01
41628,Josyula,Claffy,F,51886,9999-01-01
41661,Masadi,Hofman,F,50628,9999-01-01
41824,Kendra,Luby,F,40000,9999-01-01
41836,Akhilish,Passino,F,40000,9999-01-01
41667,Barna,Facello,F,40000,9999-01-01
41857,Munehiko,Beznosov,M,51412,9999-01-01
41673,Armond,Matzel,M,59816,9999-01-01
41863,Dipayan,Herbst,M,44460,9999-01-01
41864,Kazuhito,Gulla,M,76595,9999-01-01
41674,Abdelghani,Yemenis,M,40000,9999-01-01
41871,Stevo,Waeselynck,F,40000,9999-01-01
41874,Badri,Asmuth,F,74204,9999-01-01
41677,Eben,Gimarc,M,70041,9999-01-01
41885,Val,Validov,F,68151,9999-01-01
41888,Vitali,Oehlmann,F,60903,9999-01-01
41889,Basim,Zumaque,M,56719,9999-01-01
41682,Alselm,Ecklund,M,88875,9999-01-01
41894,Zeydy,Mandell,M,40000,9999-01-01
41902,Zongyan,Zweizig,M,40000,9999-01-01
41710,Weiru,Haldar,M,59888,9999-01-01
41909,Toshimitsu,McAlpine,M,40000,9999-01-01
41917,Fumitake,Schlumberger,F,69069,9999-01-01
41939,Kwangho,Usery,M,52241,9999-01-01
41940,Dmitry,Anick,M,52026,9999-01-01
41944,Vishwani,Parhami,M,55510,9999-01-01
41724,Faiza,Bage,M,49067,9999-01-01
41956,Rajmohan,Thiria,F,40000,9999-01-01
41727,Rosella,Paludetto,F,61871,9999-01-01
41743,Aamer,Lunt,M,48669,9999-01-01
41973,Mantis,Massonet,M,68064,9999-01-01
41979,Hilary,Bage,F,40000,9999-01-01
41983,Luise,Wixon,M,40000,9999-01-01
41746,Zita,Greenaway,M,40493,9999-01-01
41754,Rosita,Hanabata,F,59888,9999-01-01
41759,Charmane,Lagarias,F,80164,9999-01-01
42007,Tsz,Pokrovskii,M,56974,9999-01-01
41767,Leszek,Thiran,M,56500,9999-01-01
42019,Mayumi,Roisin,F,40000,9999-01-01
42020,Nobuyoshi,Matzat,M,40000,9999-01-01
42024,Dipayan,Serdy,F,40000,9999-01-01
41772,Leon,Decaestecker,F,62906,9999-01-01
42033,Reuven,Compeau,F,60624,9999-01-01
41786,Krister,Hmelo,F,40000,9999-01-01
42046,Waiman,Millington,M,53233,9999-01-01
42047,Sahrah,Ambroszkiewicz,M,44306,9999-01-01
42053,Demin,Lores,M,40000,9999-01-01
42059,Jianhui,Czap,F,60089,9999-01-01
41792,Guther,Lowrie,M,82485,9999-01-01
41798,Margareta,Akaboshi,F,46925,9999-01-01
42075,Sergi,Gruenwald,F,40000,9999-01-01
42082,Gritta,Compeau,F,55819,9999-01-01
42083,Kotesh,Schahn,M,40000,9999-01-01
41808,Filipp,Varley,M,40000,9999-01-01
42104,Dante,Plesums,F,40000,9999-01-01
41809,Shen,Puppe,M,40000,9999-01-01
42202,Hyuckchul,Ginesta,M,69151,9999-01-01
42125,Subhankar,Besancenot,M,42367,9999-01-01
42135,Ashish,Huttel,M,66377,9999-01-01
42139,Tru,Isaak,F,40373,9999-01-01
42153,Shushma,Ecklund,F,74913,9999-01-01
42159,Ipke,Bala,M,66459,9999-01-01
42209,Kensyu,Leonhardt,M,40000,9999-01-01
42221,Godehard,Fortenbacher,F,52005,9999-01-01
42173,Nishit,Matheson,M,40612,9999-01-01
42174,Vishv,Schahn,M,40000,9999-01-01
42181,Eldridge,Tiemann,M,50280,9999-01-01
42184,Prasadram,Kusalik,F,61968,9999-01-01
42185,Renee,Kaminger,M,41027,9999-01-01
42188,Ravishankar,Niizuma,M,51942,9999-01-01
42223,Salvador,Vidal,M,43758,9999-01-01
42233,Holgard,McConalogue,F,54841,9999-01-01
42243,Jaana,Fendler,M,69787,9999-01-01
42380,Gou,Dulli,M,45963,9999-01-01
42268,Claude,Danner,F,46187,9999-01-01
42389,Eric,Hinsberger,M,69138,9999-01-01
42402,Gererd,Rosis,F,42261,9999-01-01
42405,Mari,Hmelo,M,40000,9999-01-01
42410,Marjo,Falster,F,40000,9999-01-01
42419,Heekeun,Shobatake,M,40000,9999-01-01
42424,Adin,Picco,M,40000,9999-01-01
42425,Insup,Ulupinar,M,45191,9999-01-01
42271,DAIDA,Halevi,M,66875,9999-01-01
42434,Diederik,Lagarias,M,75431,9999-01-01
42444,Seongbin,Kobuchi,M,40000,9999-01-01
42460,Angel,Vrecion,F,45978,9999-01-01
42469,Sham,Hiltgen,M,40000,9999-01-01
42471,Susanna,Molenaar,M,40000,9999-01-01
42478,Kristin,Biros,M,55244,9999-01-01
42488,Angel,Menhardt,F,48657,9999-01-01
42498,Limsoon,Bojadziev,M,59559,9999-01-01
42499,Palash,Yavatkar,M,40000,9999-01-01
42504,Krisda,Nastansky,M,51874,9999-01-01
42274,Gal,Grospietsch,M,40000,9999-01-01
42277,Martina,Codenie,F,77425,9999-01-01
42541,Ferdinand,Aingworth,M,40000,9999-01-01
42298,Tru,Kalefeld,M,40000,9999-01-01
42553,Felicidad,Slutz,M,40000,9999-01-01
42305,Tsz,Mikschl,F,43172,9999-01-01
42318,Yucai,Fasbender,F,40000,9999-01-01
42341,Haldun,Cangellaris,M,55897,9999-01-01
42580,Zvonko,Valtorta,M,59256,9999-01-01
42583,Joydip,Henseler,M,75901,9999-01-01
42590,Basim,Billawala,F,46900,9999-01-01
42591,Lakshmi,Eppinger,M,51629,9999-01-01
42606,Moti,Hartvigsen,M,78409,9999-01-01
42352,Tuval,Chaudhuri,M,40000,9999-01-01
42617,Thodoros,Kawashimo,M,40000,9999-01-01
42623,Tayeb,Decleir,M,67798,9999-01-01
42358,Lech,Narwekar,F,40000,9999-01-01
42360,Arunachalam,Itschner,F,49051,9999-01-01
42642,Bluma,Broder,M,102424,9999-01-01
42366,Chriss,Maksimenko,M,40417,9999-01-01
42650,Neven,Horswill,M,79698,9999-01-01
42371,Pragnesh,Mersereau,M,89143,9999-01-01
42663,Lech,Barreiro,M,48741,9999-01-01
42746,Manu,Billawala,M,63771,9999-01-01
42681,Radhakrishnan,Molenkamp,F,54461,9999-01-01
42684,Behnaam,Dengi,M,40000,9999-01-01
42686,Tadanori,Wossner,F,40000,9999-01-01
42756,Kotesh,Bahk,M,71985,9999-01-01
42708,Hitomi,Petereit,M,49449,9999-01-01
42764,Marit,Preusig,F,40000,9999-01-01
42765,Filipp,Bresenham,F,58435,9999-01-01
42773,Claude,Zirintsis,M,61216,9999-01-01
42781,Xinyu,Dechter,M,40000,9999-01-01
42788,Geoffrey,Ouhyoung,M,40000,9999-01-01
42817,Mohd,Ulupinar,M,67706,9999-01-01
42933,Zhiwei,Pleszkun,F,49736,9999-01-01
42936,Chuanti,Nitsche,F,97540,9999-01-01
42942,Mansur,Bolotov,F,40000,9999-01-01
42949,Mokhtar,Kawashima,M,44164,9999-01-01
42818,Radhakrishnan,Jenevein,M,53858,9999-01-01
42821,Xumin,Anily,M,64939,9999-01-01
42828,Val,Fiutem,F,50054,9999-01-01
42830,Tze,Poupard,M,44467,9999-01-01
42998,Fei,Boyle,M,40000,9999-01-01
42838,Samphel,Giaccio,F,55207,9999-01-01
43013,Mechthild,Petersohn,M,49759,9999-01-01
43014,Vitali,Olivero,F,85066,9999-01-01
42839,Remzi,Cannard,F,63618,9999-01-01
42850,Demos,Kornyak,F,48482,9999-01-01
43035,Sven,Picaronny,M,40000,9999-01-01
43040,Ulises,Nittel,M,69716,9999-01-01
42856,Xiaoqiu,Ranka,F,62039,9999-01-01
43044,Masako,Gustavson,M,58333,9999-01-01
43045,Howell,Birke,M,55441,9999-01-01
42870,Arch,Whittlesey,F,40000,9999-01-01
43058,Hauke,Pearson,M,46940,9999-01-01
43065,Chinya,Vitiello,F,40000,9999-01-01
43068,Nikolaos,Halloran,M,40000,9999-01-01
43073,Urs,Andreotta,F,57625,9999-01-01
42886,JoAnna,Malabarba,M,66633,9999-01-01
43078,Radhia,Wuwongse,F,77051,9999-01-01
43080,Leucio,Piancastelli,M,40000,9999-01-01
43083,Candido,Bennis,F,60825,9999-01-01
43084,Babette,Leijenhorst,M,43792,9999-01-01
42892,Faiza,Suppi,F,40000,9999-01-01
42894,Arto,Bashian,M,54260,9999-01-01
43107,Tooru,Verspoor,F,64672,9999-01-01
43108,Nevin,Perz,M,67152,9999-01-01
42903,Kazuhito,Syang,F,40000,9999-01-01
43114,Yurii,Kamble,M,45216,9999-01-01
42912,Jacopo,Gecsei,M,56897,9999-01-01
42929,Sven,Hegner,M,40000,9999-01-01
43132,Pramod,Zumaque,F,46069,9999-01-01
42930,Izaskun,Berztiss,M,46579,9999-01-01
43306,Frederique,Zweizig,F,57336,9999-01-01
43161,Ranan,Percebois,M,40000,9999-01-01
43308,Hauke,Validov,M,40000,9999-01-01
43318,Rasikan,Boyle,M,40000,9999-01-01
43181,Hugh,Iisaka,F,62518,9999-01-01
43184,Uri,Delgrande,M,50368,9999-01-01
43185,Alselm,Kisuki,F,40000,9999-01-01
43189,Oscal,Ranft,M,62408,9999-01-01
43348,Berry,Gonthier,F,40000,9999-01-01
43196,Along,Socorro,M,40000,9999-01-01
43198,Constantine,Himler,F,55977,9999-01-01
43200,Geraldo,Plessier,M,52152,9999-01-01
43203,Chuanyi,Androutsos,F,57858,9999-01-01
43207,Itzchak,Shihab,M,43618,9999-01-01
43215,Richara,Garnham,F,64293,9999-01-01
43217,DAIDA,Pappas,M,55100,9999-01-01
43222,Lenore,Angelopoulos,M,95505,9999-01-01
43229,Uzi,Broomell,F,56682,9999-01-01
43353,Mang,Arlazarov,M,53973,9999-01-01
43241,Adam,Kisuki,M,71985,9999-01-01
43367,Conal,Kisuki,F,62045,9999-01-01
43249,Bedrich,Vitiello,M,90940,9999-01-01
43252,Christ,Kowalchuk,M,40000,9999-01-01
43373,Wanqing,Serov,F,50872,9999-01-01
43273,Charmane,Hiltgen,M,59083,9999-01-01
43387,Fuqing,Syang,M,57988,9999-01-01
43289,Satosi,Biran,M,53609,9999-01-01
43410,Pranas,Masand,F,42336,9999-01-01
43300,Francesca,Aseltine,F,40000,9999-01-01
43420,Ziya,Kolinko,M,60747,9999-01-01
43487,Kristof,Ducloy,M,55035,9999-01-01
43491,Barry,Kroha,M,40000,9999-01-01
43423,Menkae,Michaeli,M,54352,9999-01-01
43500,Maria,Bennis,F,40355,9999-01-01
43438,Sampalli,Zultner,M,75609,9999-01-01
43445,Sudhanshu,Calkin,M,52065,9999-01-01
43447,Lakshmi,Gente,M,66055,9999-01-01
43448,Gilbert,Preusig,M,47038,9999-01-01
43461,Chiranjit,Birrer,F,40000,9999-01-01
43573,Jianwen,Nicolson,F,40000,9999-01-01
43577,Torsten,Birke,M,40000,9999-01-01
43678,Shawna,Bernick,F,73684,9999-01-01
43582,Kankanahalli,Demizu,M,59155,9999-01-01
43584,Houman,Pokrovskii,F,40000,9999-01-01
43594,Moni,Hoogerwoord,F,68494,9999-01-01
43605,Boalin,Rodite,M,91158,9999-01-01
43616,Conor,Montemayor,F,40000,9999-01-01
43624,Tokuyasu,Pesch,M,116058,9999-01-01
43627,Jungsoon,Armand,F,40000,9999-01-01
43689,Almudena,Bugrara,M,56132,9999-01-01
43649,Idoia,Petersohn,M,63987,9999-01-01
43659,Aron,Pouyioutas,M,86197,9999-01-01
43878,Karoline,Furedi,F,40000,9999-01-01
43883,Zhigen,Aseltine,M,40000,9999-01-01
43887,Kwan,Giveon,F,40000,9999-01-01
43691,Kazuhira,Baalen,M,73340,9999-01-01
43900,Monique,Thombley,M,52400,9999-01-01
43708,Zhongwei,Streng,F,78503,9999-01-01
43709,Mohua,Munck,F,98736,9999-01-01
43932,Zhensheng,Seiwald,M,42100,9999-01-01
43727,Mats,Kilgore,M,40000,9999-01-01
43941,Khatoun,Zambonelli,F,84332,9999-01-01
43942,Bedir,Rassart,F,40000,9999-01-01
43945,Guozhong,Thisen,M,68312,9999-01-01
43946,Kankanahalli,Swist,M,40000,9999-01-01
43948,Kwangyoen,Kroha,M,50318,9999-01-01
43737,Debatosh,Beerel,F,62498,9999-01-01
43963,Sanjeeva,Covnot,M,58732,9999-01-01
43965,Syozo,Hasham,M,71933,9999-01-01
43966,Serif,Miculan,F,40000,9999-01-01
43745,Temple,Thambidurai,M,94985,9999-01-01
43983,Goa,Capobianchi,M,43404,9999-01-01
43986,Ghassan,Haumacher,F,66436,9999-01-01
43756,Minghong,Himler,M,66947,9999-01-01
43996,Hiroyasu,Bodoff,F,57941,9999-01-01
44011,Panayotis,Karner,F,45086,9999-01-01
44015,Yuguang,Limongiello,F,48015,9999-01-01
43776,Xuedong,Feldhoffer,M,44288,9999-01-01
44022,Chiranjit,Dayang,F,40000,9999-01-01
44029,Karlis,Heping,M,53110,9999-01-01
43783,Houman,Hmelo,F,50026,9999-01-01
43806,Chenye,Fontan,M,40000,9999-01-01
44042,Susuma,Ladret,M,64759,9999-01-01
44043,Dmitri,Lakshmanan,F,57653,9999-01-01
44060,Luigi,Brattka,M,40000,9999-01-01
43820,Keung,Botman,F,40000,9999-01-01
44070,Luerbio,Onuegbe,M,71639,9999-01-01
43854,Kwee,Lally,F,47416,9999-01-01
44087,Claudi,Glinert,F,40000,9999-01-01
44088,Uwe,Ohori,M,40000,9999-01-01
44097,Shim,Luga,M,60923,9999-01-01
44099,Shridhar,Gruenwald,M,47876,9999-01-01
44100,Guozhong,Bresenham,M,46098,9999-01-01
44110,Duri,Kalloufi,F,40000,9999-01-01
44111,Sugwoo,Streit,F,49351,9999-01-01
44125,Douadi,Conia,F,70912,9999-01-01
44229,Bojan,Luft,F,52310,9999-01-01
44130,Zongyan,Winter,M,40000,9999-01-01
44135,JoAnna,Neimat,F,40000,9999-01-01
44240,Deniz,Famili,M,44513,9999-01-01
44148,Fun,Marchesini,F,40000,9999-01-01
44164,Becky,McClure,M,40000,9999-01-01
44165,Greger,Heuser,F,40000,9999-01-01
44251,Martine,Haldar,M,41526,9999-01-01
44178,Jackson,Schmezko,F,90146,9999-01-01
44256,Doohun,Krzyzanowski,F,40000,9999-01-01
44184,Maya,Birnbaum,F,40000,9999-01-01
44189,Shaibal,Mitzlaff,M,59748,9999-01-01
44193,Fatemeh,Billingsley,F,40000,9999-01-01
44195,Hatem,Boyle,F,40000,9999-01-01
44262,Sanjit,Petereit,F,56245,9999-01-01
44197,Geraldo,Krichel,M,40000,9999-01-01
44285,Keiichiro,Chimia,F,40000,9999-01-01
44224,Shietung,Selenyi,F,40000,9999-01-01
44288,Ingemar,Baja,M,48521,9999-01-01
44292,Alexius,Georg,M,40000,9999-01-01
44293,Sachem,Vakili,M,40000,9999-01-01
44301,Fatemeh,Nivat,F,41760,9999-01-01
44425,Yinghua,Businaro,M,51444,9999-01-01
44326,Dmitri,Verspoor,M,89279,9999-01-01
44435,Odinaldo,Spelt,M,40000,9999-01-01
44442,Atilio,Gente,F,83981,9999-01-01
44445,Sreenivas,Heinisuo,F,40000,9999-01-01
44454,Toshimo,Besancenot,M,79113,9999-01-01
44459,Aluzio,Panienski,M,73162,9999-01-01
44465,Brigham,Teitelbaum,M,104822,9999-01-01
44467,Zhanqiu,Ramsak,F,46804,9999-01-01
44354,Basant,Garnier,F,60932,9999-01-01
44472,Mingdong,Snyers,M,76936,9999-01-01
44484,Pasqua,Gelosh,F,40000,9999-01-01
44485,Jaideep,Thebaut,M,40000,9999-01-01
44490,Nalini,Lorcy,M,50321,9999-01-01
44366,Alois,Chinal,M,72676,9999-01-01
44507,Toong,Ananiadou,M,40000,9999-01-01
44520,Baruch,Engberts,M,42232,9999-01-01
44375,Emran,Isard,F,79175,9999-01-01
44525,Christophe,Fetvedt,M,44847,9999-01-01
44539,Kwangjo,Buchter,M,78872,9999-01-01
44392,Bedir,Shigei,M,42369,9999-01-01
44558,Zhiguo,Wielonsky,F,42277,9999-01-01
44393,Turgut,Douceur,M,40000,9999-01-01
44566,Yuqun,Bolotov,M,69384,9999-01-01
44394,Eran,Thombley,M,72836,9999-01-01
44571,Tooru,Pashtan,F,40000,9999-01-01
44395,Mario,Eastman,M,82198,9999-01-01
44575,Toney,Pocchiola,F,56674,9999-01-01
44397,Moon,Mitsuhashi,M,40993,9999-01-01
44589,Iara,Lanzelotte,M,51452,9999-01-01
44591,Karlis,Laventhal,M,43492,9999-01-01
44784,Mohammed,Koblick,M,40000,9999-01-01
44607,Sachem,Valtorta,M,51383,9999-01-01
44608,Sudhanshu,Herber,F,61586,9999-01-01
44609,Zhongwei,Feinberg,M,40000,9999-01-01
44610,Aamod,Cronan,F,56065,9999-01-01
44785,Phule,Kriebel,M,64670,9999-01-01
44616,Abdelkader,Pettis,M,40000,9999-01-01
44806,Vishu,Schwabacher,M,40000,9999-01-01
44639,Odysseas,Anick,F,40000,9999-01-01
44809,Nagui,Gill,M,50369,9999-01-01
44644,Shigenori,Mitchem,M,40000,9999-01-01
44819,Chiranjit,Terekhov,F,51292,9999-01-01
44664,Zhaofang,Luke,M,40000,9999-01-01
44821,Martien,Covnot,M,44917,9999-01-01
44839,Xudong,Greibach,M,48456,9999-01-01
44682,Souichi,Boissier,M,82058,9999-01-01
44691,Munir,Montresor,M,73609,9999-01-01
44856,Amabile,Seuren,M,75125,9999-01-01
44695,Sadok,Baek,M,60441,9999-01-01
44716,Georgy,Haddadi,M,71224,9999-01-01
44869,JoAnne,Serov,M,66539,9999-01-01
44721,Dinah,Zielinski,M,44255,9999-01-01
44734,Shay,Vandervoorde,F,40000,9999-01-01
44737,Vishu,Juneja,M,57212,9999-01-01
44740,Georg,Uhrik,M,46039,9999-01-01
44873,Eberhardt,Raczkowsky,F,47739,9999-01-01
44750,Bernice,Coors,F,99844,9999-01-01
44874,Janche,Cools,M,40000,9999-01-01
44875,Goh,Reinhart,M,73457,9999-01-01
44764,Ayonca,Ghemri,M,40000,9999-01-01
44883,Kagan,Cichocki,F,55765,9999-01-01
44886,Poornachandra,Kuszyk,M,40000,9999-01-01
44891,Cheong,Zaumen,M,51220,9999-01-01
44908,Kamakshi,Pehl,M,54891,9999-01-01
44966,Foong,Beetstra,F,40000,9999-01-01
44913,Vishu,Cappelli,M,43102,9999-01-01
44988,Oldrich,Kleiser,M,59873,9999-01-01
44992,Kendra,Perna,M,40000,9999-01-01
44998,Vishv,Kaiser,M,66062,9999-01-01
45002,Leif,Klyachko,M,40000,9999-01-01
45006,Vishv,Liedekerke,F,45963,9999-01-01
45014,Souichi,Orsini,M,71247,9999-01-01
45042,Marek,Heinisuo,M,52819,9999-01-01
45053,Ymte,Zongker,F,60172,9999-01-01
45055,Xiaobin,Radhakrishnan,F,43138,9999-01-01
45058,Shuzo,Mahmud,F,43472,9999-01-01
45062,Aemilian,Hammerschmidt,F,65998,9999-01-01
45066,Seongbin,Gadepally,M,62679,9999-01-01
45069,Lenore,Valette,F,40216,9999-01-01
45070,Ennio,Frolund,F,40000,9999-01-01
44924,Divier,Azevdeo,F,76354,9999-01-01
44938,Valdiodio,Potthoff,M,51607,9999-01-01
45092,Francesca,Chandrasekhar,M,63645,9999-01-01
44943,Lalit,Hmelo,F,41434,9999-01-01
45121,Menkae,Christianini,M,56603,9999-01-01
44952,Zeydy,Munoz,F,54675,9999-01-01
45130,Bezalel,Puppe,M,40000,9999-01-01
44955,Aram,Kawashima,F,53874,9999-01-01
45138,Miomir,Karcich,M,75142,9999-01-01
45142,Perla,Rehfuss,F,58778,9999-01-01
45145,Almudena,Zumaque,F,59548,9999-01-01
44963,Amabile,Gimbel,M,94383,9999-01-01
44965,Tetsurou,Suppi,F,58994,9999-01-01
45342,Fatemeh,Sluis,M,52468,9999-01-01
45163,Peer,Flowers,M,47276,9999-01-01
45166,Licheng,Lorho,M,54187,9999-01-01
45344,Shigeo,Servieres,F,63050,9999-01-01
45170,Irena,Rissanen,M,49547,9999-01-01
45172,Saeko,Radhakrishnan,M,54912,9999-01-01
45352,Yuichiro,Zallocco,M,40000,9999-01-01
45177,Alassane,Iacovou,M,40000,9999-01-01
45363,Kenroku,Hainaut,M,40000,9999-01-01
45193,Reinhard,Lubachevsky,F,63949,9999-01-01
45200,Teunis,Chvatal,M,59523,9999-01-01
45204,Alexius,Candan,F,43238,9999-01-01
45364,Pantung,Picht,M,47444,9999-01-01
45209,Yinghua,Cardazo,M,47678,9999-01-01
45366,Ranan,Gargeya,M,40000,9999-01-01
45216,Gou,Ballarin,F,41211,9999-01-01
45217,Marsal,Pena,F,40000,9999-01-01
45376,Mabo,Toyoshima,F,55568,9999-01-01
45228,Utpal,Unni,M,52606,9999-01-01
45232,Chaosheng,Senzako,F,79507,9999-01-01
45377,Temple,Flasterstein,F,40977,9999-01-01
45244,Joydip,Lueh,F,41610,9999-01-01
45245,Margo,Ishibashi,M,58029,9999-01-01
45382,Yoshimitsu,Stassinopoulos,M,40000,9999-01-01
45251,Billur,Brandsma,F,80647,9999-01-01
45390,Sedat,Alameldin,F,56817,9999-01-01
45261,George,Larfeldt,F,55147,9999-01-01
45269,Arve,Avouris,M,83548,9999-01-01
45275,Arun,Swan,M,49876,9999-01-01
45402,Kwok,Liesche,M,40000,9999-01-01
45290,Thanasis,Varman,F,40000,9999-01-01
45293,Duke,Lakshmanan,F,40000,9999-01-01
45298,Shay,Valtorta,M,56982,9999-01-01
45416,Avishai,Percebois,M,51789,9999-01-01
45306,Pranjal,Rajaraman,F,48231,9999-01-01
45311,Zengping,Talmor,F,63339,9999-01-01
45313,DAIDA,Schusler,F,60624,9999-01-01
45314,Zhigen,Motley,M,50780,9999-01-01
45318,Franziska,Dalton,F,40000,9999-01-01
45432,Richard,Barreiro,F,64386,9999-01-01
45327,Khedija,Karner,F,40000,9999-01-01
45331,Keung,Peot,M,40000,9999-01-01
45333,Leszek,Waeselynck,M,63235,9999-01-01
45436,Gila,Limongiello,F,56671,9999-01-01
45460,Mang,Rande,M,41469,9999-01-01
45534,Perla,Jullig,M,86547,9999-01-01
45537,Ottavia,Wissmann,F,49858,9999-01-01
45466,Guiseppe,Tomescu,M,87135,9999-01-01
45544,Candido,Coombs,F,40000,9999-01-01
45545,Along,Bruckman,F,40000,9999-01-01
45546,Gopalakrishnan,Lanphier,F,102460,9999-01-01
45467,Huican,Bahk,F,40000,9999-01-01
45550,Shaowen,McFarlin,F,53893,9999-01-01
45552,Aloys,Albarhamtoshy,F,69599,9999-01-01
45557,Girolamo,Legleitner,M,40000,9999-01-01
45468,Padma,Pell,M,72091,9999-01-01
45561,Navid,Lodder,M,40000,9999-01-01
45566,Lena,Marsiglia,M,46112,9999-01-01
45479,Ferdinand,Krupka,F,52393,9999-01-01
45570,Shuho,Schwartzburd,M,41149,9999-01-01
45488,Shigehiro,Shackel,F,79290,9999-01-01
45593,Xiaocheng,Litzler,M,52190,9999-01-01
45599,Ronnie,Harnett,F,40000,9999-01-01
45601,Rafael,Spell,F,48687,9999-01-01
45507,Xiong,Lamparter,M,51514,9999-01-01
45612,King,Monkewich,F,45243,9999-01-01
45629,Guoxiang,Nanard,M,40000,9999-01-01
45514,Jessie,Alpin,M,79268,9999-01-01
45634,Barry,Ghemri,M,67342,9999-01-01
45709,Oddvar,Schnelling,M,42401,9999-01-01
45645,Hausi,Desikan,F,44932,9999-01-01
45657,Jianhao,Hedayat,M,40000,9999-01-01
45658,Maja,Ebeling,F,45050,9999-01-01
45669,Janalee,Boudaillier,M,66337,9999-01-01
45731,Naraig,Bouloucos,F,44160,9999-01-01
45685,Anwar,Huhdanpaa,F,40000,9999-01-01
45732,Moheb,Gruenwald,M,54826,9999-01-01
45695,Danco,Kowalchuk,M,40000,9999-01-01
45698,Sanjoy,Melichar,M,72382,9999-01-01
45702,Peer,Showalter,M,40000,9999-01-01
45743,Adas,Baaleh,F,65720,9999-01-01
45788,Shiv,Mitsuhashi,M,48099,9999-01-01
45895,Sajjad,Vural,F,53341,9999-01-01
45904,Arunas,DasSarma,F,40000,9999-01-01
45908,Masasuke,Heyers,M,40000,9999-01-01
45915,Paddy,Gluchowski,F,41921,9999-01-01
45919,Aemilian,Denti,M,54551,9999-01-01
45923,Masato,Xiaoshan,M,62573,9999-01-01
45797,Chikara,Khalid,M,40000,9999-01-01
45798,Gad,Plotkin,M,40000,9999-01-01
45803,Padma,Lanzelotte,M,94436,9999-01-01
45951,Duke,Garnick,M,45623,9999-01-01
45808,Yongdong,Eiron,F,67640,9999-01-01
45962,Remco,Kalorkoti,M,40000,9999-01-01
45972,Rafael,Bednarek,M,40000,9999-01-01
45973,Mokhtar,Bernatsky,M,70974,9999-01-01
45809,Wilmer,Arlazarov,F,50421,9999-01-01
45977,Ulf,Wiegley,M,44570,9999-01-01
45979,Uno,Colorni,F,40000,9999-01-01
45814,Zhenbing,Malabarba,F,55267,9999-01-01
45821,Garnik,Dredge,M,51546,9999-01-01
45998,Inderjeet,Rodiger,M,41444,9999-01-01
45827,Ortrun,Schonegge,M,40000,9999-01-01
46004,Toshimori,Schlegelmilch,M,40000,9999-01-01
45828,Panayotis,Litzkow,M,65770,9999-01-01
45844,Patricia,Fetvedt,F,40000,9999-01-01
46025,Yurii,Demir,F,62359,9999-01-01
46026,Leon,Schrooten,M,40000,9999-01-01
46028,Sakthirel,Emmerich,M,66926,9999-01-01
46037,Mohit,Preusig,M,72671,9999-01-01
46042,Youssef,Vrecion,F,54737,9999-01-01
46054,Udi,Bultermann,M,40750,9999-01-01
46055,Charlene,Fabrizio,F,40000,9999-01-01
46059,Susumu,DuCasse,F,75362,9999-01-01
46066,Ennio,Conde,M,40000,9999-01-01
46068,Laurentiu,Weisert,M,40000,9999-01-01
46075,Lucien,Cunliffe,F,45519,9999-01-01
46079,Genevieve,Varman,M,56474,9999-01-01
46083,Charmane,Speek,M,57612,9999-01-01
46089,Giordano,Emden,M,45787,9999-01-01
46090,Iara,Whittlesey,M,42445,9999-01-01
45854,Zsolt,Kriebel,M,40000,9999-01-01
46104,Yoshinari,Kavvadias,M,45599,9999-01-01
46109,Kiyotoshi,Kragelund,M,102429,9999-01-01
45867,Hailing,Denna,F,41291,9999-01-01
46124,Shunichi,Barinka,M,57654,9999-01-01
45883,JoAnna,Maccarone,M,40000,9999-01-01
46141,Sven,Nollmann,M,61599,9999-01-01
45886,Ioana,Ginesta,M,63626,9999-01-01
46261,Owen,Uehara,F,84153,9999-01-01
46159,Barun,Grabner,F,40736,9999-01-01
46164,Arumugam,Wynblatt,M,51057,9999-01-01
46176,Hatsukazu,Murrill,F,40000,9999-01-01
46266,Kiam,Carrera,F,40000,9999-01-01
46189,Yongdong,Reistad,M,61523,9999-01-01
46191,Hilari,Pocchiola,M,47480,9999-01-01
46272,Mong,Shiratori,M,65889,9999-01-01
46203,Ferdinand,Dymetman,F,40000,9999-01-01
46281,Rosine,Berztiss,M,40000,9999-01-01
46221,Weidon,Kobuchi,M,51056,9999-01-01
46299,Constantine,Hmelo,F,40000,9999-01-01
46236,Thodoros,Edelhoff,F,40000,9999-01-01
46248,Leif,dAstous,M,40000,9999-01-01
46305,Yakichi,Lamba,M,40000,9999-01-01
46250,Yefim,Decleir,F,69390,9999-01-01
46258,Nechama,Przulj,M,40000,9999-01-01
46316,Padma,Karnin,M,68015,9999-01-01
46260,Tze,Karlin,F,53467,9999-01-01
46317,Susanta,Rebaine,M,57251,9999-01-01
46318,Susumu,Vieth,F,40000,9999-01-01
46323,Masako,Tzvieli,F,75704,9999-01-01
46326,Harjit,Paludetto,F,40000,9999-01-01
46452,Filipp,Christianini,M,53925,9999-01-01
46457,Alenka,Keohane,M,51352,9999-01-01
46335,Shuji,Ananiadou,M,40000,9999-01-01
46466,Eberhardt,Cusworth,M,53479,9999-01-01
46470,Adhemar,Rassart,M,40000,9999-01-01
46339,Stepehn,Linares,M,56890,9999-01-01
46484,Neelam,Rabehasaina,F,59795,9999-01-01
46345,Ortrun,Kolvik,F,40000,9999-01-01
46347,Nadjib,Standera,M,40000,9999-01-01
46500,Mong,Keirsey,F,40000,9999-01-01
46352,Unal,Zambonelli,M,89610,9999-01-01
46356,Sham,Przulj,F,79940,9999-01-01
46392,Emdad,Zykh,F,60793,9999-01-01
46532,Siamak,Ruther,F,64589,9999-01-01
46548,Uno,Schlenzig,M,40000,9999-01-01
46562,Tiina,Panangaden,M,40252,9999-01-01
46563,Marlo,Veldwijk,F,40000,9999-01-01
46407,Hideyuki,Braunmuhl,F,40000,9999-01-01
46567,Khatoun,Kirkerud,M,63043,9999-01-01
46574,Yuping,Sinitsyn,M,65251,9999-01-01
46576,Kasidit,Lorys,M,40000,9999-01-01
46585,Kazuhisa,Bressoud,M,71081,9999-01-01
46414,Ferdinand,Schahn,M,40000,9999-01-01
46587,Macha,Baaleh,M,80392,9999-01-01
46425,Martina,Leivant,F,68060,9999-01-01
46439,Ibibia,Junet,M,119124,9999-01-01
46619,Taizo,Docker,M,65764,9999-01-01
46622,Filipp,Krzyzanowski,M,57693,9999-01-01
46630,Shao,Coorg,M,40000,9999-01-01
46440,Pranav,Rosay,F,53108,9999-01-01
46838,Yakichi,Marzano,M,68645,9999-01-01
46635,Saeed,Frezza,F,54001,9999-01-01
46642,Masadi,Kusakabe,F,40000,9999-01-01
46646,Subir,Cesareni,F,45327,9999-01-01
46664,Toshimori,Benveniste,F,92218,9999-01-01
46666,Mabhin,Avouris,M,40000,9999-01-01
46853,Aiichiro,Walston,M,64802,9999-01-01
46670,Marie,Unno,F,48252,9999-01-01
46672,Heekeun,Rehfuss,M,40000,9999-01-01
46680,Phuoc,Fairtlough,F,53167,9999-01-01
46683,Ger,Wynblatt,M,72751,9999-01-01
46685,Valter,Takanami,M,46359,9999-01-01
46858,Lubomir,Gente,M,83213,9999-01-01
46864,Ferdinand,Sooriamurthi,F,82282,9999-01-01
46866,Sangeeta,Garnham,F,76163,9999-01-01
46882,Ebbe,Swist,F,48635,9999-01-01
46714,Goa,Cronin,F,40000,9999-01-01
46717,Roded,Yeung,M,40000,9999-01-01
46721,Mang,Narlikar,F,55077,9999-01-01
46727,LiMin,Dratva,M,40000,9999-01-01
46730,Lakshmi,Flexer,F,40000,9999-01-01
46901,Krisda,Orlowska,M,41985,9999-01-01
46739,Goncalo,Douceur,F,40000,9999-01-01
46740,Denis,Kisuki,F,40000,9999-01-01
46749,Gaetan,Lamparter,M,40000,9999-01-01
46755,Jenwei,Frezza,F,66106,9999-01-01
46757,Supot,Delgrange,M,44647,9999-01-01
46927,Khaled,Matheson,M,40000,9999-01-01
46768,Shimshon,Narahari,M,40000,9999-01-01
46773,Vojin,Parveen,F,43783,9999-01-01
46953,Lucien,Luga,M,43352,9999-01-01
46959,Dulce,Haldar,F,40000,9999-01-01
46960,Adas,Ranze,M,40000,9999-01-01
46964,Tiina,McClure,M,40000,9999-01-01
46974,Shigehiro,Melski,M,40000,9999-01-01
46984,Pascal,Kandlur,M,65966,9999-01-01
47005,Eric,Selvestrel,M,71250,9999-01-01
47008,Radhika,Narlikar,F,40000,9999-01-01
47010,Goh,Nannarelli,M,55775,9999-01-01
47013,Kerhong,Straney,F,41731,9999-01-01
46993,Brigham,Swab,M,45268,9999-01-01
47021,Mang,Paludetto,M,40000,9999-01-01
47022,Mostafa,Terlouw,F,40000,9999-01-01
47203,Samphel,Fasbender,F,40000,9999-01-01
47034,Mario,Krupka,M,46160,9999-01-01
47038,Nathan,Krohn,F,48972,9999-01-01
47047,Shugo,Nourani,F,40000,9999-01-01
47050,Aimee,Nyrup,M,40000,9999-01-01
47056,Parto,Marciano,M,77089,9999-01-01
47059,DAIDA,Hoppenstand,F,80376,9999-01-01
47061,Kinh,Servi,M,56823,9999-01-01
47205,Valeri,Whittlesey,F,40569,9999-01-01
47084,Toshimori,Fortenbacher,M,44471,9999-01-01
47088,Oddvar,Melski,F,56583,9999-01-01
47215,Zhenbing,Swen,M,40000,9999-01-01
47094,Leni,Shimshoni,F,59515,9999-01-01
47103,Mamdouh,Lueh,M,48788,9999-01-01
47224,Kankanahalli,Honiden,F,57544,9999-01-01
47107,Thanasis,Pews,F,51514,9999-01-01
47116,Oscar,Rosar,F,76911,9999-01-01
47117,Munehiko,Zhiwei,M,47836,9999-01-01
47137,Valter,Marchegay,F,92421,9999-01-01
47145,Tommaso,Plavsic,F,40000,9999-01-01
47146,Masato,Ramaiah,M,60808,9999-01-01
47148,Makato,Baezner,F,40000,9999-01-01
47166,Chiranjit,Bade,M,64214,9999-01-01
47168,Nahum,Pell,F,40000,9999-01-01
47173,Lakshmi,Velasco,F,45369,9999-01-01
47178,Rimon,Srimani,M,40000,9999-01-01
47185,Premsyl,Homond,M,45866,9999-01-01
47227,Jiafu,Gulla,M,60919,9999-01-01
47236,Masako,Polupanov,M,50691,9999-01-01
47374,Yonghong,Kaiserswerth,M,56376,9999-01-01
47376,Mats,Rouquie,M,65898,9999-01-01
47379,Rance,Tchuente,M,40103,9999-01-01
47383,Amabile,Melichar,M,79310,9999-01-01
47239,Zissis,Schaad,M,53575,9999-01-01
47246,Teruyuki,Broder,M,40000,9999-01-01
47401,Arco,Thisen,M,67807,9999-01-01
47249,Jayson,Swen,M,40000,9999-01-01
47409,Kazuhira,Buchter,F,40000,9999-01-01
47414,Youjian,Ratnakar,M,49220,9999-01-01
47265,Chikako,Birke,M,62511,9999-01-01
47282,Mihalis,Herath,M,40000,9999-01-01
47438,Dayanand,Mandell,M,84984,9999-01-01
47445,Masami,Kropp,F,44119,9999-01-01
47446,Werner,Matzke,F,44330,9999-01-01
47286,Yinlin,Kamble,F,108923,9999-01-01
47462,Beshir,Sooriamurthi,F,51389,9999-01-01
47466,Mayuri,Biron,F,40000,9999-01-01
47288,Nishit,Ratnaker,M,92306,9999-01-01
47470,Toong,Deville,M,63386,9999-01-01
47293,Unal,Beidas,M,40000,9999-01-01
47299,Dmitri,Wixon,M,40000,9999-01-01
47488,Sumant,Delgrange,M,80930,9999-01-01
47311,Saeko,Baik,M,40000,9999-01-01
47516,Ronnie,Assaf,F,60270,9999-01-01
47340,Jaber,Pokrovskii,M,43914,9999-01-01
47553,Falguni,Zallocco,M,68388,9999-01-01
47342,Shichao,Stiles,M,64991,9999-01-01
47358,Tommaso,Lieberherr,M,59821,9999-01-01
47763,Yagil,Basart,F,62616,9999-01-01
47567,Marc,Pouyioutas,F,40000,9999-01-01
47568,Jaewoo,Lagarias,M,47948,9999-01-01
47581,Jagoda,Copas,F,41986,9999-01-01
47586,Goncalo,Rothe,M,40000,9999-01-01
47593,Christfried,Awdeh,F,40000,9999-01-01
47606,Howell,Versino,F,42459,9999-01-01
47611,Eldridge,Fandrianto,M,65917,9999-01-01
47764,Nadjib,Demri,M,49053,9999-01-01
47616,Shichao,Kulisch,M,40000,9999-01-01
47765,Mayumi,Sevcikova,F,72944,9999-01-01
47766,Gunilla,Simmel,F,55261,9999-01-01
47627,Alejandra,Harbusch,F,64005,9999-01-01
47770,Conrado,Sridhar,M,73885,9999-01-01
47637,Sariel,Schlegelmilch,F,87895,9999-01-01
47640,Persi,Barreiro,F,81013,9999-01-01
47777,Arunachalam,Zaumen,F,40010,9999-01-01
47798,Mohammad,Zhang,F,40000,9999-01-01
47821,Raimond,Mitina,M,45083,9999-01-01
47690,Khue,Mayerwieser,M,40000,9999-01-01
47825,Yakichi,Chelton,M,70260,9999-01-01
47832,Chriss,Zaccaria,M,66127,9999-01-01
47726,Huei,Bahr,M,70626,9999-01-01
47841,Aria,Benveniste,M,40000,9999-01-01
47735,Atilio,Krichel,F,65568,9999-01-01
47737,Kensei,Speek,F,84820,9999-01-01
47739,Moon,Piveteau,M,57664,9999-01-01
47740,Tamiya,Linares,M,79333,9999-01-01
47847,Renny,Rusmann,M,58431,9999-01-01
47849,Gao,Munke,F,40000,9999-01-01
47872,Toshimo,Attimonelli,M,40000,9999-01-01
47928,Zhensheng,Zweizig,M,47249,9999-01-01
47930,Apostol,Coors,F,40000,9999-01-01
47932,King,Ruther,F,56422,9999-01-01
47876,Shigeaki,Orlowska,F,65338,9999-01-01
47943,Martins,Puppo,M,48381,9999-01-01
47882,Zsolt,Solovay,F,40000,9999-01-01
47947,DAIDA,Keirsey,F,55875,9999-01-01
47952,Fumitaka,Motley,F,71650,9999-01-01
47958,Jaques,Tibblin,M,47425,9999-01-01
47905,Subhada,Vieth,F,40000,9999-01-01
47965,Kotesh,Remmers,M,54427,9999-01-01
47969,Tuval,Rosis,F,42692,9999-01-01
47981,Barna,Peng,F,50274,9999-01-01
47988,Mohan,Frezza,M,53008,9999-01-01
47906,Uma,Pulkowski,M,40000,9999-01-01
47996,Hirochika,Itschner,M,66180,9999-01-01
47997,Babette,Botman,M,45570,9999-01-01
47998,Rance,Karner,F,40183,9999-01-01
47925,Angel,Kamble,F,74828,9999-01-01
48008,Goncalo,Gulak,F,65558,9999-01-01
48020,Nobuyoshi,Strandh,M,40000,9999-01-01
48116,Jianhao,Suomi,M,40000,9999-01-01
48027,Snehasis,Servieres,F,40000,9999-01-01
48028,Steve,Bach,F,44406,9999-01-01
48031,Bezalel,Klassen,F,40000,9999-01-01
48043,Visit,Murtafg,M,52886,9999-01-01
48044,Zhonghui,Luga,M,72915,9999-01-01
48127,Barna,Thisen,M,63208,9999-01-01
48058,Duke,Peltason,M,40000,9999-01-01
48129,Froduald,Standera,F,40000,9999-01-01
48071,Rafail,Dulay,M,78792,9999-01-01
48131,Arne,Bharadwaj,F,43653,9999-01-01
48077,Adly,Engberts,M,40000,9999-01-01
48139,Perry,Bultermann,F,80436,9999-01-01
48080,Florina,Coorg,F,50005,9999-01-01
48092,Shuichi,Furudate,F,90583,9999-01-01
48149,Sivanarayana,Nergos,M,59757,9999-01-01
48108,Shaowei,Cairo,F,59613,9999-01-01
48154,Baocai,Baba,M,60060,9999-01-01
48161,Khalid,Gustavson,F,40000,9999-01-01
48176,Hauke,Templeman,M,40000,9999-01-01
48314,Mang,Chiodo,M,51404,9999-01-01
48177,Xudong,Chinal,M,40000,9999-01-01
48185,Adel,Pusterhofer,M,40000,9999-01-01
48327,Udaiprakash,Fandrianto,F,51868,9999-01-01
48332,Hailing,Kleiser,F,52927,9999-01-01
48337,Martine,Fontet,M,44139,9999-01-01
48192,Eldridge,Soicher,M,45551,9999-01-01
48343,Sungwon,Lung,F,45165,9999-01-01
48201,Leen,Valtorta,M,40000,9999-01-01
48362,Zvonko,Jording,M,52051,9999-01-01
48202,Changho,Herbst,M,43876,9999-01-01
48368,Xuejia,Suessmith,F,48172,9999-01-01
48370,Khatoun,Pellegrinelli,M,65014,9999-01-01
48371,Valery,Krupka,F,60182,9999-01-01
48221,Willard,Gist,M,40000,9999-01-01
48375,Jaques,Aloia,M,41710,9999-01-01
48376,Sreenivas,Wixon,M,50410,9999-01-01
48387,Conor,Krybus,M,44749,9999-01-01
48393,Kristina,Flasterstein,M,40000,9999-01-01
48240,Mooi,Lamba,M,49408,9999-01-01
48403,Hongzue,Krider,M,72175,9999-01-01
48405,Mona,Gustavson,M,46199,9999-01-01
48407,Theirry,Gischer,M,90964,9999-01-01
48413,Sandeepan,Huhdanpaa,F,75748,9999-01-01
48423,Szabolcs,Famili,M,40000,9999-01-01
48426,Amstein,Conte,M,51116,9999-01-01
48446,Parke,Kossowski,F,52936,9999-01-01
48472,Younwoo,Ratnaker,M,40000,9999-01-01
48488,Mong,Feldmann,M,54564,9999-01-01
48503,Pranas,Gammage,M,68225,9999-01-01
48514,Dinah,Sadowsky,M,60364,9999-01-01
48521,Yurij,Tzvieli,F,49550,9999-01-01
48524,Danae,Wursthorn,M,40000,9999-01-01
48525,Heeju,Eastman,M,48601,9999-01-01
48533,Mohammed,Uhrig,M,40000,9999-01-01
48534,Mountaz,Bultermann,M,96140,9999-01-01
48542,Kazuhide,Zeilberger,M,55488,9999-01-01
48546,Yongmin,Koblick,M,40000,9999-01-01
48557,Halsur,Picht,M,40000,9999-01-01
48562,Tokuyasu,Cmelik,M,53051,9999-01-01
48563,Alejandro,Candan,M,61465,9999-01-01
48577,Peternela,Piazza,M,64261,9999-01-01
48578,Ymte,Luiz,M,40000,9999-01-01
48591,Kamran,Rahier,M,45831,9999-01-01
48602,Seongbae,Matheson,F,40000,9999-01-01
48626,Jianwen,Munro,F,69522,9999-01-01
48629,Shigeichiro,Gopalakrishnan,M,40000,9999-01-01
48632,Mingsen,Butterworth,M,40000,9999-01-01
48646,Owen,Luby,F,65651,9999-01-01
48648,Billur,Munck,M,45234,9999-01-01
48651,Vitaly,McClurg,M,55460,9999-01-01
48658,Ravishankar,Lally,M,53156,9999-01-01
48672,Mantis,Servi,M,76052,9999-01-01
48682,Karoline,Sessa,F,78996,9999-01-01
48683,Peer,Garnham,M,84149,9999-01-01
48693,Quingbo,Erev,M,63309,9999-01-01
48696,Irena,Giarratana,F,76758,9999-01-01
48701,Adly,Msuda,M,64560,9999-01-01
48711,Khosrow,Schmittgen,F,40000,9999-01-01
48736,Feixiong,Cunliffe,M,58912,9999-01-01
48741,Marke,Maccarone,F,40000,9999-01-01
48751,Takanari,Luit,M,40000,9999-01-01
48757,Stella,Gecseg,F,61143,9999-01-01
48772,Sanjai,Hoogerwoord,M,47335,9999-01-01
48775,Ranga,Pillow,F,55130,9999-01-01
48785,Zhenhua,Pappas,M,40000,9999-01-01
48791,Kinh,Covnot,M,49456,9999-01-01
48799,Frederique,Giarratana,F,48572,9999-01-01
48803,Yuuichi,Bhattacharjee,M,48143,9999-01-01
48809,Masami,Farrow,M,45564,9999-01-01
48811,Subhada,Zlotek,M,56929,9999-01-01
48816,Moty,Stanger,F,43246,9999-01-01
48818,Monique,Welham,M,77932,9999-01-01
48832,Kitty,Clouatre,F,40000,9999-01-01
48834,Felicidad,Ferriere,F,68502,9999-01-01
48838,Gay,Meszaros,F,65816,9999-01-01
48840,Gay,Alpay,M,55885,9999-01-01
48841,Krisda,Busillo,F,55440,9999-01-01
48847,Pramod,Hoogerwoord,M,40000,9999-01-01
48862,Kersti,Farrag,M,60378,9999-01-01
48883,Vitali,Servi,M,40000,9999-01-01
48915,Qiwen,Gerteisen,M,45783,9999-01-01
48917,Rosalyn,Vernadat,F,40000,9999-01-01
48243,Juyoung,Riesenhuber,M,42176,9999-01-01
48253,Babette,Muniz,F,40000,9999-01-01
48955,Masasuke,Onuegbe,M,54060,9999-01-01
48970,Kazuhito,Collette,M,83805,9999-01-01
48254,Chenyi,Gomatam,F,66239,9999-01-01
48267,Serenella,Validov,F,83322,9999-01-01
48984,Ebru,Cronan,F,48500,9999-01-01
48985,Divine,Ozeki,M,52370,9999-01-01
48988,Claudi,Famili,M,40000,9999-01-01
48996,Navin,Gelosh,M,45007,9999-01-01
48268,Kazuhisa,Hutton,F,54730,9999-01-01
48999,Boriana,Neimat,M,51873,9999-01-01
49003,Odoardo,Laventhal,M,82291,9999-01-01
48270,Guadalupe,Lorys,M,52726,9999-01-01
49007,Hiroyasu,Aamodt,M,40000,9999-01-01
48285,Siamak,McAlpine,M,46773,9999-01-01
49030,Monique,Thombley,M,46049,9999-01-01
48286,Roded,Ranum,F,58051,9999-01-01
49224,Shrikanth,Swist,M,68887,9999-01-01
49041,Jixiang,Sifakis,M,53513,9999-01-01
49047,Dannz,Pargaonkar,M,44234,9999-01-01
49053,Gila,Plumb,M,40000,9999-01-01
49227,Anestis,Clouatre,F,79096,9999-01-01
49062,Hailing,Zumaque,M,42525,9999-01-01
49235,Heather,Shiratori,F,43880,9999-01-01
49075,Ravishankar,Orlowska,M,40000,9999-01-01
49077,Kasturi,Siprelle,M,53224,9999-01-01
49242,Hongzue,Erman,M,55679,9999-01-01
49086,Kish,Macedo,F,40000,9999-01-01
49087,Yifei,Cools,M,40000,9999-01-01
49091,Mabry,Papadias,M,40000,9999-01-01
49244,Alexius,Trelles,F,40000,9999-01-01
49251,Barry,Shimshoni,F,43806,9999-01-01
49106,Krassimir,Lorin,M,42254,9999-01-01
49262,Willard,Fairtlough,M,65055,9999-01-01
49115,Xinan,Engelmann,M,52039,9999-01-01
49128,Sarita,Kuzuoka,M,77351,9999-01-01
49130,Pohua,Bage,M,49586,9999-01-01
49264,Hsiangchu,Landherr,M,40000,9999-01-01
49138,Zhonghua,Nourani,M,40000,9999-01-01
49279,Jovan,Docker,F,40000,9999-01-01
49280,Tse,Oxman,M,40000,9999-01-01
49294,Mads,Peltason,M,78948,9999-01-01
49174,Giri,Pollock,F,45721,9999-01-01
49301,Kien,Schnabel,M,45047,9999-01-01
49194,Nigel,Plesums,M,58086,9999-01-01
49202,Zhaofang,Chiola,M,40000,9999-01-01
49306,Tuval,Iwayama,F,40000,9999-01-01
49310,Yechiam,Assaf,M,40000,9999-01-01
49315,Debaprosad,Gihr,M,79130,9999-01-01
49320,Zhigen,Ratnakar,F,63806,9999-01-01
49335,Gunilla,Breugel,F,87166,9999-01-01
49340,Rosella,Egerstedt,M,53387,9999-01-01
49430,Nathan,Erez,F,41112,9999-01-01
49351,Pranas,Babb,M,40000,9999-01-01
49434,Adin,Koblitz,M,40000,9999-01-01
49436,Chanjung,Nitsche,M,54858,9999-01-01
49437,Ramalingam,Anguita,F,40000,9999-01-01
49438,IEEE,Krichel,M,59282,9999-01-01
49449,Tsutomu,Sifakis,F,55905,9999-01-01
49353,Kristin,Lorys,F,49721,9999-01-01
49457,Vidya,Speek,M,40000,9999-01-01
49368,Vishu,Erev,M,47677,9999-01-01
49382,Bikash,Kalefeld,F,40000,9999-01-01
49496,Jaewoo,Butner,M,77746,9999-01-01
49501,Yonghong,Schmezko,M,40000,9999-01-01
49383,Ipke,Krone,F,40000,9999-01-01
49385,Vesna,Egerstedt,M,45055,9999-01-01
49515,Feipei,Schmiedel,M,87450,9999-01-01
49594,Morris,Eiron,M,40000,9999-01-01
49524,Saniya,Brender,M,80839,9999-01-01
49527,Nigel,Coors,M,48646,9999-01-01
49532,Bodh,Ghazalie,F,48963,9999-01-01
49537,Minghong,Dulli,F,42058,9999-01-01
49556,Divine,Hofman,F,61356,9999-01-01
49558,Marko,Rusterholz,M,49444,9999-01-01
49565,Radhika,Spell,F,40000,9999-01-01
49566,Theirry,Compeau,M,85727,9999-01-01
49570,Berry,Henseler,M,47919,9999-01-01
49795,Marsha,Vitiello,M,54147,9999-01-01
49796,Edwin,Rouquie,M,51496,9999-01-01
49806,Barun,Camarinopoulos,F,53929,9999-01-01
49811,Toshiki,Kavanagh,M,79435,9999-01-01
49813,Sigeru,Solares,M,52480,9999-01-01
49599,Pradeep,Gente,M,81359,9999-01-01
49820,Christoph,Besancenot,F,40000,9999-01-01
49825,Zeljko,Matheson,F,55308,9999-01-01
49617,Mahmut,Domenig,F,40000,9999-01-01
49619,Fumiyo,Cools,F,63421,9999-01-01
49860,Pintsang,Rosin,F,41940,9999-01-01
49861,Rosalyn,Zykh,M,81990,9999-01-01
49624,Falguni,Mitsuhashi,M,40000,9999-01-01
49869,Sampalli,Etalle,M,40000,9999-01-01
49625,Shem,Greibach,F,40000,9999-01-01
49659,Fatemeh,Sudbeck,M,48834,9999-01-01
49893,Mahendra,Verhaegen,F,52644,9999-01-01
49894,Wilmer,Barvinok,F,40000,9999-01-01
49900,Ramzi,Schonegge,F,40000,9999-01-01
49902,Hairong,Hiroyama,F,41303,9999-01-01
49912,Demos,Swiss,F,63437,9999-01-01
49660,Oscar,Chinin,M,40000,9999-01-01
49918,Akeel,Maksimenko,M,40000,9999-01-01
49920,Dekang,Babu,F,53888,9999-01-01
49667,Sakthirel,Pashtan,F,82598,9999-01-01
49930,Girolamo,Conte,M,73438,9999-01-01
49934,Marsja,Ramalingam,F,40000,9999-01-01
49668,Xuedong,Braunschweig,M,61599,9999-01-01
49937,Shawna,Thibadeau,F,40818,9999-01-01
49940,Anyuan,Wallrath,M,50017,9999-01-01
49942,Eric,Hartvigsen,M,44180,9999-01-01
49675,Uri,Tchuente,M,80001,9999-01-01
49954,Taizo,Scharstein,F,61159,9999-01-01
49682,Toshimori,Murtha,M,56677,9999-01-01
49696,Sandeepan,Bondorf,M,60372,9999-01-01
49699,Lidong,Dulli,M,40000,9999-01-01
49971,Oddvar,Mandelberg,F,45342,9999-01-01
49707,Tetsushi,Rindone,F,66540,9999-01-01
49708,Nagui,Jansch,F,40000,9999-01-01
49992,Marsha,Dayana,M,46485,9999-01-01
49710,Goetz,Herber,M,40000,9999-01-01
49994,Dhritiman,Ramamoorthy,M,43953,9999-01-01
50002,Dannz,Gecsel,M,83259,9999-01-01
49715,Shunichi,Lieblein,M,72581,9999-01-01
50006,Charmane,Yeung,M,43309,9999-01-01
50016,Weicheng,Serna,M,43292,9999-01-01
49732,Kellyn,Famili,M,43370,9999-01-01
50019,Aloke,Neiman,M,54307,9999-01-01
50034,Jixiang,Muhling,M,40000,9999-01-01
49758,Radoslaw,Callaway,M,57572,9999-01-01
50041,Tze,Denny,M,41012,9999-01-01
50048,Indrajit,Lindqvist,F,43392,9999-01-01
50071,Khue,Baalen,M,80387,9999-01-01
49766,Anestis,Staylopatis,M,53487,9999-01-01
50075,Shaz,Muntz,M,40000,9999-01-01
50080,Mary,Argence,F,61737,9999-01-01
50083,Patricio,Waymire,F,75638,9999-01-01
49772,Navin,Cools,F,40000,9999-01-01
50093,Irene,Improta,M,40530,9999-01-01
49774,Shigeaki,Zyda,F,40000,9999-01-01
50163,Arlette,Ruther,F,40000,9999-01-01
50102,Adib,Boudaillier,F,40000,9999-01-01
50111,Angel,Rosin,M,40000,9999-01-01
50126,Terresa,Brendel,M,40000,9999-01-01
50182,Unal,Kossowski,F,40000,9999-01-01
50145,Angel,Peyn,F,40000,9999-01-01
50198,Prasadram,Fortenbacher,F,52127,9999-01-01
50199,Yishai,Schreiter,M,40000,9999-01-01
50344,Xiping,Qiwen,M,71860,9999-01-01
50204,Mayuko,Beutelspacher,F,95855,9999-01-01
50348,Genevieve,Binkley,M,49758,9999-01-01
50351,Shahaf,Fordan,M,52431,9999-01-01
50356,Guoxiang,Knightly,M,76936,9999-01-01
50207,Feiyu,Huxford,F,87965,9999-01-01
50361,Sven,Chenoweth,M,41001,9999-01-01
50369,Shmuel,Gils,F,91209,9999-01-01
50218,Boguslaw,Baer,M,60903,9999-01-01
50377,Charlene,Lipner,M,71990,9999-01-01
50380,Gino,Schusler,F,41161,9999-01-01
50234,Abdelkader,Felder,M,40000,9999-01-01
50393,Lunjin,Marzano,F,55848,9999-01-01
50395,Bedir,Garigliano,M,40000,9999-01-01
50236,Zhenbing,Cangellaris,M,40000,9999-01-01
50414,Alois,Belinskaya,F,40000,9999-01-01
50241,Gor,Melichar,M,46883,9999-01-01
50257,Shigeichiro,Pezzoli,M,67150,9999-01-01
50437,Maha,Beilner,M,40000,9999-01-01
50441,Mahmut,Braunschweig,F,46991,9999-01-01
50444,Odysseas,Terwilliger,M,55545,9999-01-01
50449,Jagoda,Alvarado,F,75644,9999-01-01
50455,Munir,Anguita,F,46161,9999-01-01
50456,Alain,Eastman,F,46952,9999-01-01
50268,Danil,Borovoy,M,46856,9999-01-01
50469,Berhard,Hinsberger,M,40000,9999-01-01
50274,Horward,Boudaillier,F,97022,9999-01-01
50475,Paris,Hennebert,M,49456,9999-01-01
50478,Leni,Benzmuller,F,98084,9999-01-01
50479,Mitsuyuki,Ramsey,F,65019,9999-01-01
50275,Cordelia,Ohori,F,47111,9999-01-01
50491,Garnik,Shokrollahi,M,40000,9999-01-01
50285,Utz,Bernardeschi,M,81384,9999-01-01
50503,Elvia,Kading,F,57306,9999-01-01
50287,Ortrun,Mapelli,M,40000,9999-01-01
50512,Yolla,Shimshoni,F,40000,9999-01-01
50513,Gritta,Antonisse,M,68513,9999-01-01
50294,Arto,Cronan,M,67191,9999-01-01
50302,Golgen,Simmel,F,51499,9999-01-01
50517,Weidon,Snedden,M,94684,9999-01-01
50309,Mostafa,Rodite,M,40000,9999-01-01
50522,Hongzhu,Babu,F,49791,9999-01-01
50318,Remco,Beerel,F,40083,9999-01-01
50322,Perla,Larfeldt,M,40000,9999-01-01
50553,Erzsebet,Zschoche,F,64679,9999-01-01
50324,Geraldo,Taubenfeld,F,40000,9999-01-01
50707,Uno,Coney,M,46266,9999-01-01
50578,Satosi,Merle,M,53918,9999-01-01
50585,Dhritiman,Setlzner,F,51994,9999-01-01
50588,Ghassan,Swan,M,82676,9999-01-01
50590,Leucio,Calkin,F,40000,9999-01-01
50736,Ulf,Douceur,M,40000,9999-01-01
50605,Jaihie,Crooks,F,40862,9999-01-01
50610,Kazuhira,Nyanchama,M,65206,9999-01-01
50739,Kiyomitsu,Guenter,F,48998,9999-01-01
50750,Kristen,DasSarma,F,40000,9999-01-01
50639,Fumiko,Kruskal,M,40000,9999-01-01
50649,Chenxi,Rijsenbrij,M,60684,9999-01-01
50672,Shen,Greenaway,M,40000,9999-01-01
50678,Udaiprakash,Chepyzhov,M,71576,9999-01-01
50694,Sadun,Middleton,F,83441,9999-01-01
50758,Mara,Isard,M,74807,9999-01-01
50891,Guenter,Suermann,F,40000,9999-01-01
50893,Tayeb,Garrabrants,M,65063,9999-01-01
50895,Stein,Bolsens,M,40000,9999-01-01
50899,Pintsang,Gadepally,M,69445,9999-01-01
50790,Hugo,Serdy,M,58147,9999-01-01
50906,Djenana,Ibel,M,50513,9999-01-01
50916,Yuping,Kossowski,M,59064,9999-01-01
50805,Xumin,Lenart,F,79887,9999-01-01
50950,Jolita,Rande,F,45904,9999-01-01
50953,Adhemar,Fiebach,M,65699,9999-01-01
50954,Yishay,Nations,F,48555,9999-01-01
50957,Ipke,Ullian,F,49676,9999-01-01
50807,Muneo,Conde,F,42635,9999-01-01
50973,Udi,Krohm,F,64920,9999-01-01
50974,Yoshimitsu,Narahara,M,48111,9999-01-01
50814,Aamer,Daescu,M,49220,9999-01-01
50983,Hironobu,Grandbois,M,75039,9999-01-01
50985,Mototsugu,Krichel,M,75756,9999-01-01
50828,Fumiyo,Henders,F,40000,9999-01-01
50995,Ugo,Bala,M,66888,9999-01-01
50838,Adil,Skogmar,F,45211,9999-01-01
50843,Uno,Aumann,F,42886,9999-01-01
50856,Hironoby,Melter,M,40000,9999-01-01
51035,Gina,Standera,F,40000,9999-01-01
51039,Dekang,Penz,M,40000,9999-01-01
50857,Houman,Schmiedel,F,55339,9999-01-01
50881,Ravishankar,Itzfeldt,M,53469,9999-01-01
51062,Werner,Narlikar,F,99131,9999-01-01
50883,Kiyotoshi,Gyorkos,F,48146,9999-01-01
51263,Arnould,Pearson,M,52079,9999-01-01
51078,Maia,Leuchs,M,40000,9999-01-01
51081,Masadi,Blokdijk,F,59698,9999-01-01
51082,Patricio,Kobara,F,47222,9999-01-01
51088,Adin,Rathonyi,M,59934,9999-01-01
51269,Sangeeta,Schmittgen,F,55277,9999-01-01
51113,Evgueni,Camurati,F,40000,9999-01-01
51285,Zhiwei,Itschner,M,40000,9999-01-01
51121,Debaprosad,Bierbaum,M,40745,9999-01-01
51126,Gully,Zirintsis,F,65520,9999-01-01
51294,Tetsushi,Pell,F,52607,9999-01-01
51148,Lucian,Lubachevsky,F,79534,9999-01-01
51149,Gilbert,Rajcani,M,40000,9999-01-01
51150,Mona,Ferriere,M,73391,9999-01-01
51299,Demos,McClure,F,63026,9999-01-01
51307,Xiping,Parascandalo,M,101332,9999-01-01
51165,Kazuyasu,Anily,M,40000,9999-01-01
51166,Xiaobin,Ginesta,M,61207,9999-01-01
51175,Mark,Lorho,M,73379,9999-01-01
51177,Hironoby,Birsak,M,51243,9999-01-01
51311,Guadalupe,Fujisaki,F,56793,9999-01-01
51190,Sivanarayana,Zedlitz,F,50358,9999-01-01
51313,Alois,Francisci,M,46459,9999-01-01
51194,Freyja,Schach,M,43263,9999-01-01
51323,Yannis,Stanger,F,77063,9999-01-01
51201,Byong,Suomi,F,66354,9999-01-01
51208,Arvin,Walstra,M,64921,9999-01-01
51218,Shir,Frijda,F,40000,9999-01-01
51219,Niclas,Ernst,F,49267,9999-01-01
51331,Jackson,Pusterhofer,M,61438,9999-01-01
51234,Berna,Axelband,M,61536,9999-01-01
51333,Shichao,Whittlesey,M,40020,9999-01-01
51336,Rosli,Pepe,F,80848,9999-01-01
51250,Leah,Alpay,F,49618,9999-01-01
51347,Hiroyasu,Randi,F,40000,9999-01-01
51351,Pasqua,Perko,M,61531,9999-01-01
51363,Georgy,Sundgren,M,61721,9999-01-01
51446,Byong,Uehara,M,40000,9999-01-01
51381,Sadok,Huhdanpaa,F,60074,9999-01-01
51455,Jinpo,Schnabel,F,78373,9999-01-01
51476,True,Gerlach,M,73508,9999-01-01
51478,Khaled,Markovitch,F,65695,9999-01-01
51481,Satoru,Wilfing,F,75376,9999-01-01
51400,KayLiang,Luca,M,90813,9999-01-01
51501,Mikhail,Range,M,40000,9999-01-01
51503,Dietrich,Famili,F,40000,9999-01-01
51507,Khalid,Gubsky,M,75929,9999-01-01
51402,Vasiliy,Kuhnemann,M,40000,9999-01-01
51404,Lalit,Desikan,F,40000,9999-01-01
51520,Goh,Bierman,M,67629,9999-01-01
51521,Chinhyun,Gustavson,F,43763,9999-01-01
51412,Atreye,Shumilov,F,76157,9999-01-01
51526,Debaprosad,Rassart,M,64195,9999-01-01
51413,Changho,Willoner,M,41754,9999-01-01
51541,Zito,Boudaillier,F,40000,9999-01-01
51414,Mohammed,Improta,M,63972,9999-01-01
51548,Freyja,Rahimi,M,40000,9999-01-01
51429,Yannis,Saoudi,M,40000,9999-01-01
51561,Marsha,Docker,F,40000,9999-01-01
51571,Yuichiro,Jervis,F,46866,9999-01-01
51574,Manohar,Rouquie,M,50204,9999-01-01
51431,Debaprosad,Merro,F,84864,9999-01-01
51580,Oscar,Syang,F,40000,9999-01-01
51438,Alagu,Bernatsky,M,56119,9999-01-01
51590,Ung,Sudbeck,M,78223,9999-01-01
51593,Masasuke,Pardalos,F,40000,9999-01-01
51597,Shuky,Mungall,M,46786,9999-01-01
51639,Abdelaziz,Czap,M,97345,9999-01-01
51602,Edwin,Antonakopoulos,M,70048,9999-01-01
51611,Takushi,Encarnacion,F,40000,9999-01-01
51616,Rafail,Rassart,M,48640,9999-01-01
51619,Kensei,Birke,F,48804,9999-01-01
51622,Deniz,Casperson,M,59715,9999-01-01
51645,Berto,Stassinopoulos,M,48041,9999-01-01
51646,Maren,Hellwagner,M,40000,9999-01-01
51812,Marit,Yoshizawa,M,40000,9999-01-01
51651,Valdiodio,Kaiserswerth,M,62005,9999-01-01
51818,Boriana,Weedman,M,46097,9999-01-01
51662,Shir,Varman,M,53867,9999-01-01
51838,Akemi,Woycyznski,M,40000,9999-01-01
51840,Leucio,Gimbel,M,68598,9999-01-01
51681,Ulises,Petereit,M,40000,9999-01-01
51863,Idoia,Bennis,M,47118,9999-01-01
51867,Shahaf,Jansch,M,40000,9999-01-01
51686,Luigi,Rosay,F,40000,9999-01-01
51877,Golgen,Picaronny,M,40953,9999-01-01
51688,Jovan,Comte,F,41763,9999-01-01
51690,Xiping,Norsworthy,M,84420,9999-01-01
51691,Fumiya,Lagarias,F,60477,9999-01-01
51898,Mandell,Luca,M,41606,9999-01-01
51694,Mohamadou,Taubman,M,53242,9999-01-01
51909,Baocai,Honglei,F,71607,9999-01-01
51910,Rosli,Chenoweth,M,53432,9999-01-01
51724,Xiong,Kolvik,M,73463,9999-01-01
51916,Jingling,Yetim,M,65637,9999-01-01
51943,Gal,Arlazarov,M,58283,9999-01-01
51949,Pranav,Rosti,M,50734,9999-01-01
51736,Shigehiro,Valiente,F,44781,9999-01-01
51738,Guenter,Norsworthy,M,45305,9999-01-01
51969,Barna,Bharadwaj,M,42237,9999-01-01
51994,Shigehito,Pluym,M,86798,9999-01-01
51995,Zhongwei,Roccetti,M,93409,9999-01-01
52001,Irene,Varman,M,40000,9999-01-01
52002,Parviz,Stamatiou,F,51639,9999-01-01
52008,Sachio,Noriega,F,50581,9999-01-01
52015,Zeljko,Raoux,M,40741,9999-01-01
51759,Sarita,Sherertz,M,40430,9999-01-01
52058,Jessie,Rassart,F,40000,9999-01-01
52063,Ferdinand,Lunt,M,40000,9999-01-01
52066,Xiong,Bojadziev,M,54319,9999-01-01
52069,Conrado,Krohm,F,57834,9999-01-01
52071,Xianlong,Milicic,M,84726,9999-01-01
51781,Mandell,Murtagh,M,40000,9999-01-01
51788,Uzi,Chleq,F,40000,9999-01-01
52095,Hein,Dayang,M,54221,9999-01-01
52098,Martine,Delaune,M,65970,9999-01-01
51791,Marjo,Kroft,F,49998,9999-01-01
52108,Anestis,Reinhart,M,55719,9999-01-01
52113,Feixiong,Hiroyama,M,81095,9999-01-01
51806,Fumitake,Tasistro,M,80455,9999-01-01
52117,Neven,Lipner,F,58904,9999-01-01
52130,Kwangho,Besselaar,F,49600,9999-01-01
52131,Tonny,Collette,M,56874,9999-01-01
52196,Francesca,Choobineh,F,48536,9999-01-01
52144,Gad,Hoogerwoord,M,49259,9999-01-01
52149,Greger,Broomell,M,40000,9999-01-01
52167,Bernd,Copas,M,40000,9999-01-01
52173,Masato,Papadias,F,40000,9999-01-01
52175,Oldrich,Cronan,M,53314,9999-01-01
52207,Alenka,Sifakis,M,46277,9999-01-01
52217,Spyrose,Henseler,F,40000,9999-01-01
52369,Manohar,Sewelson,F,64693,9999-01-01
52228,Heng,Meszaros,M,54416,9999-01-01
52373,Mircea,McClurg,M,40000,9999-01-01
52230,Leah,Stavenow,M,59257,9999-01-01
52391,Horward,Varker,F,40000,9999-01-01
52396,Ulf,Paludetto,M,57947,9999-01-01
52397,Huai,Swen,F,48283,9999-01-01
52248,Masaki,Peek,F,40000,9999-01-01
52411,Elvis,Alpin,M,40978,9999-01-01
52412,Gen,Thombley,F,60566,9999-01-01
52413,Qiwen,Brobst,M,75404,9999-01-01
52417,Eran,Rahimi,F,56389,9999-01-01
52420,Badri,Pramanik,F,58185,9999-01-01
52252,Moty,Bade,F,64287,9999-01-01
52255,Masamitsu,Michaels,M,40000,9999-01-01
52271,Nikolaus,Schaft,M,71369,9999-01-01
52454,Marco,Peyn,M,40000,9999-01-01
52465,Gift,Ramsay,M,51258,9999-01-01
52291,Kshitij,Erva,M,71789,9999-01-01
52475,Augustine,Khamsi,F,48960,9999-01-01
52483,Kazuhira,Boyle,M,40000,9999-01-01
52299,Shin,Baranowski,M,63020,9999-01-01
52307,Michaela,Suri,M,62282,9999-01-01
52511,Zhanqiu,Luca,M,90236,9999-01-01
52310,Yongmin,Flexer,M,90318,9999-01-01
52315,Hilari,Ozery,M,40000,9999-01-01
52531,Khosrow,Basart,F,43156,9999-01-01
52539,Shigeu,Huttel,M,67249,9999-01-01
52342,Niranjan,Karcich,F,73705,9999-01-01
52548,Mario,Ritzmann,M,54307,9999-01-01
52348,Junsik,Radwan,F,65055,9999-01-01
52557,Aruna,Kalsbeek,M,58610,9999-01-01
52355,Arto,Merkl,F,40000,9999-01-01
52564,Shuky,Chenoweth,F,40000,9999-01-01
52356,Kazuhira,Swist,F,50250,9999-01-01
52579,Hironoby,Auria,M,44967,9999-01-01
52746,Ingmar,Neimat,M,80170,9999-01-01
52584,Szabolcs,Osgood,M,70989,9999-01-01
52593,Shridhar,Lichtman,M,68633,9999-01-01
52598,Lobel,Marciano,M,40000,9999-01-01
52610,Akhilish,Tsukuda,M,43766,9999-01-01
52752,Barna,Rajcani,M,61326,9999-01-01
52633,Diederik,Hasham,M,64715,9999-01-01
52644,Geoffrey,Picci,M,53574,9999-01-01
52761,Toshimori,Delgrossi,M,40000,9999-01-01
52773,Shounak,Rissland,F,89204,9999-01-01
52667,Pranav,McConalogue,M,63870,9999-01-01
52671,Gay,Sommer,M,65602,9999-01-01
52676,Baruch,Melton,F,50832,9999-01-01
52812,Jaber,Fujisawa,F,83882,9999-01-01
52682,Valdiodio,Crooks,F,59648,9999-01-01
52695,Sahrah,Borstler,F,40000,9999-01-01
52698,Magdalena,Mersereau,F,42017,9999-01-01
52700,Shin,Ranze,M,41573,9999-01-01
52703,Gian,Sidje,F,41787,9999-01-01
52712,Boaz,Giveon,F,42070,9999-01-01
52815,Djenana,Makrucki,F,49163,9999-01-01
52727,Steve,Facello,M,49070,9999-01-01
52830,Kitty,Peron,F,51210,9999-01-01
52733,Supot,Atrawala,M,62659,9999-01-01
52842,Ohad,Murtafg,M,40000,9999-01-01
52851,Gita,Billawala,F,47754,9999-01-01
52932,Carrsten,Lorin,F,62236,9999-01-01
52933,Gurbir,Uludag,M,57801,9999-01-01
52856,Kazuhide,Speel,M,46133,9999-01-01
52951,Hauke,Solares,M,67342,9999-01-01
52857,Van,Rabehasaina,F,40000,9999-01-01
52961,Arun,Niizuma,M,42981,9999-01-01
52962,Hein,Cappelli,M,63817,9999-01-01
52964,Dmitri,Grandbois,M,43515,9999-01-01
52965,Itzchak,Steinauer,F,47232,9999-01-01
52867,Yishay,Lindenbaum,M,77395,9999-01-01
52976,Alejandra,Binding,M,40000,9999-01-01
52981,Howell,Hutton,M,42119,9999-01-01
52897,Arnd,Isaac,F,40000,9999-01-01
52986,Ugo,Beznosov,F,70532,9999-01-01
53012,Yongdong,Muchinsky,F,74553,9999-01-01
52916,Paris,Schusler,F,63229,9999-01-01
53130,Anestis,Poupard,M,71330,9999-01-01
53057,Moss,Reeken,F,56784,9999-01-01
53059,Sachin,Impagliazzo,F,54775,9999-01-01
53064,Mingsen,Heusch,M,54821,9999-01-01
53079,Nirmal,Maierhofer,M,58193,9999-01-01
53080,Yunming,Lamma,M,40000,9999-01-01
53083,Jinya,Schaap,M,54213,9999-01-01
53090,Kazuhisa,Furedi,M,61937,9999-01-01
53092,Tetsushi,England,M,81343,9999-01-01
53134,Shahid,Fasbender,M,77478,9999-01-01
53103,Nechama,Molenkamp,F,60801,9999-01-01
53138,Parke,Schaaf,M,40000,9999-01-01
53145,Tsutomu,Reistad,F,69251,9999-01-01
53146,Guenter,Rosay,M,61045,9999-01-01
53150,Kiyotoshi,Kakkad,F,40000,9999-01-01
53298,Shay,Oskamp,M,50854,9999-01-01
53154,Chaosheng,Akazan,M,40000,9999-01-01
53157,Weiye,Birge,M,49549,9999-01-01
53159,Jaewon,Cherinka,M,60440,9999-01-01
53318,Mohua,Hooghiemstra,F,54405,9999-01-01
53160,Susumu,Rossi,F,40000,9999-01-01
53324,Vincent,Speckmann,M,40000,9999-01-01
53328,Terresa,Swan,M,40000,9999-01-01
53162,Marke,Bamford,F,47988,9999-01-01
53165,Woody,Feldmann,M,40000,9999-01-01
53353,Srinidhi,Sudkamp,M,51855,9999-01-01
53358,Pasqua,Peac,M,44851,9999-01-01
53367,Samphel,Parveen,F,69828,9999-01-01
53380,Tianruo,Pollacia,M,53738,9999-01-01
53391,Fayez,Stroustrup,M,71880,9999-01-01
53398,Brigham,Munch,M,40000,9999-01-01
53412,Dipayan,Rassart,M,62301,9999-01-01
53415,Mariangiola,Nitta,F,80816,9999-01-01
53418,Hiroyasu,Alencar,M,90427,9999-01-01
53424,Saeed,Garrabrants,F,54009,9999-01-01
53430,Marke,Schneeberger,M,68380,9999-01-01
53436,Filipe,Mitsuhashi,M,40000,9999-01-01
53177,Vugranam,Sichman,M,40000,9999-01-01
53442,Nathalie,Riefers,M,60078,9999-01-01
53455,Sariel,Deville,M,40000,9999-01-01
53457,Rildo,Kisuki,M,45627,9999-01-01
53459,Salvador,Berstel,F,83238,9999-01-01
53464,Odoardo,Andreotta,M,95242,9999-01-01
53178,Franziska,Melichar,M,41040,9999-01-01
53467,Roddy,Serna,M,91781,9999-01-01
53468,Yifei,Muhlberg,M,71793,9999-01-01
53186,Martien,Penn,F,54299,9999-01-01
53475,Malu,Selenyi,F,46409,9999-01-01
53194,Lorien,Unno,M,40000,9999-01-01
53201,Kien,Lagarias,M,40000,9999-01-01
53489,Marko,Cherinka,M,57086,9999-01-01
53204,Nirmal,Bernatsky,F,55342,9999-01-01
53217,Shem,Heystek,M,43200,9999-01-01
53509,Radoslaw,Osgood,M,40000,9999-01-01
53243,Maren,Schach,F,76633,9999-01-01
53530,Gully,Pintelas,M,54088,9999-01-01
53532,Shimshon,Asmuth,M,40000,9999-01-01
53247,Rayond,Undy,F,40000,9999-01-01
53539,Sangeeta,Mansanne,M,40000,9999-01-01
53540,Khaled,Zockler,M,40000,9999-01-01
53259,Francoise,Zirintsis,M,45141,9999-01-01
53546,Dietrich,Rodier,M,40000,9999-01-01
53273,Moon,Fraisse,M,53161,9999-01-01
53560,Bernice,Senzako,M,40000,9999-01-01
53275,Lokesh,Rullman,F,40761,9999-01-01
53277,Roded,Coney,M,43428,9999-01-01
53661,Kaijung,Wixon,F,62691,9999-01-01
53589,Kitty,Spell,F,42166,9999-01-01
53601,Avishai,Felder,M,40000,9999-01-01
53607,Moheb,Lorch,F,54497,9999-01-01
53612,Hironobu,Benzaken,F,40000,9999-01-01
53663,Mamdouh,Segond,M,103397,9999-01-01
53674,Mong,Babu,F,81073,9999-01-01
53622,Masako,Murthy,M,42862,9999-01-01
53633,Masadi,Heinisuo,M,83824,9999-01-01
53679,Aleksandar,Litzkow,F,53006,9999-01-01
53640,Toshimi,Coorg,M,46441,9999-01-01
53641,Vesna,Remmele,M,40000,9999-01-01
53642,Navin,Erdi,F,61562,9999-01-01
53684,Gou,Greenaway,M,76914,9999-01-01
53651,Nathalie,Melichar,F,66640,9999-01-01
53659,Feipei,Sommer,M,54148,9999-01-01
53709,Kazuhisa,Zaumen,M,56203,9999-01-01
53712,Hidde,Bauknecht,M,40000,9999-01-01
53747,Yechezkel,Shimshoni,F,43831,9999-01-01
53856,Tzu,Reinhart,F,40000,9999-01-01
53860,Nahid,Masamoto,M,89507,9999-01-01
53862,Manohar,Siprelle,M,59696,9999-01-01
53868,Jixiang,Angelov,F,50182,9999-01-01
53871,Xudong,Hebert,F,64694,9999-01-01
53751,Teruyuki,Jayawardene,M,84481,9999-01-01
53760,Mong,Mateescu,F,63874,9999-01-01
53775,Maya,Peternell,F,46723,9999-01-01
53779,Kellie,Zielinski,M,54577,9999-01-01
53942,Xiaoheng,Carrere,M,40000,9999-01-01
53943,Yannis,Hagimont,F,48421,9999-01-01
53947,Shooichi,Henseler,M,50967,9999-01-01
53783,Renee,Schwaller,M,40000,9999-01-01
53827,Shan,Baek,M,40000,9999-01-01
53974,Nahla,Reghbati,M,47882,9999-01-01
53977,Alper,Unno,F,52057,9999-01-01
54037,Hironobu,Grabner,F,60867,9999-01-01
54029,Mona,Smailagic,F,40000,9999-01-01
54042,Leandro,Fiutem,M,40000,9999-01-01
54044,Yuuichi,Muhling,F,60313,9999-01-01
54226,Chinya,Michaeli,M,65577,9999-01-01
54049,Christoper,Debuse,M,40000,9999-01-01
54055,Mitsuyuki,Famili,M,58701,9999-01-01
54254,Jianwen,Ramsey,M,40000,9999-01-01
54085,Dharmaraja,Marchesini,M,40000,9999-01-01
54257,Satoru,Molenaar,F,40000,9999-01-01
54298,Taizo,Orsini,M,50797,9999-01-01
54089,Sandeepan,Barriga,F,40000,9999-01-01
54305,Shaowen,Birke,M,46824,9999-01-01
54307,Yuqun,Bondorf,F,40969,9999-01-01
54309,Mohamadou,Bressoud,M,67544,9999-01-01
54311,Inderjeet,Chappelet,F,51180,9999-01-01
54096,Georg,Reeken,F,40000,9999-01-01
54324,Tsutomu,Hutter,M,40000,9999-01-01
54105,Hidefumi,Peck,F,83363,9999-01-01
54123,Kien,Bahk,F,53118,9999-01-01
54352,Hilary,Daescu,M,54271,9999-01-01
54366,Mohamadou,Terekhov,F,57343,9999-01-01
54371,Sivanarayana,Esposito,F,54998,9999-01-01
54131,Rayond,Murrill,F,40000,9999-01-01
54375,Rafail,Hofstetter,F,44994,9999-01-01
54383,Sanjay,Makrucki,M,40000,9999-01-01
54139,Tomoyuki,Budinsky,F,40000,9999-01-01
54389,Bingning,Linares,M,40000,9999-01-01
54397,Fen,Langford,M,40000,9999-01-01
54164,Sahrah,Penz,M,92968,9999-01-01
54407,Adhemar,Attimonelli,F,75611,9999-01-01
54201,Shigeu,Stranks,M,40000,9999-01-01
54416,Roddy,Sabnani,F,90787,9999-01-01
54420,Youngkon,Rajcani,F,66835,9999-01-01
54424,Wayne,Halevi,M,56685,9999-01-01
54429,Tsuneo,Kopetz,F,43575,9999-01-01
54430,Kaijung,Pezzoli,M,52520,9999-01-01
54441,Miyeon,Uhrig,M,40000,9999-01-01
54442,Nadjib,Isaak,M,40000,9999-01-01
54443,Gro,Grabner,M,50068,9999-01-01
54450,Jaana,Ranon,F,40000,9999-01-01
54452,Jacqueline,Bratten,M,40000,9999-01-01
54206,Marsja,Auyong,F,47268,9999-01-01
54207,Radhika,Bhattacharjee,M,40000,9999-01-01
54465,Torsten,Bresenham,M,90756,9999-01-01
54471,Kotesh,Schiettecatte,M,46801,9999-01-01
54595,Jixiang,Bultermann,M,52462,9999-01-01
54473,Aiman,Benaini,M,40000,9999-01-01
54474,Ult,Schreiter,M,40839,9999-01-01
54480,Danel,Nilsson,M,40000,9999-01-01
54614,Nobuyoshi,Antonakopoulos,F,40097,9999-01-01
54517,Jongsuk,Liesche,M,40000,9999-01-01
54527,Leszek,Lorch,M,69337,9999-01-01
54528,Tomoyuki,Narwekar,M,40000,9999-01-01
54533,Goetz,Bach,F,67498,9999-01-01
54536,Ennio,Hanratty,F,53844,9999-01-01
54621,Sven,Murrill,F,44946,9999-01-01
54548,Gadiel,Crouzet,M,61135,9999-01-01
54550,Rajmohan,Marciano,M,59391,9999-01-01
54556,Temple,Masada,M,40000,9999-01-01
54560,JiYoung,Peck,F,44296,9999-01-01
54563,Shunichi,Menyhert,M,40852,9999-01-01
54566,Debaprosad,Kropf,M,51617,9999-01-01
54574,Stabislas,Czaja,F,49349,9999-01-01
54584,Fusako,Plotkin,F,52860,9999-01-01
54772,Khedija,Krohn,M,43934,9999-01-01
54773,Avishai,Cichocki,F,46926,9999-01-01
54775,Chinya,Emden,M,40000,9999-01-01
54777,Niteen,Oxenboll,F,58429,9999-01-01
54783,Abdelghani,Nannarelli,M,53971,9999-01-01
54789,Munehiro,Boyle,F,40000,9999-01-01
54648,Denny,Setiz,M,54937,9999-01-01
54809,Mitsuyuki,Iacovou,F,45624,9999-01-01
54815,Subhankar,Irland,F,40000,9999-01-01
54819,Branimir,Deverell,M,55459,9999-01-01
54830,Tadahiro,Trystram,M,51781,9999-01-01
54655,Lenore,Kossowski,F,92838,9999-01-01
54837,Jordanka,Melton,F,74315,9999-01-01
54674,Fumino,Kaiserswerth,F,76364,9999-01-01
54853,Van,Heemskerk,F,40000,9999-01-01
54855,Gian,Gulla,M,40000,9999-01-01
54858,Chinho,Sundgren,M,40000,9999-01-01
54868,Ult,Highland,M,40000,9999-01-01
54677,Chirstian,Schaaf,F,43197,9999-01-01
54685,Marek,Georgatos,M,60559,9999-01-01
54884,Lillian,Greenaway,M,40000,9999-01-01
54888,Manohar,Danley,M,40000,9999-01-01
54703,Zhenhua,Swen,F,51433,9999-01-01
54892,Sandeepan,Goldhammer,M,40000,9999-01-01
54914,Gill,Bojadziev,M,57341,9999-01-01
54704,Kellyn,Rebaine,M,40000,9999-01-01
54918,Volkmar,Malinowski,F,40000,9999-01-01
54923,Masoud,Perz,M,40000,9999-01-01
54924,Mayumi,Krupka,M,40000,9999-01-01
54746,Ramzi,Liesche,F,80072,9999-01-01
54928,Kristine,Monarch,M,40000,9999-01-01
54929,Gilbert,Tramer,F,76711,9999-01-01
54932,Kamakshi,Munoz,F,61454,9999-01-01
54933,Ashish,Dayana,M,49580,9999-01-01
54942,Akeel,Kusakari,M,40000,9999-01-01
54950,Yuriy,Anick,M,51468,9999-01-01
54758,Kwun,Butner,M,40000,9999-01-01
54961,Nechama,Spelt,F,40000,9999-01-01
54963,Toshiko,Bellmore,F,49338,9999-01-01
54767,Richara,Peac,M,51061,9999-01-01
54966,Jouni,Hempstead,M,51900,9999-01-01
54968,Rafael,Bondorf,M,57681,9999-01-01
54972,Leon,Underwood,F,40000,9999-01-01
54770,Charlene,Demizu,M,57923,9999-01-01
54981,Giao,Pettis,M,40000,9999-01-01
54984,Danil,Perng,M,40000,9999-01-01
55154,Brigham,Schiettecatte,F,40000,9999-01-01
54994,Chaosheng,Birta,M,60932,9999-01-01
55003,Jaber,Lanteri,M,40000,9999-01-01
55024,Jaber,Srimani,M,53184,9999-01-01
55180,Ung,Falco,F,40000,9999-01-01
55048,Pasqua,Percebois,M,61688,9999-01-01
55192,Weijing,Templeman,F,40000,9999-01-01
55059,Sakthirel,Conte,M,55639,9999-01-01
55068,Kyoichi,Wielonsky,F,63460,9999-01-01
55069,Ewing,Schreiter,M,53813,9999-01-01
55073,Yahiko,Swiler,F,50072,9999-01-01
55074,Arnould,Waeselynck,M,40000,9999-01-01
55199,Marco,Gadepally,M,70344,9999-01-01
55081,Sadok,Sanella,F,65236,9999-01-01
55094,Nadjib,Gulik,F,60952,9999-01-01
55210,Wonhee,Thombley,M,66646,9999-01-01
55217,Poorav,Pews,F,66507,9999-01-01
55123,Randy,Thummel,M,40000,9999-01-01
55230,Howell,Gonthier,M,40000,9999-01-01
55129,Monique,Morris,M,40000,9999-01-01
55139,Nigel,Sommer,M,61279,9999-01-01
55240,Weiru,Zwicker,F,40000,9999-01-01
55242,Vitaly,Henseler,F,40000,9999-01-01
55265,Luisa,Waleschkowski,M,59415,9999-01-01
55328,Temple,Boudaillier,F,51399,9999-01-01
55345,Wojceich,Vendrig,M,40000,9999-01-01
55346,Hausi,Schrooten,M,43885,9999-01-01
55353,Takahito,Viele,F,83423,9999-01-01
55272,Mohua,Isaac,F,56864,9999-01-01
55363,Venkatesan,Comellas,F,42374,9999-01-01
55273,Chiranjit,Zockler,M,75143,9999-01-01
55371,Weiru,Perry,M,48412,9999-01-01
55375,Houman,Caine,F,66472,9999-01-01
55276,Masali,Cools,M,63635,9999-01-01
55382,Ziya,Shihab,F,40000,9999-01-01
55281,Mohammad,Ellozy,F,40000,9999-01-01
55285,Bikash,Siegrist,F,58519,9999-01-01
55289,Leah,Erdmenger,M,47206,9999-01-01
55404,Mara,Spell,F,58720,9999-01-01
55407,Gopalakrishnan,Birta,M,40000,9999-01-01
55408,Remzi,Reistad,M,40000,9999-01-01
55409,Sverrir,Borstler,M,40000,9999-01-01
55306,Kotesh,Vuskovic,F,56857,9999-01-01
55414,Divine,Talmon,F,40000,9999-01-01
55417,Subbu,Eiron,F,58197,9999-01-01
55422,Mahendra,Kranzdorf,F,40000,9999-01-01
55429,Miyeon,Bamford,F,52906,9999-01-01
55320,Wayne,Waschkowski,M,52717,9999-01-01
55440,Ramzi,Shinomoto,M,43426,9999-01-01
55444,Martins,Gyorkos,M,40000,9999-01-01
55450,Vishv,Furudate,M,40000,9999-01-01
55323,Hausi,Staelin,M,62222,9999-01-01
55466,Danae,Mitsuhashi,F,40000,9999-01-01
55511,Bernt,Marshall,M,45647,9999-01-01
55472,Gudjon,Birta,F,41080,9999-01-01
55476,Kokou,Halevi,F,40000,9999-01-01
55479,Serap,Erva,M,78858,9999-01-01
55528,Indrajit,Swiler,F,51336,9999-01-01
55498,Filipe,Heusch,M,40000,9999-01-01
55499,Kamakshi,Diderrich,F,48147,9999-01-01
55504,Jouni,Radwan,F,46549,9999-01-01
55505,Kristen,Fabrizio,M,55660,9999-01-01
55506,Zhensheng,Kusakabe,M,40000,9999-01-01
55542,Candido,Gaughan,F,40000,9999-01-01
55552,Ohad,Schicker,M,40000,9999-01-01
55702,Gianluca,Kopetz,F,40000,9999-01-01
55707,Vugranam,Stiles,M,53272,9999-01-01
55711,Uzi,Mamelak,M,61290,9999-01-01
55571,Arie,Pusterhofer,F,59224,9999-01-01
55713,Arie,Serdy,M,49481,9999-01-01
55715,Heon,Silva,F,46982,9999-01-01
55718,Jeane,McAffer,M,56448,9999-01-01
55726,Vitali,Krohm,M,46394,9999-01-01
55727,Dmitri,Hiyoshi,M,49572,9999-01-01
55728,Zito,Remmers,M,40000,9999-01-01
55729,Carrsten,Vesna,F,61657,9999-01-01
55590,Anoosh,Shumilov,M,52740,9999-01-01
55756,Alair,Warwick,M,78624,9999-01-01
55765,Kotesh,Noriega,M,40000,9999-01-01
55768,Shahid,Chandrasekhar,F,80701,9999-01-01
55592,Alexius,Karcich,M,68955,9999-01-01
55774,Pramod,Pettey,F,52869,9999-01-01
55777,Prodip,Chorvat,F,46011,9999-01-01
55784,Lijia,Luby,M,40000,9999-01-01
55798,Pasqua,Knightly,F,63896,9999-01-01
55843,Hailing,Leivant,M,77189,9999-01-01
55848,Anneli,Ozeri,F,46950,9999-01-01
55851,Guadalupe,Velardi,M,40000,9999-01-01
55861,Alois,Delgrande,M,40000,9999-01-01
55610,Moty,Feldhoffer,M,74379,9999-01-01
55622,Peer,Ranta,F,52431,9999-01-01
55632,Byong,Ravishankar,F,40000,9999-01-01
55894,Atreye,Schaft,F,59833,9999-01-01
55897,Jiafu,Karnin,F,47585,9999-01-01
55637,Szabolcs,Erde,M,40000,9999-01-01
55907,Ghassan,Herbst,M,46416,9999-01-01
55914,Lobel,Thibadeau,F,44031,9999-01-01
55639,Gaetan,Bridgland,F,40000,9999-01-01
55919,Chiranjit,Nergos,F,40000,9999-01-01
55655,Pranav,Tzvieli,M,72953,9999-01-01
55929,Moni,Marakhovsky,M,68033,9999-01-01
55933,Kristin,Kirkerud,M,69722,9999-01-01
55935,Theirry,Skafidas,M,40000,9999-01-01
55946,Shan,Wossner,M,41947,9999-01-01
55665,Mantis,Maginnis,F,40857,9999-01-01
55669,Shounak,Saoudi,F,46585,9999-01-01
56090,Teunis,Serot,M,45287,9999-01-01
55979,Guangming,VanScheik,M,48757,9999-01-01
55982,Marco,Conde,F,40000,9999-01-01
56010,Noritoshi,Nyanchama,M,40000,9999-01-01
56020,Alagu,Byoun,M,57056,9999-01-01
56026,Martine,Farris,M,48601,9999-01-01
56034,Hinrich,Jayawardene,F,47256,9999-01-01
56035,Avishai,Kaiser,M,81561,9999-01-01
56038,Herbert,Murthy,M,60002,9999-01-01
56106,Saeko,Chiola,M,57895,9999-01-01
56049,Felicidad,Waymire,F,76782,9999-01-01
56050,Jaroslava,Uhrik,M,50408,9999-01-01
56058,Christoper,Schapire,F,54817,9999-01-01
56110,Jouni,Reeken,F,40000,9999-01-01
56125,Heon,Thombley,M,97722,9999-01-01
56136,Ramya,Buchter,F,108990,9999-01-01
56262,Dharmaraja,Androutsos,M,52809,9999-01-01
56142,Shuho,Rothe,F,40000,9999-01-01
56272,Tremaine,Furudate,M,40000,9999-01-01
56281,Sanjoy,Brizzi,M,40000,9999-01-01
56143,Sakthirel,Bondorf,M,69862,9999-01-01
56157,Sajjad,Cannane,F,40000,9999-01-01
56298,Gro,Peir,F,64827,9999-01-01
56300,Serge,Zobel,M,47009,9999-01-01
56306,Mack,Lindqvist,M,66646,9999-01-01
56312,Jaber,Baek,F,40000,9999-01-01
56159,Zengping,Shumilov,F,52527,9999-01-01
56314,Bowen,Morrey,F,48899,9999-01-01
56163,Huiqun,Thisen,F,52746,9999-01-01
56325,Subir,Gniady,M,40000,9999-01-01
56326,Mantis,Juneja,M,62808,9999-01-01
56327,Holgard,Karunanithi,M,46570,9999-01-01
56329,Zhenhua,Naumovich,F,51821,9999-01-01
56169,Jeanne,Zlotek,F,50798,9999-01-01
56336,Fai,Sgarro,M,60343,9999-01-01
56177,Yucel,Colorni,M,59360,9999-01-01
56350,Boguslaw,Ariola,M,94476,9999-01-01
56364,Zdislav,Bakhtari,F,67809,9999-01-01
56187,Youpyo,Lienhardt,M,40000,9999-01-01
56368,Doowon,Angel,M,57178,9999-01-01
56380,Shuzo,Atchley,M,52819,9999-01-01
56382,Valery,Bardell,F,83122,9999-01-01
56195,Pascal,Hashii,M,42669,9999-01-01
56389,Ronghao,Ghandeharizadeh,M,40000,9999-01-01
56400,Froduald,Munke,M,46357,9999-01-01
56217,Gao,Zizka,M,59376,9999-01-01
56406,Sachem,Schusler,F,54333,9999-01-01
56430,Tesuya,Klassen,F,55753,9999-01-01
56219,Tonny,Michaeli,M,40000,9999-01-01
56227,Shen,Makrucki,F,52748,9999-01-01
56229,Pascal,Marakhovsky,M,51497,9999-01-01
56439,Sangeeta,Henders,F,40267,9999-01-01
56235,Subir,Vanwelkenhuysen,F,40000,9999-01-01
56445,Chikara,Liesche,F,40000,9999-01-01
56448,Kayoko,Covnot,F,46867,9999-01-01
56239,Sariel,Zultner,F,40000,9999-01-01
56455,Khaled,Juneja,M,66981,9999-01-01
56628,Mark,Esposito,F,43484,9999-01-01
56463,Maja,Staudhammer,F,40000,9999-01-01
56468,Zsolt,Haldar,F,49922,9999-01-01
56476,Danae,Chiola,F,40000,9999-01-01
56488,Tze,Cherinka,M,64424,9999-01-01
56502,Dipayan,Ulupinar,F,40000,9999-01-01
56638,Ortrud,Bach,F,43362,9999-01-01
56510,Radhakrishnan,Brattka,M,40000,9999-01-01
56519,Magdalena,Taubenfeld,F,52142,9999-01-01
56643,Jayson,Ghazalie,M,44199,9999-01-01
56528,Uinam,Heijenga,M,62383,9999-01-01
56531,Quingbo,Renear,M,43954,9999-01-01
56659,Takahiro,Lanteri,M,40000,9999-01-01
56543,Chrisa,Hanabata,F,44424,9999-01-01
56551,Rimon,Gini,M,64873,9999-01-01
56663,Eben,Takanami,F,40000,9999-01-01
56558,Satyanarayana,Ghazalie,F,40000,9999-01-01
56678,Murthy,McAffer,M,68816,9999-01-01
56562,Fuqing,Hennings,M,63907,9999-01-01
56565,Odinaldo,Hiltgen,M,51502,9999-01-01
56575,Berry,Simkin,F,57045,9999-01-01
56581,Zhenbing,Cappello,F,84306,9999-01-01
56684,Qiwen,Yoshizawa,F,40000,9999-01-01
56588,Denny,Karcich,M,40000,9999-01-01
56589,Martial,Goldhammer,F,84552,9999-01-01
56692,Theirry,Serre,M,40000,9999-01-01
56601,Feixiong,Mattern,F,40000,9999-01-01
56693,Vesna,Halloran,M,75602,9999-01-01
56608,Denny,Trachtenberg,M,57092,9999-01-01
56611,Lalit,Zhang,F,48472,9999-01-01
56694,Aram,Godskesen,M,59613,9999-01-01
56701,KayLiang,Kobuchi,M,55597,9999-01-01
56702,Jinpo,Plessier,F,42763,9999-01-01
56706,Zita,Rodier,M,40000,9999-01-01
56715,Rasiah,Gurbaxani,M,74491,9999-01-01
56808,Yuriy,Anick,M,40000,9999-01-01
56809,Dinkar,Ranon,F,40000,9999-01-01
56818,Venkatesan,Imataki,M,40000,9999-01-01
56726,Chuanti,Schmiedel,F,87032,9999-01-01
56826,Marsha,Ghandeharizadeh,M,57053,9999-01-01
56831,Zvonko,Baaz,M,55845,9999-01-01
56732,Uma,Sudkamp,M,40000,9999-01-01
56844,Kiyotoshi,Malabarba,M,40000,9999-01-01
56733,Qiwen,Siepmann,M,45258,9999-01-01
56740,Sashi,Vuskovic,F,40771,9999-01-01
56862,Ymte,Thimonier,F,59713,9999-01-01
56744,Yongqiao,Schwaller,M,48670,9999-01-01
56873,Jaber,Delgrande,M,47104,9999-01-01
56879,Arne,Junet,M,40000,9999-01-01
56883,Honglan,Busillo,M,59504,9999-01-01
56745,Shai,Pulkowski,M,40000,9999-01-01
56887,Fabrizio,Itschner,M,53241,9999-01-01
56893,Jixiang,Bhattacharjee,F,46303,9999-01-01
56899,Shiv,Steinauer,M,40000,9999-01-01
56905,Insup,Genin,M,71558,9999-01-01
56923,Djelloul,Zuberek,F,47336,9999-01-01
56925,Sverrir,Kilgore,F,74312,9999-01-01
56936,Bernice,Wendorf,F,40000,9999-01-01
56938,Thodoros,Flowers,F,42399,9999-01-01
56950,Saeed,Edelhoff,M,78446,9999-01-01
56952,Itzchak,Leppanen,M,60584,9999-01-01
56954,Reuven,Peir,M,40000,9999-01-01
56961,Guoxiang,Peyn,M,91125,9999-01-01
56759,Fen,Gyimothy,M,40000,9999-01-01
56984,Guiseppe,Erni,M,40000,9999-01-01
56985,Pranav,Bolotov,F,44838,9999-01-01
56763,Mahendra,Cangellaris,F,78593,9999-01-01
56767,Mark,Trelles,M,44464,9999-01-01
56790,Mayuko,Walston,F,51342,9999-01-01
57000,Toshiko,Lortz,M,99120,9999-01-01
57004,Guther,Peris,F,61693,9999-01-01
57006,Dung,Middleton,M,41975,9999-01-01
56804,Arra,Heinisuo,M,71519,9999-01-01
57022,Michaela,Keustermans,M,40000,9999-01-01
57026,Tuval,Gyimothy,F,40000,9999-01-01
57040,Arup,Lagarias,M,79308,9999-01-01
57043,Jaber,Falco,F,40000,9999-01-01
57176,Pranav,Stenning,F,40000,9999-01-01
57048,Sanjay,Suomi,F,40000,9999-01-01
57064,Arco,Serov,M,40000,9999-01-01
57068,Mari,Rabehasaina,F,40000,9999-01-01
57071,Wilmer,Stenning,M,40000,9999-01-01
57178,Oldrich,Rousseau,M,84334,9999-01-01
57075,Alexius,Duclos,M,40000,9999-01-01
57078,Itzchak,Polupanov,M,40000,9999-01-01
57079,Shay,Rassart,M,70130,9999-01-01
57188,Taiji,Juneja,F,40000,9999-01-01
57210,Odinaldo,Veccia,F,72275,9999-01-01
57110,Gou,Stellhorn,M,75574,9999-01-01
57111,Armond,Suermann,F,40000,9999-01-01
57115,Nirmal,Zobel,M,60760,9999-01-01
57118,Xinan,Champarnaud,F,48977,9999-01-01
57119,Aleksandar,Bondorf,M,52304,9999-01-01
57123,Fatemeh,Zedlitz,M,42556,9999-01-01
57211,Uta,Undy,M,40000,9999-01-01
57217,Freyja,Sommer,M,42425,9999-01-01
57223,Danel,Copas,M,72443,9999-01-01
57153,Rosine,Azumi,F,80425,9999-01-01
57234,Junsik,Veldwijk,M,72060,9999-01-01
57169,Kiam,Schiper,M,49276,9999-01-01
57242,Tetsushi,Lowrie,F,53564,9999-01-01
57246,Uinam,Bamford,F,45547,9999-01-01
57261,Xinan,Usdin,F,55820,9999-01-01
57373,Mabry,Zhiwei,M,67731,9999-01-01
57377,Adel,Slobodova,F,40000,9999-01-01
57380,Bodh,Verhoeff,F,40000,9999-01-01
57384,Chirstian,Birch,M,58928,9999-01-01
57262,Steve,Yavatkar,F,69222,9999-01-01
57269,Tesuro,Berztiss,M,46054,9999-01-01
57397,Xiaocheng,Hmelo,M,69434,9999-01-01
57294,Sariel,Engelmann,M,61930,9999-01-01
57426,Yannik,Lorch,F,40000,9999-01-01
57297,Tamiya,Benaini,M,74639,9999-01-01
57442,Arvin,Klassen,M,41450,9999-01-01
57450,Shridhar,Lagarias,M,81930,9999-01-01
57312,Muzhong,Preusig,M,51026,9999-01-01
57464,Weidon,Benveniste,M,66008,9999-01-01
57472,Stepehn,Willoner,M,40000,9999-01-01
57314,Ymte,Zyda,F,59072,9999-01-01
57475,Parviz,Takanami,M,44777,9999-01-01
57476,Badri,Staudhammer,M,79387,9999-01-01
57331,Visit,Passino,M,60828,9999-01-01
57485,Georgy,Ligten,M,40000,9999-01-01
57487,Yefim,Majewski,M,50024,9999-01-01
57489,Jaihie,Benaini,M,63167,9999-01-01
57492,Parto,Miyakawa,M,40000,9999-01-01
57508,Muneo,Rousseau,M,51043,9999-01-01
57335,Francoise,Casperson,M,40000,9999-01-01
57511,Weidon,Crabtree,M,83435,9999-01-01
57513,Zorica,Merli,M,40000,9999-01-01
57337,Vasiliy,Rabehasaina,M,62357,9999-01-01
57524,Masamitsu,Chartres,F,40000,9999-01-01
57525,Herbert,Dechter,F,63116,9999-01-01
57531,Tonia,Tomescu,F,60218,9999-01-01
57338,Mostafa,Rouquie,M,65175,9999-01-01
57532,Yannis,Cochrane,F,40000,9999-01-01
57535,Dante,Petereit,M,40000,9999-01-01
57342,Arnd,Krychniak,F,64880,9999-01-01
57540,Shounak,Armand,M,40000,9999-01-01
57544,Gererd,Lammel,F,47378,9999-01-01
57350,Aluzio,Georgakopoulos,M,40000,9999-01-01
57355,Shahar,Condotta,F,53670,9999-01-01
57740,Georgi,Osgood,M,67944,9999-01-01
57561,Mototsugu,Munos,M,52211,9999-01-01
57566,Masami,Barinka,F,40000,9999-01-01
57749,Luisa,Conte,M,40000,9999-01-01
57751,Dulce,Maksimenko,M,42782,9999-01-01
57596,Shigehito,Schahn,F,67634,9999-01-01
57756,Kwok,Ghalwash,F,40000,9999-01-01
57603,Arunas,Frezza,F,61488,9999-01-01
57609,Greger,Casperson,M,40000,9999-01-01
57768,Izaskun,Talmor,M,48811,9999-01-01
57612,Raimond,Rousseau,M,96828,9999-01-01
57616,Akeno,Bergere,F,52975,9999-01-01
57620,Along,Kragelund,F,40000,9999-01-01
57769,Youpyo,Vickson,M,40949,9999-01-01
57780,Martial,Androutsos,F,57530,9999-01-01
57629,Gretta,Vendrig,F,56198,9999-01-01
57795,Magy,Tetzlaff,M,40000,9999-01-01
57658,Maja,Bahk,M,53071,9999-01-01
57815,JiYoung,Munawer,M,84520,9999-01-01
57664,Gladys,England,M,54591,9999-01-01
57670,Poornachandra,Perz,F,51269,9999-01-01
57672,Stevo,Peltason,M,46270,9999-01-01
57676,Alper,Noriega,M,58073,9999-01-01
57680,Tse,Herath,M,68044,9999-01-01
57821,Alejandra,Bolotov,M,95710,9999-01-01
57689,Shuzo,Rosch,M,40000,9999-01-01
57834,Hideyuki,Demeyer,M,40000,9999-01-01
57706,Kolar,Quaggetto,F,48784,9999-01-01
57715,Shaibal,Chinen,M,40000,9999-01-01
57716,Kristinn,Schmiedel,F,48622,9999-01-01
57720,Subhankar,Hasham,M,40000,9999-01-01
57837,Aria,Murtafg,M,40000,9999-01-01
57847,Moon,Kornatzky,M,58112,9999-01-01
57850,Ayakannu,Kawashima,M,58668,9999-01-01
57865,Kazuhiro,Demian,F,40000,9999-01-01
57919,Eckart,Fiutem,F,74442,9999-01-01
57929,Gro,Debuse,F,55208,9999-01-01
57869,Martine,Perl,F,51324,9999-01-01
57870,Yurii,Georgatos,F,40000,9999-01-01
57945,Tsvetan,Merlo,M,56883,9999-01-01
57877,Brigham,Delgrande,M,74055,9999-01-01
57949,Oldrich,Pezzoli,M,70731,9999-01-01
57959,Tooru,Cyre,F,40000,9999-01-01
57882,Marsal,Bressoud,M,62113,9999-01-01
57968,Froduald,Perng,M,46898,9999-01-01
57980,Shay,Matheson,M,47878,9999-01-01
57983,Ranga,Iisaku,F,40000,9999-01-01
57990,Haldun,Buescher,M,40000,9999-01-01
57996,Zhonghua,Xiaoshan,M,100072,9999-01-01
58007,Nitsan,Zlotek,M,54854,9999-01-01
58010,Gennady,Broder,M,53515,9999-01-01
58024,Naftaly,Berztiss,M,40000,9999-01-01
58027,Yakkov,Luef,F,50572,9999-01-01
58035,Jenwei,Speckmann,M,57073,9999-01-01
58053,Zissis,Karunanithi,F,72883,9999-01-01
57883,Uma,Danlos,M,40000,9999-01-01
58059,Behnaam,Zwicker,M,41917,9999-01-01
57893,Khalid,Tasistro,M,40000,9999-01-01
58080,Hideyuki,Birta,F,78715,9999-01-01
57898,Atilio,Pearson,M,45633,9999-01-01
58087,Narain,Szilard,F,59678,9999-01-01
57915,Aral,Kermarrec,F,40000,9999-01-01
58094,Danil,Katiyar,M,40000,9999-01-01
58096,Rosine,Usdin,M,108753,9999-01-01
58099,Yunming,Fortenbacher,F,61351,9999-01-01
58300,Frazer,Picco,M,40000,9999-01-01
58102,Aiichiro,Erni,M,40000,9999-01-01
58115,Manu,Peir,M,44295,9999-01-01
58301,Gift,Lindqvist,F,54563,9999-01-01
58123,Zhaofang,Isard,F,75236,9999-01-01
58125,Xiaoshan,Cesareni,M,51416,9999-01-01
58317,Eric,Kenevan,F,43595,9999-01-01
58129,Chuanyi,Schnabel,F,44924,9999-01-01
58132,Zdislav,Kawashimo,M,90688,9999-01-01
58136,Lidong,Tsunoo,M,40000,9999-01-01
58325,Kokou,Riexinger,M,41626,9999-01-01
58151,Masanao,Smeets,M,40470,9999-01-01
58161,Akhilish,Karner,M,40000,9999-01-01
58335,Chenye,Brodie,F,41779,9999-01-01
58177,Vidar,Basagni,F,40000,9999-01-01
58346,Ibibia,Lambe,F,63599,9999-01-01
58182,Gennady,Kroft,F,41694,9999-01-01
58197,Sahrah,Suri,M,51526,9999-01-01
58199,Yechiam,Karnin,F,52140,9999-01-01
58352,Soenke,Hatcliff,M,40000,9999-01-01
58201,Willard,Bashian,F,68157,9999-01-01
58357,Djenana,Vecchi,M,46870,9999-01-01
58363,Jaideep,Caine,F,60654,9999-01-01
58226,Ayonca,Gill,F,95796,9999-01-01
58227,Armond,Bierbaum,M,40000,9999-01-01
58231,Marjo,Pauthner,M,92035,9999-01-01
58366,Akeel,Schnabel,M,66579,9999-01-01
58238,Bartek,Farris,M,75561,9999-01-01
58377,Goo,Panienski,M,43983,9999-01-01
58387,Shaz,Thebaut,M,46577,9999-01-01
58388,Aemilian,Parveen,F,40000,9999-01-01
58280,Manohar,Peris,M,78088,9999-01-01
58395,Hisao,Apsitis,F,41743,9999-01-01
58396,Kenton,Billawala,M,70975,9999-01-01
58410,Samphel,Bennis,M,56996,9999-01-01
58475,Angel,Chaudhury,F,40000,9999-01-01
58414,Shih,Schrift,F,44078,9999-01-01
58423,Wuxu,Badr,F,55807,9999-01-01
58499,Marjo,Pileggi,M,41821,9999-01-01
58509,Anneli,Laurillard,M,72792,9999-01-01
58427,Guozhong,Frezza,F,57577,9999-01-01
58515,Radhia,Hertweck,M,40000,9999-01-01
58516,Xianlong,Knightly,F,70580,9999-01-01
58518,Along,Perfilyeva,F,65858,9999-01-01
58434,Aluzio,Melton,M,78661,9999-01-01
58523,Prasadram,Bazelow,F,40000,9999-01-01
58524,Jaideep,Sidhu,F,40000,9999-01-01
58536,Tetsurou,Ullian,M,41982,9999-01-01
58437,Maya,Rusterholz,M,57159,9999-01-01
58541,Anneli,Pouyioutas,M,48986,9999-01-01
58543,Gully,Beausoleil,F,41223,9999-01-01
58446,Xiaoqiang,Reghbati,M,77912,9999-01-01
58567,Eric,Scallan,M,84035,9999-01-01
58457,Yuping,Delaune,M,64272,9999-01-01
58570,Suebskul,Blokdijk,M,65513,9999-01-01
58575,Pasqua,Pfau,F,40900,9999-01-01
58576,Xianlong,Fraisse,M,52093,9999-01-01
58580,Zhiguo,Lienhardt,M,40000,9999-01-01
58458,Turgut,Koshiba,F,47278,9999-01-01
58590,Jayson,Roisin,F,60702,9999-01-01
58593,Hatsukazu,Petersohn,M,40000,9999-01-01
58460,Mart,Wixon,F,64850,9999-01-01
58462,Ronnie,Paciorek,F,52453,9999-01-01
58608,Jenwei,Khalid,M,78442,9999-01-01
58609,Behnaam,Mawatari,F,40000,9999-01-01
58468,Lucian,Limongiello,F,65988,9999-01-01
58620,Toshimori,Rosenbaum,M,97587,9999-01-01
58657,Pasqua,Kaltofen,M,40000,9999-01-01
58635,Giordano,Rabejac,F,40000,9999-01-01
58636,Sandeepan,Chinal,M,66319,9999-01-01
58637,Mohamadou,Peck,F,67584,9999-01-01
58640,Noritoshi,Karcich,M,47171,9999-01-01
58646,Froduald,Goodrum,F,43341,9999-01-01
58665,Mabhin,Marquardt,M,58861,9999-01-01
58678,Vivian,Zwicker,M,56911,9999-01-01
58689,Zengping,Ushiama,F,50527,9999-01-01
58691,Narain,England,F,53830,9999-01-01
58860,Xudong,Lindenbaum,M,40000,9999-01-01
58864,Tonia,Plumb,M,40000,9999-01-01
58694,Kasidit,Kragelund,M,55884,9999-01-01
58696,Zsolt,Ruemmler,M,55110,9999-01-01
58879,Cathie,Ushiama,M,73255,9999-01-01
58727,Junichi,Rullman,F,54576,9999-01-01
58892,Masami,Cyne,M,62673,9999-01-01
58728,Boguslaw,Parfitt,M,40384,9999-01-01
58735,Krassimir,Mayerwieser,M,45997,9999-01-01
58934,Bouchung,Hardjono,F,40000,9999-01-01
58773,Geoffry,Yavatkar,M,40000,9999-01-01
58959,Younwoo,Gecseg,F,78003,9999-01-01
58970,Yongmin,Waterhouse,M,45083,9999-01-01
58973,Marke,Decleir,F,46298,9999-01-01
58981,Kazuhiko,Kushner,F,81795,9999-01-01
58787,Kristina,Erie,M,40000,9999-01-01
58991,Annemarie,Schaap,M,94957,9999-01-01
58996,Sven,Dengi,F,40000,9999-01-01
58788,Shmuel,Anger,M,41022,9999-01-01
58789,Hercules,Cochrane,F,54288,9999-01-01
59016,Terresa,Kornyak,M,74095,9999-01-01
58790,Peternela,Zockler,F,58553,9999-01-01
59018,Marsal,Liesche,M,55680,9999-01-01
59020,Kazunori,Reeker,M,49486,9999-01-01
58797,Xiaoheng,Breugel,M,64060,9999-01-01
58807,Murthy,Koshino,M,40000,9999-01-01
58825,JoAnna,Swist,F,83888,9999-01-01
59029,Krassimir,Cmelik,F,48042,9999-01-01
59047,Jiong,Botman,F,55318,9999-01-01
58826,Emdad,Peral,F,40000,9999-01-01
58830,Uzi,Cunliffe,F,40836,9999-01-01
59060,Pohua,Jakobus,F,40000,9999-01-01
58835,Van,Vigier,M,40000,9999-01-01
58836,Constantino,Rahimi,M,45088,9999-01-01
59078,Licheng,Larfeldt,M,52687,9999-01-01
58837,Bowen,Waleschkowski,F,40000,9999-01-01
59087,Shakhar,Erdmenger,F,69570,9999-01-01
59089,Ramya,Zirintsis,M,65044,9999-01-01
59094,Adin,McDermid,M,75660,9999-01-01
59107,Anneke,Constantine,M,40000,9999-01-01
59109,Tesuya,Morrey,F,43715,9999-01-01
59113,Lillian,Debuse,F,75391,9999-01-01
59121,Quingbo,Trumbly,F,42686,9999-01-01
59123,Margareta,Magalhaes,M,79438,9999-01-01
59128,Jianwen,Lorho,M,40000,9999-01-01
59130,Mingsen,Baja,F,41843,9999-01-01
59142,Murthy,Haraldson,M,40000,9999-01-01
59145,Tzu,Birch,M,40078,9999-01-01
59166,Charlene,Bernardinello,M,50701,9999-01-01
59176,Teiji,Suessmith,F,75778,9999-01-01
59212,Koldo,Jeong,M,56722,9999-01-01
59183,Kotesh,Cronau,M,56473,9999-01-01
59192,Luisa,Schusler,F,58121,9999-01-01
59206,Shan,Wroclawski,M,40313,9999-01-01
59210,Florian,Carrera,M,67167,9999-01-01
59227,Adly,Ruemmler,M,66446,9999-01-01
59230,Oscar,Krichel,M,43148,9999-01-01
59236,Siamak,Yurek,F,40000,9999-01-01
59400,Chinya,Giaccio,F,51298,9999-01-01
59237,Gen,Lundstrom,M,49993,9999-01-01
59409,Mechthild,Reeken,M,80439,9999-01-01
59242,Fun,Peak,M,65859,9999-01-01
59413,Huei,Albarhamtoshy,M,77080,9999-01-01
59414,Yuping,Kolvik,M,94867,9999-01-01
59250,Toong,Arlazarov,M,49242,9999-01-01
59434,Saddek,Smailagic,F,97328,9999-01-01
59435,Serge,Baig,F,47606,9999-01-01
59256,Tsvetan,Emiris,M,40000,9999-01-01
59268,Berry,Besancenot,F,40000,9999-01-01
59450,Goncalo,Highland,M,40000,9999-01-01
59462,Lech,Bale,M,40000,9999-01-01
59466,Gila,Kornatzky,M,40000,9999-01-01
59468,Kendra,Narlikar,M,40000,9999-01-01
59470,Ziyad,Ghelli,M,55564,9999-01-01
59471,Katsuo,Hiyoshi,F,54422,9999-01-01
59283,Stevo,Bisiani,F,40000,9999-01-01
59480,Giordano,Esteva,M,72835,9999-01-01
59488,Saeko,Montresor,M,48499,9999-01-01
59289,Yucel,Sridhar,M,87827,9999-01-01
59507,Falguni,Bala,F,46933,9999-01-01
59295,Subbu,Ducloy,F,40603,9999-01-01
59510,Shuichi,Bouloucos,M,54031,9999-01-01
59513,Xiaoheng,Rosaz,F,40000,9999-01-01
59520,Babette,Montresor,M,45782,9999-01-01
59309,Dannz,Sury,M,65997,9999-01-01
59530,Zhonghui,Ranon,M,63367,9999-01-01
59537,Yefim,Pargaonkar,F,40000,9999-01-01
59538,Constantijn,Stiles,M,41231,9999-01-01
59311,Renee,Shiratori,F,72140,9999-01-01
59323,Hein,Marciano,M,40000,9999-01-01
59555,Augustine,Peot,F,40000,9999-01-01
59560,Shuho,Roisin,F,59547,9999-01-01
59566,Vugranam,Krybus,M,51673,9999-01-01
59567,Richard,Huttel,M,44113,9999-01-01
59331,Izaskun,Broder,M,50825,9999-01-01
59578,Pramod,Schade,M,40000,9999-01-01
59342,Babette,Colorni,F,49798,9999-01-01
59348,Jackson,Heemskerk,F,40000,9999-01-01
59349,Martijn,Bail,M,64410,9999-01-01
59581,Mani,Swab,F,40000,9999-01-01
59374,Zhaofang,Bardell,M,60765,9999-01-01
59602,Toshimo,Stamatiou,M,40000,9999-01-01
59611,Wanqing,Fraisse,F,85607,9999-01-01
59379,Zsolt,Rajala,F,40000,9999-01-01
59380,Zvonko,Berendt,F,89720,9999-01-01
59391,Qunsheng,Plessier,M,40000,9999-01-01
59649,Henk,Kavanagh,F,55784,9999-01-01
59395,Richard,Karunanithi,M,40000,9999-01-01
59659,Leandro,Munke,F,67478,9999-01-01
59766,Ziyad,Nitsch,F,72126,9999-01-01
59783,Volkmar,Raczkowsky,M,60047,9999-01-01
59684,Qingxiang,Ranst,M,53792,9999-01-01
59685,Yongdong,Schurmann,F,40000,9999-01-01
59688,Woody,Scharstein,M,40000,9999-01-01
59692,Remzi,Kabayashi,M,46693,9999-01-01
59700,Arno,Leijenhorst,F,40000,9999-01-01
59704,Toong,Makrucki,F,42183,9999-01-01
59707,Bezalel,Tyugu,F,48683,9999-01-01
59709,Syozo,Ratzlaff,M,56907,9999-01-01
59790,Vishv,Heering,M,61516,9999-01-01
59723,Josyula,Gluchowski,M,49811,9999-01-01
59793,Jayson,Tibblin,F,64160,9999-01-01
59734,Adas,Ulupinar,M,50404,9999-01-01
59824,Xiaoshan,Marwedel,F,47939,9999-01-01
59743,Zhenhua,Bakhtari,F,40000,9999-01-01
59764,Jeane,Wroclawski,F,42197,9999-01-01
59826,Martien,Frolund,M,72914,9999-01-01
59841,Pranav,Deverell,F,40256,9999-01-01
59859,Shunichi,Henseler,F,57227,9999-01-01
59960,Rance,Daescu,F,46695,9999-01-01
59961,Hausi,Poulakidas,F,50256,9999-01-01
59860,Jiang,Parfitt,M,40000,9999-01-01
59978,Mayumi,Usdin,F,49975,9999-01-01
59864,Garnik,Wynblatt,F,43394,9999-01-01
59984,Kwangjo,Angiulli,F,45176,9999-01-01
59986,Gererd,Yoshimura,F,40000,9999-01-01
59878,Hitofumi,Gist,M,65063,9999-01-01
59999,Piyush,Spataro,M,84744,9999-01-01
60013,Breannda,Schauser,F,44910,9999-01-01
59883,Sanjiv,Serov,F,40974,9999-01-01
60022,Koichi,Dolinsky,F,48250,9999-01-01
60027,Guenter,Diderrich,F,62832,9999-01-01
59891,Guttorm,Linnainmaa,M,63941,9999-01-01
60039,Renny,Cappelli,F,40000,9999-01-01
59898,Gao,Iwayama,M,52483,9999-01-01
60058,Qingxiang,Gulak,F,44672,9999-01-01
60060,Anyuan,Ramamoorthy,M,40000,9999-01-01
59899,Toong,Schueller,F,66788,9999-01-01
60068,Giap,Plavsic,M,40000,9999-01-01
59906,Joydip,Binding,M,76816,9999-01-01
60071,Sariel,Matheson,M,40000,9999-01-01
60072,Dekang,Luke,F,53355,9999-01-01
60083,Bojan,Cunliffe,M,59327,9999-01-01
59911,Remco,Bauknecht,M,61706,9999-01-01
59916,Anneli,Smeets,F,40000,9999-01-01
60102,Susumu,Pehl,M,40000,9999-01-01
59917,Aris,Majewski,F,40000,9999-01-01
59919,Koichi,Aloia,M,40493,9999-01-01
60115,Nathalie,Murillo,M,50174,9999-01-01
59927,Sedat,Salverda,M,84888,9999-01-01
60124,Kagan,Sichman,M,60681,9999-01-01
60133,Valeri,Shobatake,F,47037,9999-01-01
60135,Theron,Tokunaga,M,54786,9999-01-01
59945,Leen,Kakkad,M,40000,9999-01-01
60137,Stafford,Conti,M,64196,9999-01-01
59946,Berhard,Hartvigsen,M,40000,9999-01-01
60343,Munenori,Leppanen,F,65175,9999-01-01
60146,Dines,Clouatre,M,48567,9999-01-01
60147,Boaz,Herbst,F,46117,9999-01-01
60152,Uma,Bashian,M,57339,9999-01-01
60158,Shim,Hofman,M,53746,9999-01-01
60170,Lene,Yetim,M,40000,9999-01-01
60175,Hatsukazu,Sankaranarayanan,F,40000,9999-01-01
60185,Weiyi,Gruenwald,M,40525,9999-01-01
60193,Sanjai,Gronowski,M,40000,9999-01-01
60197,Harjit,Comellas,M,54177,9999-01-01
60199,Khalid,Conia,F,40000,9999-01-01
60204,Giri,Macedo,M,57213,9999-01-01
60207,Koldo,Mahmud,M,40000,9999-01-01
60217,Limsoon,Doering,F,118375,9999-01-01
60246,Honesty,Fraisse,F,59604,9999-01-01
60255,Danae,Siochi,M,70562,9999-01-01
60259,Chrisa,dAstous,F,80043,9999-01-01
60260,Valdiodio,Czap,M,58884,9999-01-01
60263,Barun,Perng,F,40000,9999-01-01
60285,Nitsan,Coorg,M,40000,9999-01-01
60354,Shakhar,Plesums,M,40000,9999-01-01
60291,Perla,Talmor,M,68108,9999-01-01
60303,Billur,Solares,M,57664,9999-01-01
60363,Parke,Diderrich,M,65329,9999-01-01
60366,Perry,Benzaken,F,40000,9999-01-01
60371,Theron,Huxford,M,84136,9999-01-01
60409,Falguni,Swiler,M,40000,9999-01-01
60510,Divine,Nitsche,F,40000,9999-01-01
60514,Ayakannu,Vecchio,M,70549,9999-01-01
60518,Ziya,Biran,F,48127,9999-01-01
60521,Henk,Uhrik,M,64334,9999-01-01
60522,Becky,Polupanov,M,51557,9999-01-01
60412,Dharmaraja,Ranst,F,56140,9999-01-01
60414,Xuejia,Vitiello,M,57314,9999-01-01
60429,Cristinel,Naumovich,M,53205,9999-01-01
60551,Caolyn,Irland,M,53167,9999-01-01
60436,Munehiko,Vesna,F,40000,9999-01-01
60439,Weiru,Basawa,M,40138,9999-01-01
60442,Kwangsub,Hellwagner,M,40000,9999-01-01
60597,Ute,Schlumberger,F,40000,9999-01-01
60598,Izaskun,Sadowski,F,104317,9999-01-01
60453,Larisa,Gammage,F,64242,9999-01-01
60611,Feixiong,Baba,M,51424,9999-01-01
60620,Dhritiman,Lukaszewicz,F,40000,9999-01-01
60463,Sanjiv,Dredge,M,53616,9999-01-01
60638,Makato,Alencar,M,40000,9999-01-01
60642,Marek,Junet,M,40000,9999-01-01
60465,Nalini,Gischer,F,40000,9999-01-01
60653,Wonhee,Bamford,M,45579,9999-01-01
60469,Angel,Kampfer,M,85944,9999-01-01
60669,Gaetan,Antonakopoulos,F,40000,9999-01-01
60673,Fay,Benantar,M,55188,9999-01-01
60475,Wanqing,Renear,M,40000,9999-01-01
60677,Stella,Worfolk,F,40000,9999-01-01
60479,Stein,Byoun,M,44162,9999-01-01
60686,Baocai,Pocchiola,F,60392,9999-01-01
60488,Yakkov,Staylopatis,M,55530,9999-01-01
60490,Teiji,Steenbeek,M,56343,9999-01-01
60501,Ranga,Badr,F,40000,9999-01-01
60695,Masanao,Papadias,M,40000,9999-01-01
60697,Gritta,Cannata,M,40000,9999-01-01
60698,Kiyokazu,Plessier,F,58342,9999-01-01
60705,Ekawit,Lorie,F,61019,9999-01-01
60505,Yinghua,Birnbaum,F,54298,9999-01-01
60711,Mabry,Ramaiah,M,47868,9999-01-01
60717,Carrsten,Sadowsky,F,69310,9999-01-01
60890,Fun,Schnabel,F,40000,9999-01-01
60737,Hatim,Ghazalie,M,40000,9999-01-01
60742,Kristen,Juneja,M,49232,9999-01-01
60751,Steve,Kalloufi,M,40000,9999-01-01
60753,Kazuyasu,Krybus,F,55561,9999-01-01
60891,Mingzeng,DeMori,M,40000,9999-01-01
60894,Lein,Fendler,M,52840,9999-01-01
60764,Taizo,Stamatiou,F,40000,9999-01-01
60767,Gianluca,Munos,M,74395,9999-01-01
60902,Dekang,Lung,M,40000,9999-01-01
60782,Janalee,Foote,M,42016,9999-01-01
60904,Tomokazu,Gelosh,M,64065,9999-01-01
60794,Sashi,Zlotek,F,72731,9999-01-01
60795,Mart,Huttel,F,59374,9999-01-01
60920,Mara,Sundgren,M,40000,9999-01-01
60807,Parke,Angel,M,49204,9999-01-01
60815,DAIDA,Oxman,M,61376,9999-01-01
60817,Kousuke,Schaad,M,40000,9999-01-01
60823,Kazuhiro,Parfitt,M,56004,9999-01-01
60825,Berna,Nitto,M,65974,9999-01-01
60930,Larisa,Swiss,F,57927,9999-01-01
60831,Rildo,Peltason,M,40000,9999-01-01
60834,Tzu,Tasistro,M,40000,9999-01-01
60838,Insup,Serra,M,41581,9999-01-01
60944,Renee,Pepe,M,78585,9999-01-01
60848,Shaowei,Blokdijk,M,53190,9999-01-01
60852,Keung,Schneeberger,F,51778,9999-01-01
60858,Elgin,Foote,F,42338,9999-01-01
60860,Fuqing,Munch,M,63231,9999-01-01
60865,Yuqun,Birge,M,62219,9999-01-01
60960,Chikara,Flowers,F,44083,9999-01-01
60871,Mitchel,Matzel,F,46129,9999-01-01
60965,Conrado,Loncour,M,79864,9999-01-01
60981,Yuchang,Kalorkoti,F,65154,9999-01-01
61062,Parke,Champarnaud,M,47544,9999-01-01
61071,Filipp,Tanemo,M,54539,9999-01-01
60991,Ung,Murthy,F,76196,9999-01-01
61078,Jessie,Greibach,M,40000,9999-01-01
60998,Neelam,Norsworthy,F,63016,9999-01-01
61093,Kokou,Rettelbach,M,60333,9999-01-01
61006,Garnik,Schonegge,F,56458,9999-01-01
61110,Lihong,Ghemri,F,51649,9999-01-01
61018,Marco,Zallocco,M,59388,9999-01-01
61118,King,Erol,F,59370,9999-01-01
61119,Anyuan,Koshiba,M,54600,9999-01-01
61124,Nechama,Waymire,F,96529,9999-01-01
61021,Shahab,Baar,F,50862,9999-01-01
61038,Suzette,Sifakis,M,56297,9999-01-01
61149,Aemilian,Stranks,M,46357,9999-01-01
61045,Bedir,Poujol,F,55543,9999-01-01
61177,Somnath,Bednarek,M,51940,9999-01-01
61179,Berni,Kaltofen,F,76765,9999-01-01
61180,Nathalie,Sullins,F,52754,9999-01-01
61256,Duro,Schaar,M,40000,9999-01-01
61192,Feiyu,Kamble,M,49841,9999-01-01
61197,Roselyn,Cannard,F,40000,9999-01-01
61208,Miomir,Hooghiemstra,F,50944,9999-01-01
61210,Itzchak,Rehfuss,M,47366,9999-01-01
61211,Lakshmi,Muntz,M,40000,9999-01-01
61214,JoAnne,Peac,F,47194,9999-01-01
61259,Shao,Puoti,M,46409,9999-01-01
61238,Kagan,Schach,M,52163,9999-01-01
61261,Ziya,Pocchiola,M,62895,9999-01-01
61244,Xiaoqiang,Peternell,M,46530,9999-01-01
61264,Shuzo,Sethi,M,79270,9999-01-01
61273,Manohar,Hainaut,M,73673,9999-01-01
61292,Badri,Boguraev,F,53842,9999-01-01
61441,Yongqiao,Jayawardene,M,51463,9999-01-01
61444,Geoff,Kaiserswerth,F,43572,9999-01-01
61453,Hyuncheol,Vanwelkenhuysen,F,40000,9999-01-01
61295,Mang,Menhardt,F,51049,9999-01-01
61460,Sanjoy,Rodham,F,55015,9999-01-01
61465,Sumant,Huttel,F,44950,9999-01-01
61301,Nahla,Ghandeharizadeh,F,59003,9999-01-01
61486,Weiye,Bierman,F,63776,9999-01-01
61490,Shigehiro,Dayana,F,40000,9999-01-01
61511,Maha,Heping,F,40000,9999-01-01
61515,Mats,Curless,M,90646,9999-01-01
61537,Arto,Zuberek,M,69827,9999-01-01
61539,Morris,Ghandeharizadeh,M,84692,9999-01-01
61543,Gilbert,Itzigehl,F,40000,9999-01-01
61554,Tianruo,Steenbeek,F,40000,9999-01-01
61568,Uno,Birta,M,40000,9999-01-01
61306,Gro,Peot,F,40000,9999-01-01
61588,Doohun,Byoun,M,65139,9999-01-01
61589,Chuanti,Demke,M,57452,9999-01-01
61315,Kwun,Kalloufi,F,78862,9999-01-01
61593,Masaru,Cochrane,F,40000,9999-01-01
61322,Dayanand,Mawatari,M,40000,9999-01-01
61340,Lubomir,Waeselynck,M,57103,9999-01-01
61347,Aram,Gerteisen,M,44796,9999-01-01
61353,Hausi,Conde,F,63699,9999-01-01
61623,Xiaoqiu,Luce,F,48792,9999-01-01
61624,Doowon,Luef,F,42133,9999-01-01
61625,Shugo,Rajcani,M,40000,9999-01-01
61626,Mohit,Dulay,F,58800,9999-01-01
61627,Uma,Beausoleil,M,42605,9999-01-01
61634,Shigehito,Panwar,M,65862,9999-01-01
61362,Ayonca,Pietracaprina,F,44474,9999-01-01
61644,Toney,Ladret,M,53693,9999-01-01
61650,Vitaly,Linnainmaa,F,72738,9999-01-01
61364,Gianluca,Casperson,F,40000,9999-01-01
61370,Shahar,Candan,F,64804,9999-01-01
61666,Tesuro,Vasanthakumar,F,40000,9999-01-01
61667,Domenico,Hasenauer,F,77399,9999-01-01
61371,Akeno,Yetto,F,40000,9999-01-01
61673,Krassimir,Krybus,M,66459,9999-01-01
61675,Takahiro,Schwartzburd,M,40785,9999-01-01
61676,Valdiodio,Argence,M,40000,9999-01-01
61374,Taegyun,Christ,M,62550,9999-01-01
61687,Ravishankar,Maraist,F,40000,9999-01-01
61376,Guttorm,Skrikant,F,51339,9999-01-01
61399,Unal,Chinen,M,65671,9999-01-01
61706,Stevo,Butner,F,66713,9999-01-01
61709,Holgard,Schaft,M,40000,9999-01-01
61711,Volkmar,Claffy,F,42237,9999-01-01
61718,Yakichi,Poujol,M,40000,9999-01-01
61722,Oddvar,Wendorf,F,40000,9999-01-01
61415,Aamer,Schwartzbauer,M,83124,9999-01-01
61732,Moie,Gini,M,40000,9999-01-01
61738,Martien,Zhiwei,F,40000,9999-01-01
61751,IEEE,Garrabrants,M,96278,9999-01-01
61753,Pantung,Levergood,F,65136,9999-01-01
61755,Trygve,Eppinger,M,48950,9999-01-01
61420,Sanjoy,Cunliffe,M,40000,9999-01-01
61761,Aamer,Feinberg,F,45996,9999-01-01
61805,Faiza,Gurbaxani,F,64921,9999-01-01
61776,Stafford,dAstous,M,64112,9999-01-01
61780,Zhilian,Billingsley,M,40000,9999-01-01
61782,Guadalupe,Piancastelli,M,49702,9999-01-01
61788,Frederique,Matzke,M,60196,9999-01-01
61789,Ramachenga,Straney,M,40000,9999-01-01
61790,Visit,Lindenbaum,M,55126,9999-01-01
61843,Guenter,Millington,M,69600,9999-01-01
61989,Yaghout,Vesna,M,65856,9999-01-01
61992,Bilhanan,Kitsuregawa,M,40000,9999-01-01
61995,Kerryn,Stellhorn,F,74905,9999-01-01
61997,Maja,Yurek,F,48101,9999-01-01
61998,Ute,Lunn,F,56959,9999-01-01
61846,Danil,Varley,M,40000,9999-01-01
62008,Sadun,Swan,M,70789,9999-01-01
62012,Yifei,Jahnichen,F,42775,9999-01-01
61856,Toney,Luby,F,59270,9999-01-01
62025,Chirstian,Spinelli,M,41262,9999-01-01
62026,Shugo,Zuberek,M,40000,9999-01-01
61859,Xiping,Schwaller,F,51303,9999-01-01
61862,Tremaine,Dulay,M,73204,9999-01-01
61864,Hironoby,Kamber,M,59715,9999-01-01
61869,Manu,Hemaspaandra,F,40000,9999-01-01
62069,Sugwoo,Felder,F,67402,9999-01-01
61879,Saniya,Steinauer,M,43848,9999-01-01
62080,Toshimo,Birjandi,M,53225,9999-01-01
61897,Jasminko,Kilgour,F,44484,9999-01-01
62094,Tomoyuki,Stemann,M,69528,9999-01-01
62097,Krassimir,Klyachko,M,44560,9999-01-01
62098,Breannda,Sommer,M,59196,9999-01-01
62103,Pranas,Reinhart,F,46895,9999-01-01
62107,Sakthirel,Walstra,F,73469,9999-01-01
62112,Pragnesh,Servieres,M,44714,9999-01-01
61910,Gay,Bahk,F,53721,9999-01-01
62129,Hongzue,Schmittgen,M,58096,9999-01-01
61915,Yongmin,Conta,M,40000,9999-01-01
62137,Rosalyn,Baalen,F,46741,9999-01-01
62138,Dipayan,Rohrbach,M,41950,9999-01-01
61920,Ghassan,Albarhamtoshy,M,50457,9999-01-01
62155,Akemi,Basawa,F,40170,9999-01-01
61941,Mohammed,Joslin,M,74469,9999-01-01
61943,Gennadi,Tasistro,F,52318,9999-01-01
62174,Teunis,Denna,F,76864,9999-01-01
62357,Huei,Legleitner,M,64886,9999-01-01
62205,Vitaly,Brlek,F,40000,9999-01-01
62208,Sachio,Grandbois,M,52223,9999-01-01
62236,Aiman,Georg,F,40000,9999-01-01
62243,Juichirou,Fargier,M,48127,9999-01-01
62374,Ortrud,Oppitz,M,40000,9999-01-01
62252,Mohd,Waymire,F,45478,9999-01-01
62381,Fay,Pfau,M,40000,9999-01-01
62285,Chinho,Plessier,M,49730,9999-01-01
62382,Padma,Edelhoff,F,50718,9999-01-01
62294,Jeanne,Bratsberg,M,67370,9999-01-01
62298,Quingbo,Yetto,M,49961,9999-01-01
62383,Khatoun,Rodier,M,56311,9999-01-01
62304,Kersti,Rusmann,M,67297,9999-01-01
62387,Toney,Frolund,M,42951,9999-01-01
62407,Stella,Oxenboll,M,58092,9999-01-01
62321,Kristine,Kroha,M,40000,9999-01-01
62325,Nitsan,Cummings,F,42545,9999-01-01
62336,Kazunori,Vieth,M,43678,9999-01-01
62412,Khosrow,Hennebert,F,54522,9999-01-01
62350,Xiaocheng,Erde,M,50450,9999-01-01
62351,Yuchang,Osgood,M,83670,9999-01-01
62427,Bedrich,Kamber,M,40000,9999-01-01
62428,Guadalupe,Lortz,F,60825,9999-01-01
62545,Chiranjit,Pleszkun,M,40000,9999-01-01
62433,IEEE,McFarlin,M,46720,9999-01-01
62437,Manohar,Takkinen,M,49714,9999-01-01
62443,Conrado,Pluym,M,57970,9999-01-01
62566,Giap,Lipner,F,40000,9999-01-01
62449,Jixiang,Angelov,F,70643,9999-01-01
62591,Limsoon,Baja,M,40000,9999-01-01
62459,Francoise,Shobatake,F,61041,9999-01-01
62472,Renee,Buescher,M,58284,9999-01-01
62476,Yahiko,Cooke,F,85320,9999-01-01
62629,Shigeaki,Ratnaker,F,78609,9999-01-01
62632,Piyawadee,Chiola,M,48394,9999-01-01
62637,Danae,Assaf,M,70296,9999-01-01
62638,Kayoko,Erde,M,47763,9999-01-01
62640,Toshimi,Smailagic,M,40000,9999-01-01
62642,Oddvar,Kushner,M,40000,9999-01-01
62650,Marjo,Asmuth,M,69599,9999-01-01
62679,Yechezkel,Vidal,M,40000,9999-01-01
62695,Guangming,Jenevein,F,96321,9999-01-01
62696,Paloma,Callaway,M,84196,9999-01-01
62714,Limsoon,Silva,F,40000,9999-01-01
62723,Mitchel,Penttonen,F,49106,9999-01-01
62478,Kousuke,Markovitch,F,40000,9999-01-01
62481,Gererd,Norsworthy,M,66594,9999-01-01
62496,Kien,Hempstead,M,48989,9999-01-01
62733,Kshitij,Kusakari,M,52443,9999-01-01
62743,Shin,Veeraraghavan,M,40000,9999-01-01
62497,Yifei,Sinitsyn,F,49067,9999-01-01
62750,Achilleas,Lemarechal,M,78766,9999-01-01
62507,Otmar,Mullainathan,M,51782,9999-01-01
62758,Xiong,Kornatzky,M,61104,9999-01-01
62513,Gil,Bojadziev,F,40000,9999-01-01
62774,Jeanna,Schlenzig,M,69335,9999-01-01
62781,Marek,Pietrzykowski,M,56682,9999-01-01
62529,Piyush,Miyakawa,M,40000,9999-01-01
62793,Beshir,Klerer,F,46484,9999-01-01
62799,Gretta,Murtagh,M,40000,9999-01-01
62804,Emran,Bahr,M,57104,9999-01-01
62913,Heekeun,Roisin,F,40000,9999-01-01
62811,Gadiel,Pettey,M,57524,9999-01-01
62812,Chaosheng,Zyda,M,54728,9999-01-01
62821,Tomokazu,Munke,M,52251,9999-01-01
62836,Alagu,Ozeri,F,65552,9999-01-01
62841,Xiaoheng,Cesareni,M,43806,9999-01-01
62846,Menkae,Walston,F,40000,9999-01-01
62847,Candido,Rijsenbrij,F,40000,9999-01-01
62926,Lillian,Schoegge,M,40000,9999-01-01
62857,Maia,Cummings,F,62733,9999-01-01
62859,Bernt,Wolniewicz,M,48163,9999-01-01
62869,Syozo,Schieder,M,40001,9999-01-01
62930,Fumiyo,Flanders,F,41842,9999-01-01
62941,Uta,Impagliazzo,M,46973,9999-01-01
62892,Gadiel,Muniz,F,41613,9999-01-01
62900,Gio,Alencar,M,42772,9999-01-01
62906,Alselm,McFarlin,F,66882,9999-01-01
62909,Lenore,Rissland,M,57809,9999-01-01
62957,King,Plotkin,F,44278,9999-01-01
62958,Tomofumi,Magliocco,F,40000,9999-01-01
62964,Duro,Schach,M,40000,9999-01-01
63107,Yurii,Crelier,M,74824,9999-01-01
62970,Georgy,Speek,M,44840,9999-01-01
63112,Joydip,Swan,F,61721,9999-01-01
63114,Danny,Cheshire,M,63059,9999-01-01
62982,Yannik,Penz,F,40000,9999-01-01
63128,Zhensheng,Gulak,F,59072,9999-01-01
63136,Hitofumi,Thibadeau,M,67329,9999-01-01
62985,Juichirou,Lipner,M,79861,9999-01-01
63017,Moni,Picel,F,40000,9999-01-01
63165,Vishwani,Khasidashvili,M,40000,9999-01-01
63166,Sanjai,Baak,M,40000,9999-01-01
63019,Fayez,Basawa,F,61483,9999-01-01
63021,Kamakshi,Yurov,M,40858,9999-01-01
63072,Bogdan,Siegrist,M,40000,9999-01-01
63209,Yakkov,Eiron,M,40000,9999-01-01
63220,Subir,Swiler,F,49827,9999-01-01
63221,Feiyu,Zockler,M,50312,9999-01-01
63230,Mart,Vecchio,F,40790,9999-01-01
63232,Vidya,Reghbati,F,40000,9999-01-01
63236,Shan,Barinka,F,70050,9999-01-01
63246,Zdislav,Waymire,M,59385,9999-01-01
63257,Elvis,Trogemann,M,68034,9999-01-01
63076,Goetz,Veccia,F,41569,9999-01-01
63269,Luerbio,Benzmuller,M,40000,9999-01-01
63077,Hyuncheol,Escriba,F,54381,9999-01-01
63086,Ibibia,Bratsberg,F,40000,9999-01-01
63088,Aleksander,Chepyzhov,M,63470,9999-01-01
63471,Filipp,Bael,F,40000,9999-01-01
63288,Stella,Zolotykh,M,46031,9999-01-01
63291,Subhrajyoti,Budinsky,M,43466,9999-01-01
63305,Perry,Waymire,M,40000,9999-01-01
63307,Sugwoo,Herber,M,54723,9999-01-01
63324,Pintsang,Leuchs,M,40000,9999-01-01
63326,Filipp,Perin,M,40000,9999-01-01
63487,Adib,Badr,M,51806,9999-01-01
63329,Mart,Schaaf,M,60910,9999-01-01
63331,Changho,Fadgyas,M,65406,9999-01-01
63341,Akeno,Peck,M,45035,9999-01-01
63343,Mark,Ananiadou,M,40000,9999-01-01
63349,Anestis,Comte,M,40000,9999-01-01
63495,Mabry,Kleiser,M,49286,9999-01-01
63356,Tua,Denos,M,42229,9999-01-01
63363,Terresa,Brattka,F,40000,9999-01-01
63367,Hatim,Bondorf,F,54425,9999-01-01
63497,Anneli,Griswold,F,60815,9999-01-01
63376,Kiyotoshi,Peir,M,52426,9999-01-01
63501,Laurentiu,Cesareni,M,40000,9999-01-01
63508,Radhia,Scharstein,M,40000,9999-01-01
63399,Yonghoan,Azumi,F,59974,9999-01-01
63516,Toshimitsu,Steinauer,M,94093,9999-01-01
63412,Domenick,Thisen,F,40000,9999-01-01
63422,Mahendra,Gulak,M,40000,9999-01-01
63520,Duro,Kermarrec,M,48354,9999-01-01
63427,Takahito,Nooteboom,M,67050,9999-01-01
63525,Ult,Ginneken,F,45904,9999-01-01
63438,Gilbert,Herbst,F,69910,9999-01-01
63442,Satyanarayana,Reghbati,M,40958,9999-01-01
63542,Michaela,Hanratty,M,49445,9999-01-01
63562,Dannz,Heiserman,F,46283,9999-01-01
63568,Toshimitsu,Bondorf,F,58244,9999-01-01
63672,Fei,Munos,F,40000,9999-01-01
63675,Kazuhira,Heijenga,M,40000,9999-01-01
63570,Randy,Sudkamp,F,71136,9999-01-01
63679,Amalendu,Beidas,M,55496,9999-01-01
63681,Ferdinand,Zucker,F,53904,9999-01-01
63574,Insup,Leslie,M,40000,9999-01-01
63688,Jouni,Spieker,F,53142,9999-01-01
63693,Martien,Zultner,M,40000,9999-01-01
63576,Cheong,Awdeh,F,56223,9999-01-01
63588,Pintsang,Curless,F,87462,9999-01-01
63707,Naftaly,Segond,F,41679,9999-01-01
63600,Gudjon,Birsak,M,46070,9999-01-01
63728,Haldon,Steenbeek,F,40000,9999-01-01
63738,Yunming,Ohori,F,46383,9999-01-01
63740,Doohun,Lenart,F,40624,9999-01-01
63743,Shugo,Muntz,F,55294,9999-01-01
63609,Martins,Lyonns,F,49193,9999-01-01
63744,Shaw,Mitchem,M,47300,9999-01-01
63610,Gudjon,Rosiles,M,62180,9999-01-01
63612,Berto,Foote,M,50531,9999-01-01
63638,Adib,Chepyzhov,F,40000,9999-01-01
63778,Gio,Sudkamp,F,40000,9999-01-01
63789,Urs,Sgarro,F,40000,9999-01-01
63801,Valdiodio,Roccetti,F,40928,9999-01-01
63836,Hitofumi,Petersohn,M,93576,9999-01-01
63898,Theirry,Ducloy,M,40000,9999-01-01
64026,Sverrir,VanScheik,M,76415,9999-01-01
64043,Yurij,Luiz,M,40000,9999-01-01
64052,Hyuckchul,Stroustrup,M,50377,9999-01-01
64054,Kaijung,Ratnakar,F,49538,9999-01-01
64084,Shao,Toyoshima,F,47225,9999-01-01
64090,Uli,Gecseg,M,57737,9999-01-01
64093,Hyuckchul,Nishimukai,F,64988,9999-01-01
64106,Youjian,Krone,F,62005,9999-01-01
64111,Godehard,Sherertz,F,40000,9999-01-01
64119,Zorica,Brizzi,M,46002,9999-01-01
64130,Yinghua,Merro,F,48261,9999-01-01
64136,Godehard,Lamba,F,60921,9999-01-01
64138,Yuqun,Fetvedt,F,83342,9999-01-01
64147,Richard,Sevcikova,F,40000,9999-01-01
64150,Noritoshi,Ghandeharizadeh,M,56353,9999-01-01
64151,Rasikan,Alameldin,M,58265,9999-01-01
64158,Yechiam,Fujisawa,F,71989,9999-01-01
64179,Yongmin,Szemeredi,M,56288,9999-01-01
63910,Rosalie,Mawatari,F,40000,9999-01-01
64200,Khun,Bojadziev,F,40000,9999-01-01
63922,Jixiang,Gischer,M,41263,9999-01-01
63934,Uinam,Hedayat,F,51743,9999-01-01
63935,Tadanori,Deyuan,M,40000,9999-01-01
63984,Yongmao,Gerteisen,F,40000,9999-01-01
64226,Margo,Mersereau,F,78875,9999-01-01
64240,Goncalo,Hoppenstand,F,40000,9999-01-01
64241,Vojin,Gilg,M,40000,9999-01-01
64243,Moss,Maraist,M,42959,9999-01-01
64268,Masasuke,Qiwen,M,56096,9999-01-01
64272,Roddy,Vesna,M,74493,9999-01-01
63987,Jingling,Hockney,F,40000,9999-01-01
63992,Yuping,Cools,M,40000,9999-01-01
64288,Gad,Siochi,M,46775,9999-01-01
64290,Hirochika,Merro,M,78273,9999-01-01
64298,Toshimori,Lupu,M,40000,9999-01-01
63997,Stafford,Rosti,F,56303,9999-01-01
64302,Huai,Sgarro,M,56971,9999-01-01
64392,Amabile,Bernatsky,F,40000,9999-01-01
64310,Khatoun,Kossowski,M,40000,9999-01-01
64313,Leucio,Schlegelmilch,F,59704,9999-01-01
64316,Bartek,Pesch,F,40000,9999-01-01
64320,Khoa,Petereit,F,42729,9999-01-01
64335,Tristan,Thummel,F,40449,9999-01-01
64344,Hyuncheol,Karnin,M,44886,9999-01-01
64359,Radhika,Farrar,F,40000,9999-01-01
64398,Nectarios,Perna,F,71024,9999-01-01
64377,Along,Couchot,M,40000,9999-01-01
64400,Babette,Brendel,F,40000,9999-01-01
64401,Kristin,Swiss,M,55668,9999-01-01
64450,Aran,Raney,F,60474,9999-01-01
64581,Shaunak,Reghbati,M,63907,9999-01-01
64477,Boaz,Belinskaya,M,40000,9999-01-01
64593,Karsten,Kriebel,F,54338,9999-01-01
64598,Chrisa,Kavanagh,M,65815,9999-01-01
64599,Trygve,Gubsky,M,44662,9999-01-01
64616,Hitomi,Zirintsis,M,49863,9999-01-01
64625,Geoff,Boissier,F,43437,9999-01-01
64488,Jaana,Kandlur,M,54694,9999-01-01
64495,Bilhanan,Bazelow,M,42062,9999-01-01
64655,Jaideep,Nilsson,F,54110,9999-01-01
64657,Jianhui,Duclos,M,60000,9999-01-01
64503,Stafford,Kornatzky,M,62147,9999-01-01
64510,Sachio,Radwan,F,57060,9999-01-01
64519,Kerryn,Eickenmeyer,M,73584,9999-01-01
64689,Bernice,Jakobus,M,45524,9999-01-01
64690,Sanjeeva,Siochi,M,53661,9999-01-01
64692,Bowen,Ermel,M,43722,9999-01-01
64526,Masoud,Uehara,F,68260,9999-01-01
64703,Trygve,Fiebach,M,47643,9999-01-01
64707,Brigham,Chachaty,F,51361,9999-01-01
64535,Zongyan,Georgatos,M,40407,9999-01-01
64536,Reinhold,Jiang,M,53303,9999-01-01
64728,Akhilish,Hedayat,M,43564,9999-01-01
64731,Fumino,Rosay,M,40000,9999-01-01
64556,Xiaopeng,Fritzsche,F,40000,9999-01-01
64753,Shahid,Swan,F,40000,9999-01-01
64755,Mang,Shackel,F,59789,9999-01-01
64572,Yinghua,Roccetti,M,40000,9999-01-01
64575,Pradeep,Sridhar,M,70816,9999-01-01
64761,Dekang,Fujisaki,F,48160,9999-01-01
64955,Mariusz,Karner,M,49158,9999-01-01
64774,Marsal,Kroft,M,40000,9999-01-01
64782,Bluma,Sommer,M,42918,9999-01-01
64783,Willard,Ramsey,M,61534,9999-01-01
64784,Charlene,Boreale,M,40000,9999-01-01
64785,Zhigen,Miyakawa,M,44638,9999-01-01
64794,Khun,Jiang,F,57686,9999-01-01
64796,Xiadong,Auria,M,66457,9999-01-01
64960,Chinho,Gonthier,M,63785,9999-01-01
64969,Jasminko,Kawashima,F,40000,9999-01-01
64974,Lijia,Penn,M,40000,9999-01-01
64832,Boalin,Emmerich,M,66423,9999-01-01
64991,Nirmal,Legleitner,M,40000,9999-01-01
64837,Mantis,Petereit,F,58887,9999-01-01
64855,Elrique,Hiltgen,M,50041,9999-01-01
64862,Mototsugu,Dulli,F,49360,9999-01-01
65001,Jongsuk,Hardjono,F,52698,9999-01-01
64872,Dayanand,Thibadeau,M,40000,9999-01-01
65004,Guttorm,Tiemann,M,40000,9999-01-01
64889,Emdad,Pauthner,M,64245,9999-01-01
65014,Geoffry,Narahara,M,58200,9999-01-01
64893,Yoshimitsu,Billawala,F,65346,9999-01-01
64904,Xiaocheng,Aloia,F,41045,9999-01-01
65028,Yifei,Businaro,M,89389,9999-01-01
64916,Mohit,Hmelo,M,65245,9999-01-01
64917,Mokhtar,Litecky,M,40000,9999-01-01
65029,Theirry,Kaltofen,M,40000,9999-01-01
64933,Kristin,Mungall,M,68525,9999-01-01
65045,Abdelkader,Koshiba,M,44054,9999-01-01
64941,Angel,Hockney,M,40000,9999-01-01
65049,Keung,Kropf,F,57706,9999-01-01
65056,Masako,Haldar,F,49893,9999-01-01
65131,Shakhar,Akiyama,M,101208,9999-01-01
65136,Terresa,Undy,M,60130,9999-01-01
65061,Shushma,Flowers,F,40000,9999-01-01
65144,Nectarios,Deyuan,M,63968,9999-01-01
65084,Aksel,Bhattacharjee,F,40000,9999-01-01
65162,Marko,Peot,M,40000,9999-01-01
65167,Torsten,Borovoy,M,65330,9999-01-01
65173,Karlis,Binkley,F,75674,9999-01-01
65097,Yinlin,Meszaros,M,79554,9999-01-01
65199,Ipke,Spataro,M,78239,9999-01-01
65102,Souichi,Delgrange,F,40000,9999-01-01
65106,Nadjib,Hartvigsen,F,40000,9999-01-01
65215,Joydip,Garnham,M,57902,9999-01-01
65216,Masato,Leuchs,M,40000,9999-01-01
65217,Magdalena,Leijenhorst,M,41061,9999-01-01
65108,Hirochika,Lunn,F,40000,9999-01-01
65222,Wilmer,Zaumen,F,69503,9999-01-01
65113,Arif,Brender,M,52175,9999-01-01
65240,Sakthirel,Kabayashi,F,40000,9999-01-01
65316,Aimee,Papastamatiou,M,40000,9999-01-01
65243,Xiaoheng,Chinen,M,55547,9999-01-01
65248,Shrikanth,Felcyn,M,40000,9999-01-01
65259,Kazuhide,Luef,M,40000,9999-01-01
65280,Arun,Aloia,M,79785,9999-01-01
65358,Kshitij,Cooley,M,40000,9999-01-01
65290,Sanjay,Wielonsky,M,60156,9999-01-01
65308,Jouni,Pocchiola,M,40000,9999-01-01
65311,Terresa,Assaf,M,58664,9999-01-01
65502,Weiru,Junot,F,40000,9999-01-01
65506,Guozhong,Khalil,M,49945,9999-01-01
65510,Valeska,Brodie,M,52862,9999-01-01
65513,Huican,Fandrianto,F,40000,9999-01-01
65515,Phillip,Teitelbaum,F,58807,9999-01-01
65517,Visit,Ducloy,F,40000,9999-01-01
65533,Monique,Mawatari,M,40000,9999-01-01
65538,Moheb,Plesums,F,40000,9999-01-01
65543,Mahmut,Verhoeff,M,40000,9999-01-01
65551,Zhenhua,Nittel,F,40000,9999-01-01
65559,Feipei,Nishimukai,F,65401,9999-01-01
65568,Mark,Ventosa,M,44039,9999-01-01
65569,Sachio,Picci,M,53205,9999-01-01
65572,Hironoby,Bernardeschi,M,43575,9999-01-01
65579,Adit,Orsini,M,55323,9999-01-01
65366,Bartek,Lindenbaum,M,40000,9999-01-01
65591,Apostol,Riesenhuber,M,75201,9999-01-01
65594,Dietrich,Sadowski,F,40000,9999-01-01
65595,Kasidit,Fujisaki,F,51388,9999-01-01
65599,Gen,Sethi,M,61010,9999-01-01
65367,Weiwu,Heyers,M,54705,9999-01-01
65605,Howell,Matzen,M,44011,9999-01-01
65611,Kwangho,Danecki,M,50031,9999-01-01
65612,Somnath,Senzako,F,49017,9999-01-01
65368,Dung,Ladret,M,40000,9999-01-01
65619,Kazuhira,Rosch,M,40705,9999-01-01
65372,Amalendu,Lenart,M,72587,9999-01-01
65387,Nathalie,Muchinsky,F,40537,9999-01-01
65641,Vishu,Winter,M,40000,9999-01-01
65657,Arno,Seiwald,M,74120,9999-01-01
65663,Rafael,Leppanen,M,50166,9999-01-01
65390,Dayanand,Bail,M,46759,9999-01-01
65669,Rafail,Muhlberg,F,51364,9999-01-01
65674,Cathie,Sadowski,M,64477,9999-01-01
65392,Poorav,Aseltine,F,68719,9999-01-01
65393,Shietung,Lubachevsky,M,40000,9999-01-01
65394,Jacqueline,Lamma,M,80932,9999-01-01
65417,Toney,Karnin,M,40000,9999-01-01
65428,Herbert,Luby,M,82991,9999-01-01
65702,Kristian,Nergos,M,40000,9999-01-01
65706,Troy,Munck,M,40000,9999-01-01
65711,Sarita,Kalloufi,F,46032,9999-01-01
65715,Nevin,Gniady,M,47221,9999-01-01
65431,Emdad,Streit,F,58976,9999-01-01
65721,Marjo,Snedden,F,56679,9999-01-01
65727,Matt,Ranst,M,50282,9999-01-01
65443,Sreekrishna,Bresenham,M,40000,9999-01-01
65738,Ramachenga,Marrakchi,F,40000,9999-01-01
65746,Xiaoshan,Chiola,M,72739,9999-01-01
65448,Menkae,Benzaken,M,80004,9999-01-01
65748,Masoud,Gimarc,M,46636,9999-01-01
65752,Pasqua,Schreiter,M,43286,9999-01-01
65760,Chenxi,Morrey,F,49196,9999-01-01
65449,Vasiliy,Steenbeek,M,54114,9999-01-01
65458,Dmitri,Domenig,M,53712,9999-01-01
65466,Mona,Lagarias,F,49422,9999-01-01
65791,Elvia,Raczkowsky,M,40000,9999-01-01
65793,Serenella,Cummings,F,49418,9999-01-01
65467,Jeane,Perng,M,63543,9999-01-01
65801,Arif,Munch,F,40000,9999-01-01
65486,Arch,Cincotta,F,40000,9999-01-01
65803,Lijia,Michaeli,M,40000,9999-01-01
65804,Otilia,Driscoll,M,40000,9999-01-01
65806,Divier,Ellozy,M,40000,9999-01-01
65807,Guttorm,Ranze,M,46313,9999-01-01
65487,Shalesh,Cools,M,54436,9999-01-01
65832,Anoosh,Lamba,M,70859,9999-01-01
65834,Vidya,Marletta,F,40000,9999-01-01
65835,Arra,Beetstra,M,85629,9999-01-01
65840,Sreekrishna,Magalhaes,F,43394,9999-01-01
65490,Xiaobin,Wixon,F,52904,9999-01-01
65842,Lubomir,Paludetto,M,67655,9999-01-01
65493,Zeydy,Cummings,M,57217,9999-01-01
65858,Martins,Awdeh,M,40189,9999-01-01
65494,Khoa,Yoshizawa,F,54472,9999-01-01
65498,Rildo,Garrabrants,M,54401,9999-01-01
65868,Guoxiang,Cools,F,51306,9999-01-01
65869,Premsyl,Nittel,M,45163,9999-01-01
66062,Zita,Ranta,F,55543,9999-01-01
65876,Yagil,Vieth,M,74425,9999-01-01
66067,Aruna,Domenig,M,68695,9999-01-01
65894,Yakkov,Haraldson,F,99265,9999-01-01
65899,Anyuan,Ranta,F,49908,9999-01-01
66073,Zhongwei,Marrevee,M,54058,9999-01-01
66086,Sverrir,Salvesen,M,57240,9999-01-01
66120,Nobuyoshi,Pusterhofer,F,50066,9999-01-01
65952,Debaprosad,Vesna,F,72706,9999-01-01
65958,Heon,Bierman,M,60448,9999-01-01
65966,Jessie,Macedo,M,93229,9999-01-01
66123,Jinxi,Comte,M,47981,9999-01-01
65974,Fayez,Schicker,M,64809,9999-01-01
65978,Fay,Chaudhuri,M,49877,9999-01-01
65981,Jayson,Bharadwaj,M,40000,9999-01-01
66126,Basil,Schneeberger,F,64596,9999-01-01
66131,Kasturi,Vuskovic,F,57171,9999-01-01
66145,Hironobu,Ashish,F,40000,9999-01-01
66019,Surveyors,Rosis,F,56619,9999-01-01
66159,Fuqing,Jervis,F,54699,9999-01-01
66039,JoAnna,Georgatos,M,75671,9999-01-01
66170,Aksel,Ohori,F,81664,9999-01-01
66183,Ortrud,Frijda,F,40000,9999-01-01
66198,Seongbin,Edelhoff,M,40000,9999-01-01
66247,Aleksandar,Mitina,F,40000,9999-01-01
66254,Ghassan,Mahnke,F,69979,9999-01-01
66258,Sumant,Schonegge,M,40000,9999-01-01
66202,Kolar,Giveon,M,51614,9999-01-01
66205,Yannik,Argence,M,55476,9999-01-01
66217,Dmitry,Karner,F,75004,9999-01-01
66289,Taizo,Keohane,F,75519,9999-01-01
66291,Tzu,Ouhyoung,F,47774,9999-01-01
66293,Jaewon,Stroustrup,M,40000,9999-01-01
66296,Aloke,Iivonen,F,49732,9999-01-01
66218,Branimir,Gulak,M,40000,9999-01-01
66314,Alagu,Sluis,M,40000,9999-01-01
66223,Yakichi,Rattan,M,43593,9999-01-01
66225,Mayumi,Stifter,M,61054,9999-01-01
66226,Deniz,Baba,M,60584,9999-01-01
66336,Youjian,Sidje,M,41301,9999-01-01
66229,Dannz,Mayerwieser,F,75284,9999-01-01
66351,Shir,Bierbaum,F,49817,9999-01-01
66231,Chaosheng,Keohane,F,43199,9999-01-01
66356,Masato,Coorg,F,69641,9999-01-01
66361,Almudena,Boudaillier,F,45648,9999-01-01
66434,Martins,Mungall,M,40000,9999-01-01
66364,Jaewon,Picco,F,54518,9999-01-01
66374,Gen,Thambidurai,F,78924,9999-01-01
66376,Berhard,Antonisse,F,53900,9999-01-01
66380,Sumant,Furudate,M,40000,9999-01-01
66383,Herbert,Marsiglia,F,40000,9999-01-01
66435,Sampalli,Braunschweig,M,40521,9999-01-01
66445,Kazuyasu,Zykh,M,82921,9999-01-01
66419,Przemyslawa,Perna,F,40000,9999-01-01
66425,Mats,Eppinger,F,57825,9999-01-01
66625,Wayne,Jeong,F,40000,9999-01-01
66646,Chanjung,Erman,M,50529,9999-01-01
66647,Charmane,Leppanen,F,40000,9999-01-01
66650,Luigi,Lanzelotte,F,47301,9999-01-01
66655,Tomokazu,Castellani,F,40000,9999-01-01
66447,Greger,Conia,M,45183,9999-01-01
66668,Achilleas,Reeken,F,40000,9999-01-01
66455,Doohun,Puppo,M,70674,9999-01-01
66686,Gopalakrishnan,Flanders,F,40000,9999-01-01
66687,Kien,Simmen,M,75962,9999-01-01
66460,Xiaoheng,Antonisse,M,40000,9999-01-01
66695,Mihalis,Bondorf,M,44669,9999-01-01
66467,Zine,Erdmenger,M,40000,9999-01-01
66713,LiMin,Zyda,F,52499,9999-01-01
66716,Elgin,Kermarrec,M,57224,9999-01-01
66475,Gopalakrishnan,Birsak,M,40000,9999-01-01
66477,Christfried,Borstler,M,54869,9999-01-01
66743,Hilary,Versino,F,50402,9999-01-01
66744,Chuanyi,Puppe,M,40000,9999-01-01
66480,Subhrajyoti,Tempesti,M,49021,9999-01-01
66753,Margo,Ramsey,F,40000,9999-01-01
66754,Mabhin,Angiulli,M,40000,9999-01-01
66481,Nalini,McClurg,M,56223,9999-01-01
66485,Nadjib,Morrey,F,40000,9999-01-01
66775,Mariangiola,Milicia,M,47616,9999-01-01
66486,Tonia,Ghelli,M,49737,9999-01-01
66502,Changho,Ducloy,F,40000,9999-01-01
66516,Akeel,Crouzet,M,40000,9999-01-01
66801,Bogdan,Orlowska,F,43258,9999-01-01
66519,Masami,Selenyi,M,62188,9999-01-01
66802,Mohit,Karlin,M,40696,9999-01-01
66520,Juichirou,Bakhtari,M,40000,9999-01-01
66521,Taiji,Krychniak,F,40000,9999-01-01
66526,Uwe,Casley,F,40000,9999-01-01
66828,Frederique,Narahara,M,62909,9999-01-01
66536,DeForest,Malinowski,M,45280,9999-01-01
66837,Parto,Daescu,M,73611,9999-01-01
66552,Sakthirel,Erva,F,40000,9999-01-01
66848,Supot,Brickell,F,40000,9999-01-01
66851,Mona,Lyonns,M,48823,9999-01-01
66858,Morris,Perng,M,60632,9999-01-01
66866,Luise,Sundgren,F,56785,9999-01-01
66867,Behnaam,Biron,M,45197,9999-01-01
66869,Pasqua,Worfolk,F,40000,9999-01-01
66556,Hongzhu,Remmele,M,57942,9999-01-01
66560,Leaf,Lammel,F,42133,9999-01-01
66565,Kien,Perez,M,40000,9999-01-01
66577,Serap,Reutenauer,M,40000,9999-01-01
66907,Turgut,Bardell,F,40000,9999-01-01
66909,Demin,Sooriamurthi,F,40000,9999-01-01
66921,Weiru,Deville,M,45905,9999-01-01
66588,Zine,Itschner,F,66371,9999-01-01
66937,Chenye,Heering,M,53428,9999-01-01
66589,Troy,Yurov,M,64957,9999-01-01
66945,Perry,Kusakabe,F,74549,9999-01-01
66597,Hugo,Krychniak,F,40000,9999-01-01
66957,Gino,Shrader,F,40000,9999-01-01
66961,Lech,Albarhamtoshy,M,67854,9999-01-01
66603,Dipankar,Mamelak,F,40000,9999-01-01
66604,Bezalel,Hiroyama,F,40000,9999-01-01
66980,Pranay,Osgood,M,61357,9999-01-01
66605,Chiranjit,Suermann,F,78878,9999-01-01
67198,Fuqing,Schahn,F,61371,9999-01-01
66982,Youpyo,Rosti,M,40000,9999-01-01
66991,Khoa,Ranum,M,51285,9999-01-01
66993,Malu,Georgakopoulos,F,50737,9999-01-01
67006,Elvia,Alblas,M,40000,9999-01-01
67011,Van,McClure,M,43853,9999-01-01
67014,Arup,Jakobus,M,59338,9999-01-01
67216,Yongmao,Streng,F,49235,9999-01-01
67029,Sorina,Heydon,F,50518,9999-01-01
67033,Weiru,Schaaf,M,62407,9999-01-01
67046,Keiichiro,Thebaut,F,40000,9999-01-01
67227,Shuky,Showalter,F,40000,9999-01-01
67051,Randy,Pearson,M,48047,9999-01-01
67066,Josyula,Perez,M,46143,9999-01-01
67233,Gad,Baalen,F,46571,9999-01-01
67076,Jasminko,Farris,F,40000,9999-01-01
67253,Shiv,Szmurlo,M,40000,9999-01-01
67084,Shigeo,Isaak,M,59309,9999-01-01
67272,Val,Minakawa,M,45253,9999-01-01
67112,Sreekrishna,Henders,F,66242,9999-01-01
67115,Siamak,Bernardeschi,M,40000,9999-01-01
67301,Xuedong,Danlos,M,80777,9999-01-01
67135,Candida,Fendler,F,47076,9999-01-01
67138,Surveyors,Kaltofen,M,40000,9999-01-01
67146,Horward,Hertweck,F,84628,9999-01-01
67164,Eckart,Bade,M,40000,9999-01-01
67165,Chikako,Schapire,M,69164,9999-01-01
67306,Peternela,Molenkamp,F,40000,9999-01-01
67327,Tomokazu,Ernst,M,40000,9999-01-01
67352,Masaru,Awdeh,F,52072,9999-01-01
67357,Pradeep,Millington,F,40230,9999-01-01
67333,Takahiro,Ebeling,F,40963,9999-01-01
67362,Ranga,Cardazo,F,40000,9999-01-01
67366,Ayonca,Bratten,F,49750,9999-01-01
67367,Karlis,Birch,M,77782,9999-01-01
67345,Mani,Rando,F,60971,9999-01-01
67377,Mingdong,Sherertz,M,40000,9999-01-01
67379,Masadi,Srimani,M,44380,9999-01-01
67381,Gita,Weedon,F,42660,9999-01-01
67537,Somnath,Uludag,M,68252,9999-01-01
67395,Sakthirel,Basart,F,40000,9999-01-01
67402,Maya,Ruemmler,M,61864,9999-01-01
67404,Shaz,Shobatake,F,45835,9999-01-01
67426,Haldun,Geffroy,M,40000,9999-01-01
67549,Ute,Pezzoli,F,40000,9999-01-01
67428,Dharmaraja,Diderrich,M,40000,9999-01-01
67438,Niranjan,Makinen,F,40000,9999-01-01
67553,Freyja,Hutter,F,66416,9999-01-01
67450,Khosrow,Seiwald,M,77206,9999-01-01
67451,Siamak,Stellhorn,M,46580,9999-01-01
67554,Xiaoheng,Bhattacharjee,M,41865,9999-01-01
67567,Yuqun,Delgrossi,M,53312,9999-01-01
67476,Gino,Kilgour,M,40000,9999-01-01
67477,Morrie,Vasanthakumar,M,58087,9999-01-01
67483,Oguz,Chartres,F,66835,9999-01-01
67570,Odysseas,Baig,M,79607,9999-01-01
67571,Gro,Iisaka,M,40000,9999-01-01
67500,Vasiliy,Laurillard,M,53652,9999-01-01
67572,Gro,Katalagarianos,F,40000,9999-01-01
67506,Collette,Verhoeff,M,58501,9999-01-01
67574,Lijie,Aingworth,F,40000,9999-01-01
67578,Perry,Muhlberg,M,57542,9999-01-01
67523,Pohua,Gelosh,M,44111,9999-01-01
67526,Shay,Roisin,M,44569,9999-01-01
67529,Alejandro,Passino,F,45779,9999-01-01
67589,Hausi,Lampe,M,40000,9999-01-01
67594,Jiann,Aingworth,M,49158,9999-01-01
67609,Poornachandra,Berztiss,M,58305,9999-01-01
67729,Candida,Molenkamp,M,40000,9999-01-01
67740,Reinhard,Stifter,F,42141,9999-01-01
67741,Yishay,Koblitz,F,58417,9999-01-01
67742,Toong,Hasham,M,41346,9999-01-01
67761,Jagoda,Rothe,F,40000,9999-01-01
67767,Elvis,Demos,M,40000,9999-01-01
67774,Jongsuk,Fabrizio,M,40000,9999-01-01
67779,Niclas,Welham,M,70776,9999-01-01
67782,Almudena,Luga,M,47724,9999-01-01
67797,Chaoyi,Azuma,F,40000,9999-01-01
67804,Margareta,Vesel,F,62747,9999-01-01
67807,Zissis,Ramalingam,F,53000,9999-01-01
67812,Reinhold,Reinhart,M,40000,9999-01-01
67815,Zongyan,Coney,M,47975,9999-01-01
67820,Gay,Colorni,F,50975,9999-01-01
67823,Szabolcs,Muhlberg,M,55990,9999-01-01
67826,Selwyn,Detkin,M,62803,9999-01-01
67833,Aleksander,Iivonen,F,66291,9999-01-01
67835,Behnaam,Luft,M,58660,9999-01-01
67837,Barun,Heyers,M,64453,9999-01-01
67845,Xuejun,Back,M,70932,9999-01-01
67848,Shawna,Litzkow,M,40000,9999-01-01
67853,King,Perl,M,40000,9999-01-01
67862,Sven,Brizzi,M,75455,9999-01-01
67879,Hongzue,Michaels,M,40000,9999-01-01
67885,Nishit,Suermann,M,40000,9999-01-01
67896,Werner,Guardalben,F,47155,9999-01-01
67929,Richard,Iisaka,M,40000,9999-01-01
67936,Valery,Bardell,F,40000,9999-01-01
67937,Odinaldo,Bashian,M,46209,9999-01-01
67948,Shay,Berztiss,F,40274,9999-01-01
67954,Aleksandar,Liedekerke,M,40000,9999-01-01
67962,Jiann,Stille,F,66312,9999-01-01
67967,Marin,Stille,M,40000,9999-01-01
67968,Christoper,Narahara,M,49587,9999-01-01
67983,Gererd,Heusch,M,40912,9999-01-01
67989,Adib,Schwaller,M,67666,9999-01-01
67994,Hatim,Paludetto,M,56017,9999-01-01
67999,Sorina,Herber,M,101561,9999-01-01
68001,Marlo,Panwar,F,40000,9999-01-01
68003,Kellie,Ratzlaff,M,40000,9999-01-01
68005,Hilary,Montresor,M,56329,9999-01-01
68010,Mohan,Tsunoo,F,40000,9999-01-01
68028,Richara,Syang,M,72953,9999-01-01
68055,Narain,Jansen,M,52916,9999-01-01
68063,Karlis,Gide,M,43681,9999-01-01
67613,Hyuncheol,Andreotta,M,44582,9999-01-01
68110,Ewing,Erni,F,40000,9999-01-01
67624,Atreyi,Luks,F,40000,9999-01-01
68123,Shakhar,Rissland,M,80926,9999-01-01
68124,Zhiguo,Gonthier,F,40000,9999-01-01
67632,Anestis,Schusler,M,40000,9999-01-01
68138,Qunsheng,Poujol,F,40000,9999-01-01
68142,Aran,Nishimukai,F,73185,9999-01-01
67640,Gen,Glinert,M,40000,9999-01-01
68147,Breannda,Zhang,F,40000,9999-01-01
67653,Mabo,Rathonyi,F,49386,9999-01-01
68170,Etsuo,Kavanagh,M,60720,9999-01-01
68173,Gererd,Litzkow,M,40000,9999-01-01
67660,Kwangjo,Pena,M,85785,9999-01-01
68179,Guangming,Nyanchama,M,40000,9999-01-01
67667,Basant,Butterworth,F,40000,9999-01-01
68199,Kwok,Litzkow,M,69041,9999-01-01
67675,Gila,Schiper,M,42889,9999-01-01
68218,Miquel,Renear,M,40000,9999-01-01
67682,Moni,Ozeri,M,47969,9999-01-01
67683,Domenico,Linares,M,44038,9999-01-01
68233,Frederique,Penz,F,40000,9999-01-01
68236,Harngdar,Farrow,F,48666,9999-01-01
67684,Vincent,Pintelas,M,40000,9999-01-01
68245,Valeska,Ramamoorthy,M,42009,9999-01-01
67686,Lucien,Junet,F,64939,9999-01-01
68258,Kerryn,Acton,F,40000,9999-01-01
67701,Chikara,Herbst,F,40000,9999-01-01
68269,Marjo,Falster,M,57111,9999-01-01
67709,Huei,Attimonelli,F,49191,9999-01-01
68478,Rutger,Plotkin,M,40000,9999-01-01
68293,Faiza,Mateescu,M,40000,9999-01-01
68313,Rosalie,Ferriere,M,40000,9999-01-01
68499,Arfst,Bael,M,74774,9999-01-01
68321,Aris,Harbusch,M,40000,9999-01-01
68500,Leah,Stellhorn,M,48903,9999-01-01
68350,Arve,Speckmann,M,40000,9999-01-01
68508,Annemarie,Swist,M,40000,9999-01-01
68528,Sailaja,Ghalwash,F,43894,9999-01-01
68367,Emdad,Vandervoorde,F,55259,9999-01-01
68381,Stabislas,Hasham,F,57399,9999-01-01
68536,Zorica,Perly,M,53192,9999-01-01
68538,Kwangjo,Velasco,M,78262,9999-01-01
68542,Licheng,Pollacia,F,40000,9999-01-01
68407,Jahangir,Peternell,M,80397,9999-01-01
68550,Alper,Perin,F,56706,9999-01-01
68432,Tsuneo,Staylopatis,F,90197,9999-01-01
68552,Abdelkader,Gronowski,F,40000,9999-01-01
68433,Maya,Wossner,M,75598,9999-01-01
68568,Iara,Raney,M,47903,9999-01-01
68454,Weicheng,Kampfer,F,40000,9999-01-01
68570,Kamakshi,Alvarado,F,40000,9999-01-01
68578,Weidon,Baranowski,M,49093,9999-01-01
68585,Vatsa,Bail,F,46172,9999-01-01
68596,Sergi,Penz,M,40000,9999-01-01
68599,Alair,Zucker,M,79116,9999-01-01
68673,Elvia,Bale,M,40000,9999-01-01
68603,Fabrizio,Rusterholz,M,76040,9999-01-01
68679,Takahiro,Dredge,M,40000,9999-01-01
68690,Elgin,Juneja,F,41653,9999-01-01
68692,Behnaam,Monarch,M,40783,9999-01-01
68604,Kannan,Dymetman,M,71311,9999-01-01
68699,Harjit,Baby,F,46009,9999-01-01
68607,Xuejia,Zallocco,F,58750,9999-01-01
68705,Arunas,Ferretti,F,66448,9999-01-01
68709,Marke,Zaccaria,M,40000,9999-01-01
68626,Pragnesh,Schrift,M,40000,9999-01-01
68714,Alselm,Nishimukai,F,51121,9999-01-01
68717,Yishai,Chenoweth,M,42754,9999-01-01
68642,Arvind,Jumpertz,M,58286,9999-01-01
68744,Khedija,Spelt,M,45303,9999-01-01
68747,Chikara,Binkley,M,40000,9999-01-01
68756,Jayesh,Syang,M,40000,9999-01-01
68839,Shuky,Famili,M,65014,9999-01-01
68761,Rasikan,Zuberek,M,56609,9999-01-01
68769,Gill,Akaboshi,M,65192,9999-01-01
68770,Perla,Lunn,F,40000,9999-01-01
68773,Hugo,Isaac,M,51685,9999-01-01
68780,Berni,Itschner,M,40000,9999-01-01
68788,Reuven,Kaiser,M,50886,9999-01-01
68840,Quingbo,Nourani,M,40205,9999-01-01
68798,Theirry,Murtagh,F,40000,9999-01-01
68801,Ymte,Ramsay,M,40000,9999-01-01
68843,Yucel,Kalafatis,F,65079,9999-01-01
68808,Morrie,Beerel,M,40000,9999-01-01
68809,Oldrich,Menhardt,F,62793,9999-01-01
68862,Christoper,Schonegge,F,40000,9999-01-01
68872,Dzung,Munro,F,59621,9999-01-01
69019,Valdiodio,Rothenberg,M,66458,9999-01-01
69020,Udo,Masaki,F,49799,9999-01-01
69022,Kendra,Benzmuller,M,67026,9999-01-01
69027,Make,Gihr,M,53717,9999-01-01
69032,Dhritiman,Mawatari,M,51396,9999-01-01
69050,Nidapan,Anily,F,68511,9999-01-01
69064,Alair,Babb,M,40445,9999-01-01
69084,Kazuhisa,Thisen,M,55971,9999-01-01
69092,Sreenivas,Denna,F,40000,9999-01-01
69118,Irena,Lakshmanan,M,63488,9999-01-01
68880,Elvis,Assaf,M,88365,9999-01-01
69122,Weiwu,Templeman,M,40000,9999-01-01
69131,Shuzo,Hebert,F,40545,9999-01-01
69136,Younwoo,Busillo,F,52907,9999-01-01
68890,Mantis,Baer,M,94575,9999-01-01
68895,Suvo,Senzako,M,42830,9999-01-01
69166,Bernd,Chiodo,F,45681,9999-01-01
68900,Pohua,Sevcikova,M,40000,9999-01-01
69173,Georgy,Adachi,F,40000,9999-01-01
69177,Shan,Marchegay,F,47059,9999-01-01
69181,Toshiko,Schiper,M,71449,9999-01-01
68901,Aron,Gilg,M,40000,9999-01-01
68909,Jayson,Rajcani,M,40000,9999-01-01
68910,Basim,Maccarone,M,79321,9999-01-01
68911,Francoise,Ratzlaff,M,55613,9999-01-01
68913,Tayeb,Seuren,M,40000,9999-01-01
68914,Subhankar,Hebert,M,43813,9999-01-01
68917,Menkae,Peot,F,52764,9999-01-01
69206,Bojan,Melichar,M,40000,9999-01-01
68919,Licheng,Aamodt,F,40000,9999-01-01
69217,Atreyi,Brandsma,F,66959,9999-01-01
69222,Elliott,Llado,M,43906,9999-01-01
68940,Froduald,Garrabrants,F,63903,9999-01-01
69226,Reinhold,Wursthorn,F,40000,9999-01-01
69228,Urs,Shimshoni,F,48344,9999-01-01
69230,Florian,Pews,F,56164,9999-01-01
69246,Yonghoan,Maksimenko,M,56083,9999-01-01
68947,Toshimo,Bergere,M,74667,9999-01-01
69263,Sreekrishna,Iisaku,F,53738,9999-01-01
68951,Shichao,Leppanen,F,73533,9999-01-01
69271,Debatosh,Zyda,M,61650,9999-01-01
68964,Fai,Francisci,M,60946,9999-01-01
69287,Frazer,Luders,M,40000,9999-01-01
69297,Fei,Range,M,57158,9999-01-01
68966,Shuho,Carrera,F,49407,9999-01-01
69316,Paraskevi,Radhakrishnan,M,40000,9999-01-01
68978,Rildo,Dalton,M,40000,9999-01-01
69325,Pranas,Dredge,F,40000,9999-01-01
69333,Jianhao,Zirintsis,M,47935,9999-01-01
68998,Remko,Serra,M,40000,9999-01-01
69355,Dmitry,Borovoy,F,63416,9999-01-01
69360,Lenore,Hanratty,F,45273,9999-01-01
69007,Brewster,McAffer,M,48782,9999-01-01
69366,Georg,Schrift,F,52943,9999-01-01
69014,Xuejun,Chenney,F,43889,9999-01-01
69578,Shim,Sewelson,F,94930,9999-01-01
69387,Danny,Mitsuhashi,F,40457,9999-01-01
69582,Pragnesh,Hofstetter,F,40000,9999-01-01
69405,Lijia,Heping,F,40000,9999-01-01
69598,Elvis,Hofstetter,F,55656,9999-01-01
69418,Jixiang,Steinauer,F,51844,9999-01-01
69421,Nahla,Clemencon,M,45226,9999-01-01
69425,Kristen,Orsini,F,45817,9999-01-01
69428,Dzung,Shimshoni,F,41115,9999-01-01
69601,Sachar,Lieblein,M,50927,9999-01-01
69445,Gift,Puppo,F,54958,9999-01-01
69446,Pranay,Melter,M,57776,9999-01-01
69602,Naftaly,Litzkow,F,42211,9999-01-01
69455,Radhakrishnan,Nastansky,F,51196,9999-01-01
69607,Candido,Parhami,M,40000,9999-01-01
69613,Gay,Tsukuda,M,56822,9999-01-01
69621,Atilio,Takkinen,M,46624,9999-01-01
69493,Odoardo,Greibach,M,63607,9999-01-01
69625,Remmert,Taneja,F,85397,9999-01-01
69506,Marke,Cappelletti,M,41165,9999-01-01
69507,Alassane,Weedon,F,78294,9999-01-01
69632,Limsoon,Nations,F,51890,9999-01-01
69635,Djelloul,Garrabrants,M,40000,9999-01-01
69524,Leon,Vrecion,M,40000,9999-01-01
69637,Tse,Basart,M,60389,9999-01-01
69544,Flemming,Falster,M,54478,9999-01-01
69639,Christoper,Picci,F,40000,9999-01-01
69555,Golgen,Sabnani,F,74734,9999-01-01
69647,Deborah,Pileggi,M,64210,9999-01-01
69562,Tua,Haumacher,M,48325,9999-01-01
69570,Katsuyuki,Reinhart,M,52654,9999-01-01
69651,Divier,Decaestecker,F,53583,9999-01-01
69652,Josyula,Oehlmann,M,44365,9999-01-01
69654,Paris,Hofman,M,61823,9999-01-01
69665,Uzi,Fioravanti,M,94554,9999-01-01
69758,Arup,Yurov,M,40000,9999-01-01
69767,Nakhoon,Glowinski,F,40000,9999-01-01
69771,Chaitali,Ibel,M,48930,9999-01-01
69773,Elzbieta,Kisuki,F,62452,9999-01-01
69670,Phillip,Limongiello,M,40000,9999-01-01
69676,Shin,Henseler,F,46754,9999-01-01
69790,Werner,Leslie,M,47137,9999-01-01
69682,Gor,Siksek,M,40000,9999-01-01
69687,Oksana,Minakawa,F,40000,9999-01-01
69807,Olivera,Emmerich,M,49668,9999-01-01
69688,Kazuyasu,Skogmar,M,41985,9999-01-01
69821,Francoise,Birdsall,M,63360,9999-01-01
69697,Zengping,Nourani,M,52198,9999-01-01
69829,Akhilish,Koprowski,M,60061,9999-01-01
69835,Deborah,Birdsall,M,40000,9999-01-01
69714,Anneke,Kavvadias,F,56682,9999-01-01
69845,Kinh,Tanemo,M,40915,9999-01-01
69717,Boalin,Gecsei,F,64475,9999-01-01
69732,Vitaly,Maraist,M,60850,9999-01-01
69874,Doohun,Menyhert,F,48291,9999-01-01
69888,Billur,Speel,F,61912,9999-01-01
69897,Stamatina,Kamber,M,69176,9999-01-01
69737,Sarita,Conta,M,40000,9999-01-01
69946,Theirry,Varker,F,59124,9999-01-01
69928,Abdelkader,Nourani,M,40000,9999-01-01
69932,Surveyors,Stenning,M,60208,9999-01-01
69940,Gonzalo,Mattern,M,55119,9999-01-01
69960,Lein,Sooriamurthi,F,60283,9999-01-01
69982,Sanjoy,Lindqvist,M,64773,9999-01-01
70132,Gal,Manders,M,95614,9999-01-01
70146,Tiina,Atrawala,M,40000,9999-01-01
69987,Shem,Collette,M,48372,9999-01-01
70162,Danai,Wrigley,M,46920,9999-01-01
70164,Ult,Bergere,F,52833,9999-01-01
69993,Anwar,Silva,F,92674,9999-01-01
70171,Sadun,Himler,F,57201,9999-01-01
70172,Toshimo,Beerel,M,40000,9999-01-01
70004,Shih,VanScheik,M,40000,9999-01-01
70180,Renee,Cichocki,M,92488,9999-01-01
70190,Zeljko,Luiz,M,45201,9999-01-01
70197,Nishit,Fritzsche,M,40000,9999-01-01
70023,Bodh,Plotkin,F,55500,9999-01-01
70217,Aksel,Iivonen,M,42181,9999-01-01
70218,Stabislas,Luga,M,47206,9999-01-01
70219,Ramzi,Suessmith,F,40000,9999-01-01
70239,Cedric,McFarlin,F,40000,9999-01-01
70250,Erez,Arlazarov,M,57701,9999-01-01
70270,Zsolt,Cusworth,M,50362,9999-01-01
70287,Nimmagadda,McConalogue,F,73983,9999-01-01
70296,Nalini,Vadhan,F,55852,9999-01-01
70310,Neven,Ranai,M,56415,9999-01-01
70027,Manton,Schieder,M,68244,9999-01-01
70032,Guttorm,Oppitz,M,40000,9999-01-01
70311,Abdelaziz,Kugler,M,40000,9999-01-01
70040,Along,Montemayor,M,40000,9999-01-01
70049,Dipankar,Domenig,M,69502,9999-01-01
70350,Kwun,Swen,M,40000,9999-01-01
70059,Valeri,Tiemann,M,53435,9999-01-01
70354,Minghong,Gammage,M,53220,9999-01-01
70068,Noritoshi,Beidas,M,40000,9999-01-01
70374,Girolamo,Macedo,F,41652,9999-01-01
70077,Vesna,Panienski,M,64626,9999-01-01
70380,Alassane,Denos,F,73598,9999-01-01
70386,Guiseppe,Mamelak,F,69504,9999-01-01
70087,Ronghao,Lemarechal,F,99976,9999-01-01
70400,Srinidhi,Lorcy,M,44349,9999-01-01
70090,Oldrich,Anandan,M,49598,9999-01-01
70091,Vasilii,Haldar,M,54441,9999-01-01
70421,Amstein,Birke,F,40000,9999-01-01
70422,Zine,Krichel,F,40000,9999-01-01
70105,Van,Hardjono,M,40000,9999-01-01
70425,Mechthild,Businaro,F,72233,9999-01-01
70426,Gilbert,Hanratty,M,51517,9999-01-01
70117,Arie,Bail,F,40848,9999-01-01
70502,Jiann,Weedon,F,69595,9999-01-01
70465,Kien,Ligten,F,45067,9999-01-01
70478,Basil,Peac,M,73943,9999-01-01
70485,Sachio,Mondadori,F,47724,9999-01-01
70514,Christoper,Highland,F,40000,9999-01-01
70516,Danny,Mamelak,F,47946,9999-01-01
70519,Mohammad,Aingworth,M,40000,9999-01-01
70528,Khun,Gimarc,M,40000,9999-01-01
70530,Qunsheng,Stille,M,40000,9999-01-01
70535,Dante,Speel,F,66634,9999-01-01
70720,Hidefumi,Denny,F,45176,9999-01-01
70722,Maren,Sudbeck,F,54960,9999-01-01
70540,Vasilis,Ullian,M,40000,9999-01-01
70735,Shaowei,Spataro,F,58619,9999-01-01
70738,Shaleah,Kemmerer,F,40000,9999-01-01
70739,Przemyslawa,Kakkar,F,86752,9999-01-01
70550,Maren,Ressouche,M,52105,9999-01-01
70743,Matk,Genin,M,42520,9999-01-01
70751,Danil,Heusch,F,43677,9999-01-01
70752,Vugranam,Chiola,M,49152,9999-01-01
70763,Jahangir,Lorch,M,48966,9999-01-01
70563,Naraig,Klerer,F,51917,9999-01-01
70767,Hinrich,Gewali,M,47511,9999-01-01
70785,Jiakeng,Swan,M,66286,9999-01-01
70564,Supot,Chiola,M,43784,9999-01-01
70787,Reinhard,Masaki,M,51605,9999-01-01
70791,Aamod,Avouris,M,51105,9999-01-01
70565,Fumiya,Bergere,M,71073,9999-01-01
70797,Alejandro,Tiemann,M,59670,9999-01-01
70571,Randy,Sooriamurthi,M,70241,9999-01-01
70573,Janalee,Chachaty,F,40000,9999-01-01
70809,Premal,Welham,M,41873,9999-01-01
70810,Vishwani,Brodal,F,40000,9999-01-01
70579,Seshu,Polajnar,F,40000,9999-01-01
70824,Kauko,Mawatari,M,57491,9999-01-01
70584,Arun,Flasterstein,M,48182,9999-01-01
70830,Jiakeng,Maksimenko,M,40000,9999-01-01
70602,Hongzhu,Maquelin,F,40000,9999-01-01
70614,Nevio,Furedi,M,41854,9999-01-01
70629,Shay,DiGiano,M,67352,9999-01-01
70659,Kauko,Domenig,M,72170,9999-01-01
70877,Prasadram,Weiland,M,50487,9999-01-01
70887,Tsutomu,Bratten,M,60059,9999-01-01
70898,Ranan,Radhakrishnan,F,55809,9999-01-01
70914,Dinah,Antonisse,M,72054,9999-01-01
70661,Leni,Bernardinello,F,42872,9999-01-01
70919,Anwar,Casley,F,51782,9999-01-01
70666,Ronghao,Veeraraghavan,M,73226,9999-01-01
70675,Edwin,Avouris,M,74785,9999-01-01
70956,Almudena,Genther,M,50155,9999-01-01
70679,Aluzio,Hagimont,M,40000,9999-01-01
70964,Berhard,Seghrouchni,F,40000,9999-01-01
71057,Christfried,Orsini,F,101420,9999-01-01
70970,Yuuichi,Vesna,M,48253,9999-01-01
70982,Rasikan,Kamber,M,40000,9999-01-01
71060,Suebskul,Tokunaga,M,60131,9999-01-01
71076,Huei,Rosca,F,57052,9999-01-01
71099,Adly,Azevdeo,F,40000,9999-01-01
71041,Frazer,Borovoy,M,47442,9999-01-01
71100,Taisook,Karnin,M,45296,9999-01-01
71102,Indrajit,Juneja,M,40000,9999-01-01
71113,Anwar,Atrawala,F,40000,9999-01-01
71246,Toshimitsu,Paludetto,M,74992,9999-01-01
71255,Mrinalini,Halloran,M,40000,9999-01-01
71114,Jagoda,Kakkar,F,44737,9999-01-01
71262,Shigenori,Vecchio,F,40000,9999-01-01
71263,Suvo,Farrar,M,40491,9999-01-01
71118,Chirstian,Tasistro,M,72570,9999-01-01
71268,Remko,Dalphin,F,73530,9999-01-01
71270,Saeko,Crooks,M,47347,9999-01-01
71120,Kerryn,Marchegay,M,40000,9999-01-01
71121,Aris,Atrawala,F,40000,9999-01-01
71127,Annemarie,Belinskaya,F,43847,9999-01-01
71300,Deborah,Beilner,F,51618,9999-01-01
71302,Zhenbing,Heiserman,F,64704,9999-01-01
71128,Selwyn,Dolinsky,M,48269,9999-01-01
71307,Tadahiro,Bade,F,51158,9999-01-01
71130,Khalid,Jervis,F,50797,9999-01-01
71167,Sham,Gimbel,M,49432,9999-01-01
71320,Xuejia,Caine,F,40000,9999-01-01
71323,Shunichi,Brizzi,M,40000,9999-01-01
71341,Seongbin,Tetzlaff,F,40000,9999-01-01
71351,Otmar,Guerreiro,M,62773,9999-01-01
71194,Fox,Lampe,F,57280,9999-01-01
71362,Cathie,Mellouli,M,57793,9999-01-01
71365,Remzi,Bratsberg,M,42694,9999-01-01
71375,Masoud,Khamsi,M,80332,9999-01-01
71383,Vidya,Ohori,F,40000,9999-01-01
71391,Youjian,Morris,F,40000,9999-01-01
71214,Kiyomitsu,Toyoshima,F,44791,9999-01-01
71398,Sanjeeva,Krohn,F,60539,9999-01-01
71399,Kasturi,Rodier,M,59780,9999-01-01
71405,Shuzo,Miake,F,40000,9999-01-01
71416,Jayson,Demir,F,40000,9999-01-01
71220,Nadjib,Peek,F,57703,9999-01-01
71420,Oksana,Schnelling,M,48164,9999-01-01
71609,Berthier,Manderick,M,40000,9999-01-01
71424,Vishu,Kroha,F,40000,9999-01-01
71627,Aria,Ranta,M,44908,9999-01-01
71451,Munenori,Chelton,M,77024,9999-01-01
71458,Kazuhiro,Welham,F,40000,9999-01-01
71463,Ferdinand,Lagarias,M,40000,9999-01-01
71644,Bogdan,Azuma,M,40000,9999-01-01
71471,Bernice,Peak,M,50095,9999-01-01
71472,Bingning,Irland,M,41419,9999-01-01
71478,Margo,Schahn,M,63822,9999-01-01
71490,Yannis,Vieri,M,63239,9999-01-01
71501,Nagui,Yurek,F,40000,9999-01-01
71503,Chinhyun,Plumb,F,69799,9999-01-01
71509,Ioana,Feinberg,F,49888,9999-01-01
71522,Randi,Flasterstein,M,40000,9999-01-01
71528,Marjo,Deverell,M,48609,9999-01-01
71535,Cristinel,Falco,M,40000,9999-01-01
71541,Kwangsub,Chartres,F,70697,9999-01-01
71545,Denny,Nittel,F,47637,9999-01-01
71586,Jianwen,Cannard,F,58628,9999-01-01
71588,Junichi,Colorni,M,66211,9999-01-01
71590,Irene,Beerel,F,40000,9999-01-01
71674,Udo,Huxford,M,40000,9999-01-01
71592,Kitty,Rusterholz,F,40000,9999-01-01
71598,Jianhua,Osgood,F,67264,9999-01-01
71603,Susanta,Hanratty,M,40000,9999-01-01
71678,Kiyokazu,Schapire,F,40000,9999-01-01
71683,Sastry,Hedayat,M,40000,9999-01-01
71690,Annemarie,Steinauer,F,40000,9999-01-01
71791,Bedrich,Lalonde,F,47195,9999-01-01
71796,Magdalena,Rijckaert,M,59330,9999-01-01
71699,Ingemar,Tramer,M,57349,9999-01-01
71810,Hideo,Ertl,M,75775,9999-01-01
71812,Younwoo,Cooman,F,60363,9999-01-01
71706,Van,Murtha,M,40000,9999-01-01
71823,Kasidit,Linnainmaa,M,44612,9999-01-01
71826,Chandrasekaran,Brickell,F,74771,9999-01-01
71715,Eberhardt,Niizuma,F,70566,9999-01-01
71837,Munehiro,Babb,M,46476,9999-01-01
71839,Owen,Hasenauer,M,40000,9999-01-01
71842,Bluma,Cummings,M,68393,9999-01-01
71847,Seshu,Kadhim,F,82438,9999-01-01
71722,Marco,Lally,F,40000,9999-01-01
71855,Lein,Luef,M,42783,9999-01-01
71864,Martina,Bellone,F,62512,9999-01-01
71725,Kannan,Yurek,F,40000,9999-01-01
71869,Elzbieta,Puoti,F,40000,9999-01-01
71871,Kien,Molenkamp,F,78892,9999-01-01
71729,Jongsuk,Rosch,M,44787,9999-01-01
71732,Arra,Highland,M,50205,9999-01-01
71889,Tristan,Hennebert,F,54736,9999-01-01
71894,Guther,Munawer,F,40000,9999-01-01
71896,Magdalena,Zobel,M,76759,9999-01-01
71750,Berhard,Eppinger,M,40000,9999-01-01
71901,Josyula,Halloran,F,55901,9999-01-01
71913,Tooru,Feinberg,M,59759,9999-01-01
71914,Navid,Uludag,M,40000,9999-01-01
71915,Goh,Jakobus,F,54007,9999-01-01
71754,Leen,Hebden,M,44476,9999-01-01
71923,Jayesh,Kavanagh,F,48573,9999-01-01
71930,Lech,Etalle,F,70507,9999-01-01
71758,Munehiko,Frijda,F,47473,9999-01-01
71773,Leen,Ebeling,F,57105,9999-01-01
71948,Angel,Bonifati,M,40000,9999-01-01
71960,Teunis,Karnin,F,77327,9999-01-01
71779,Hironoby,Cooman,F,69098,9999-01-01
71962,Mohamadou,Thorelli,M,70489,9999-01-01
71780,DeForest,Honglei,M,48508,9999-01-01
71788,Reinhard,Verspoor,M,40000,9999-01-01
72207,Wuxu,Marsiglia,F,62275,9999-01-01
71979,Sugwoo,Kropp,M,61631,9999-01-01
71980,Stamatina,Compeau,M,45916,9999-01-01
71984,Fei,Thiria,M,40000,9999-01-01
71985,Kristina,Emmart,M,55891,9999-01-01
71990,Supot,Thiran,M,50900,9999-01-01
71993,Bernd,Caine,F,40000,9999-01-01
71998,Pranas,Lovengreen,F,54808,9999-01-01
72003,Kamakshi,Besselaar,M,40000,9999-01-01
72004,Macha,Undy,M,56988,9999-01-01
72008,Soenke,Wrigley,F,40000,9999-01-01
72013,Lene,Beilner,M,40000,9999-01-01
72015,Reuven,Trystram,F,45661,9999-01-01
72024,Takahiro,Wolniewicz,M,55427,9999-01-01
72026,Wilmer,Pesch,F,40000,9999-01-01
72028,Marsja,Szemeredi,F,53297,9999-01-01
72031,Nagui,Makrucki,F,65794,9999-01-01
72211,Apostol,Murrill,M,59170,9999-01-01
72216,Serif,Rebaine,F,78666,9999-01-01
72248,Kamran,Rindone,F,40810,9999-01-01
72071,Bilhanan,Rullman,M,71314,9999-01-01
72074,Mahmut,Chinal,M,56546,9999-01-01
72077,Reuven,Juneja,F,56420,9999-01-01
72078,Olivera,Limongiello,F,70428,9999-01-01
72085,Sverrir,Ishibashi,M,40000,9999-01-01
72087,Teiji,Chartres,M,40000,9999-01-01
72092,Alper,Zaumen,M,40798,9999-01-01
72097,Almudena,Perng,M,40000,9999-01-01
72262,Shahab,Braunmuhl,M,40000,9999-01-01
72116,Lalit,Quadeer,M,40000,9999-01-01
72264,Alain,Bale,M,40000,9999-01-01
72281,Sariel,Uhrik,M,53176,9999-01-01
72137,Dulce,Bodoff,F,40000,9999-01-01
72140,Christ,Cronau,F,49434,9999-01-01
72145,Zdislav,Neimat,M,54268,9999-01-01
72160,Sugwoo,Scharstein,M,51261,9999-01-01
72284,Radhakrishnan,Mondadori,F,40000,9999-01-01
72298,Lenore,Glinert,M,47705,9999-01-01
72307,Genta,Asser,M,69455,9999-01-01
72357,Kristina,Krogh,F,59424,9999-01-01
72338,Sreekrishna,Gubsky,F,56018,9999-01-01
72383,Gianluca,Sidou,F,47128,9999-01-01
72387,Taiji,Zeilberger,F,40000,9999-01-01
72389,Xuejun,Piancastelli,M,72799,9999-01-01
72397,Shigeu,Einsfeld,F,49929,9999-01-01
72398,Dines,Gulla,M,40000,9999-01-01
72400,Charmane,Merel,M,40000,9999-01-01
72343,Make,Bodoff,M,44312,9999-01-01
72551,Bedir,Impagliazzo,F,42410,9999-01-01
72434,Snehasis,Lueh,F,40000,9999-01-01
72448,Lena,Assaf,M,53671,9999-01-01
72451,Xiong,Stamatiou,M,44339,9999-01-01
72566,Munehiro,Schaaf,F,40000,9999-01-01
72478,Rosli,Motley,M,40000,9999-01-01
72569,Katsuyuki,Halevi,M,51848,9999-01-01
72485,Hidefumi,Christianini,M,44347,9999-01-01
72486,Irena,Brickell,M,40000,9999-01-01
72571,Yurij,Cools,F,53380,9999-01-01
72497,Kwangjo,McAlpine,F,40000,9999-01-01
72574,Saeed,Carrere,M,56518,9999-01-01
72510,Miomir,Tomescu,M,69792,9999-01-01
72586,Jiong,Usery,M,40000,9999-01-01
72513,Juichirou,Talmon,M,48057,9999-01-01
72522,Insup,Katzenelson,M,40000,9999-01-01
72587,Krister,Angel,M,77778,9999-01-01
72598,Bogdan,Vural,M,45158,9999-01-01
72617,Naraig,Worfolk,F,40000,9999-01-01
72723,Arve,Danlos,F,79591,9999-01-01
72725,Jayesh,Felder,F,61650,9999-01-01
72625,Moti,Nyanchama,M,48362,9999-01-01
72739,Constantino,Sinicrope,F,40000,9999-01-01
72740,Heather,Greenaway,M,54802,9999-01-01
72741,Ulises,Range,M,46867,9999-01-01
72745,Tayeb,Vernadat,M,40536,9999-01-01
72752,Kensyu,Gente,M,69936,9999-01-01
72761,Arto,Schlegelmilch,F,89178,9999-01-01
72768,Sajjad,Kolvik,M,40000,9999-01-01
72794,Kazuhisa,Awdeh,F,66449,9999-01-01
72797,Dmitry,Luders,F,71156,9999-01-01
72799,Akeel,Usdin,M,54368,9999-01-01
72826,Pranas,Kuhnemann,M,55916,9999-01-01
72836,Sadun,Baez,M,47344,9999-01-01
72627,Apostol,Conry,M,51665,9999-01-01
72634,Xuedong,Thiran,F,43347,9999-01-01
72861,Chirstian,Pramanik,F,40000,9999-01-01
72863,Mohd,Kavvadias,M,50670,9999-01-01
72864,Moie,McConalogue,M,40000,9999-01-01
72866,Sverrir,Zumaque,F,79179,9999-01-01
72639,Jiang,Angel,F,42552,9999-01-01
72646,Elgin,Tchuente,M,50608,9999-01-01
72885,Yinghua,Coullard,M,54456,9999-01-01
72891,Florina,Heusch,M,40000,9999-01-01
72897,Faiza,Leslie,F,46015,9999-01-01
72898,Thanasis,Gurbaxani,F,74007,9999-01-01
72661,Dinah,Baja,M,52915,9999-01-01
72683,Tristan,Frolund,F,40000,9999-01-01
72907,Alejandra,Weisert,M,40000,9999-01-01
72916,Arun,Kitsuregawa,M,53222,9999-01-01
72917,Paris,Swan,F,44500,9999-01-01
72920,Dekang,Radivojevic,M,83480,9999-01-01
72922,Kristian,DasSarma,M,73729,9999-01-01
72923,Zhenbing,Decaestecker,M,40000,9999-01-01
72686,Radoslaw,Marakhovsky,M,40711,9999-01-01
72928,Xiahua,Rosay,M,48666,9999-01-01
73090,Yoshinari,Takkinen,M,48393,9999-01-01
72943,Collette,Angot,M,65449,9999-01-01
72959,Rosita,Wynblatt,F,40000,9999-01-01
72963,Hugh,Butner,M,46569,9999-01-01
72967,Menkae,Brobst,M,83228,9999-01-01
72969,Xinan,Setia,M,78665,9999-01-01
72977,Shahid,Servi,M,63794,9999-01-01
72981,Chanjung,Imataki,M,85699,9999-01-01
72986,Nikolaos,Worfolk,M,40000,9999-01-01
73099,Percy,Strandh,F,40000,9999-01-01
72996,Petter,Castellani,M,40000,9999-01-01
73004,Mitchel,Ballarin,M,61260,9999-01-01
73005,Sachem,Compeau,M,50521,9999-01-01
73011,Zdislav,Kaiserswerth,M,40000,9999-01-01
73104,Mooi,Bressoud,M,40000,9999-01-01
73017,Adel,Iisaka,F,59529,9999-01-01
73109,Divine,Pusterhofer,F,40000,9999-01-01
73035,Kensyu,Cummings,F,78429,9999-01-01
73036,Syozo,Koyama,M,90889,9999-01-01
73110,Gift,Osgood,M,56048,9999-01-01
73111,Ottavia,Massonet,M,43571,9999-01-01
73119,Miyeon,Kavraki,M,49013,9999-01-01
73063,Nigel,Highland,M,40000,9999-01-01
73137,Manohar,Lortz,M,68030,9999-01-01
73072,Vitali,Zwicker,M,45592,9999-01-01
73082,Ioana,Sadowski,M,60366,9999-01-01
73142,Gretta,VanScheik,F,58376,9999-01-01
73143,Sreekrishna,Cincotta,M,40000,9999-01-01
73161,Haldon,Denos,M,52403,9999-01-01
73283,Shen,Leaver,M,55758,9999-01-01
73194,Perry,Castellani,F,46686,9999-01-01
73305,Heon,Lambe,M,40000,9999-01-01
73318,Elliott,Highland,F,40000,9999-01-01
73322,Atreye,Tomescu,M,81800,9999-01-01
73207,Kyoichi,Domenig,M,40000,9999-01-01
73336,Zhongwei,Molenkamp,M,98099,9999-01-01
73339,Leni,Kamble,M,58140,9999-01-01
73208,Yuguang,Menhardt,M,45903,9999-01-01
73350,Takahira,Daescu,M,88266,9999-01-01
73352,Boutros,Fortenbacher,M,40000,9999-01-01
73212,Niclas,Maraist,M,40000,9999-01-01
73355,Kannan,Rotem,F,49429,9999-01-01
73364,Wayne,Gaughan,F,40000,9999-01-01
73220,Mokhtar,Serre,M,40000,9999-01-01
73375,Aiichiro,Kragelund,M,55932,9999-01-01
73222,Kendra,Gurbaxani,F,40000,9999-01-01
73387,Noritoshi,Axelband,M,66306,9999-01-01
73389,IEEE,Sherertz,F,61335,9999-01-01
73390,Ishfaq,Beutelspacher,F,64348,9999-01-01
73225,Mana,Swick,M,44581,9999-01-01
73395,Jouko,Tsukune,M,69171,9999-01-01
73400,Billur,Heemskerk,F,61259,9999-01-01
73406,Basil,Tomescu,F,54965,9999-01-01
73237,Sanjoy,Bonifati,M,71930,9999-01-01
73409,Denis,Biros,M,40000,9999-01-01
73415,Renny,Pillow,M,70580,9999-01-01
73425,Parviz,Aumann,M,51354,9999-01-01
73430,Khosrow,Beausoleil,M,41410,9999-01-01
73644,Eberhardt,Backhouse,M,92720,9999-01-01
73446,Yuguang,Gronowski,F,51562,9999-01-01
73456,Toney,Azadmanesh,F,44012,9999-01-01
73462,Sergi,Pelc,F,83835,9999-01-01
73465,Susanne,Adachi,M,57800,9999-01-01
73655,Aram,Garrabrants,F,41368,9999-01-01
73466,Tzu,Guerreiro,M,46274,9999-01-01
73673,Chenxi,Yurov,F,48827,9999-01-01
73497,Sibyl,Huhdanpaa,M,68016,9999-01-01
73499,Ult,Ferriere,F,67659,9999-01-01
73500,Sahrah,Thambidurai,M,49123,9999-01-01
73674,Yifei,Jahnichen,F,80999,9999-01-01
73687,Zito,Bakhtari,F,61054,9999-01-01
73515,Khun,Chelton,F,55181,9999-01-01
73523,Fei,Parascandalo,M,68413,9999-01-01
73532,Becky,dAstous,M,58237,9999-01-01
73689,Mansur,Goldhammer,F,50994,9999-01-01
73539,Renee,Serot,F,49459,9999-01-01
73542,Shigehito,Acton,M,84958,9999-01-01
73726,Elvia,Mawatari,M,40000,9999-01-01
73548,Margareta,Pena,F,60839,9999-01-01
73553,Duro,Botman,M,40000,9999-01-01
73559,Masamitsu,Murrill,M,40000,9999-01-01
73572,Yuuichi,Schapire,M,54670,9999-01-01
73578,Berna,Rohrbach,F,50566,9999-01-01
73733,Takanari,Kusakari,F,61413,9999-01-01
73595,Nobuyoshi,Vandervoorde,F,45910,9999-01-01
73601,Aloke,Vasanthakumar,M,63363,9999-01-01
73734,Zhongwei,Rodite,M,66545,9999-01-01
73612,Toney,Lienhardt,F,58388,9999-01-01
73615,Manton,Vecchi,M,40000,9999-01-01
73739,Marin,Krohm,M,60709,9999-01-01
73621,Gadiel,Imataki,M,51256,9999-01-01
73628,Lucien,Riefers,M,58265,9999-01-01
73744,Basil,Baalen,F,48738,9999-01-01
73635,Roselyn,Desikan,F,52881,9999-01-01
73636,Macha,Koblitz,M,40000,9999-01-01
73756,Moni,Strooper,F,40000,9999-01-01
73758,Serenella,Sevcikova,M,44201,9999-01-01
73761,Mark,Birge,F,69853,9999-01-01
73762,Leaf,Tchuente,F,45234,9999-01-01
73835,Leif,Krupka,M,83289,9999-01-01
73765,Richara,Gimbel,M,69223,9999-01-01
73841,Xiaocheng,Beznosov,M,71616,9999-01-01
73842,Seongbin,Esteva,M,76465,9999-01-01
73855,Greger,Blokdijk,M,70976,9999-01-01
73868,Moon,Goodrum,M,79654,9999-01-01
73880,Katsuyuki,Gente,F,40000,9999-01-01
73883,Lihong,Comellas,M,82880,9999-01-01
73885,Gianluca,Farrow,M,40000,9999-01-01
73891,Rasikan,Rebaine,F,80024,9999-01-01
73901,Arif,Ernst,F,54929,9999-01-01
73911,Ziya,Syrotiuk,M,40000,9999-01-01
73914,Atreyi,Smailagic,M,40000,9999-01-01
73921,Maja,Rijsenbrij,M,40000,9999-01-01
73937,Kagan,Moehrke,M,56500,9999-01-01
73777,Carrsten,DeMori,M,44146,9999-01-01
73952,Georgy,Matzov,M,54749,9999-01-01
73782,Janche,Prochazka,F,40000,9999-01-01
73965,Tonia,Verhaegen,M,40000,9999-01-01
73969,Yongdong,Prampolini,M,40140,9999-01-01
73972,Makato,Biron,F,75625,9999-01-01
73790,Kazunori,Pepe,M,61447,9999-01-01
73984,Ioana,Peltason,F,40251,9999-01-01
73808,Urs,Skafidas,F,40000,9999-01-01
73996,Sachar,Yamaashi,M,40000,9999-01-01
73811,Valeri,Trogemann,F,44473,9999-01-01
73812,Shugo,Koblitz,F,70712,9999-01-01
73817,Nikolaos,Veccia,F,57197,9999-01-01
73823,Shaibal,Michaels,F,74949,9999-01-01
74014,Hilary,Benaini,M,44130,9999-01-01
74015,Parke,Lubachevsky,M,68789,9999-01-01
74021,Qiwen,Baba,F,52086,9999-01-01
74202,Aamer,Schneeberger,M,48172,9999-01-01
74024,Dinkar,Cools,F,84359,9999-01-01
74025,Paloma,Figueira,M,40000,9999-01-01
74027,Goo,Openshaw,F,48363,9999-01-01
74042,Rosine,Kaiserswerth,M,83655,9999-01-01
74046,Jungsoon,Birta,F,55534,9999-01-01
74048,Krister,Mandell,M,40000,9999-01-01
74050,Greger,Staylopatis,M,40000,9999-01-01
74056,Fumitake,Ishibashi,M,49164,9999-01-01
74233,Zvonko,Spell,M,40000,9999-01-01
74069,Bluma,Schusler,M,75624,9999-01-01
74084,Hatem,Vasanthakumar,M,59734,9999-01-01
74246,Tomofumi,Erdi,M,99729,9999-01-01
74101,Debaprosad,Porenta,F,51287,9999-01-01
74106,Sailaja,Uchoa,M,67742,9999-01-01
74116,Adit,Couchot,M,40000,9999-01-01
74258,Apostol,Hemaspaandra,M,40000,9999-01-01
74122,Sushant,Cappello,M,40000,9999-01-01
74126,Dulce,Bala,M,64060,9999-01-01
74271,Guther,Coombs,F,79587,9999-01-01
74151,Munehiro,Bahl,M,76340,9999-01-01
74156,Bodo,Lovengreen,M,40000,9999-01-01
74164,Yakichi,Ambroszkiewicz,F,48103,9999-01-01
74166,Shawna,Beidas,M,43899,9999-01-01
74169,Eldridge,Baek,M,40706,9999-01-01
74273,Rosita,Gladwell,M,40000,9999-01-01
74176,Mariangiola,Conte,M,45366,9999-01-01
74177,Charmane,Azumi,F,40000,9999-01-01
74286,Ramya,Bugaenko,F,40000,9999-01-01
74182,Takushi,Stasinski,F,40000,9999-01-01
74184,Demin,Crelier,M,61716,9999-01-01
74186,Nectarios,Landherr,F,52913,9999-01-01
74188,Kersti,Cronau,M,41541,9999-01-01
74301,Leaf,Sethi,F,45021,9999-01-01
74315,Kristinn,Henseler,F,40000,9999-01-01
74388,Mokhtar,Miyakawa,F,54421,9999-01-01
74316,Eran,Desikan,M,73441,9999-01-01
74323,Katsuo,Yetto,F,48439,9999-01-01
74406,Jaber,Tzvieli,F,40514,9999-01-01
74408,Padma,Rodite,M,58467,9999-01-01
74413,Juichirou,Nitta,M,51003,9999-01-01
74327,Aloke,Rahier,F,40000,9999-01-01
74420,Horward,Marsiglia,F,73505,9999-01-01
74425,Shakhar,Pero,M,50240,9999-01-01
74332,Brigham,Impagliazzo,M,42665,9999-01-01
74342,Jamaludin,Fiutem,M,87368,9999-01-01
74447,Atilio,Hebert,F,40000,9999-01-01
74450,Ortrun,Radivojevic,M,40000,9999-01-01
74458,Gennady,Guenter,F,52323,9999-01-01
74353,Shan,Rajala,F,51591,9999-01-01
74354,Aron,Lorys,F,40000,9999-01-01
74481,Theirry,Restivo,M,40000,9999-01-01
74358,Mohammad,Lanteri,M,71479,9999-01-01
74493,Susanne,Chelton,M,54053,9999-01-01
74494,Jongsuk,Czap,F,46311,9999-01-01
74571,Atilio,Viele,M,95687,9999-01-01
74502,Bedrich,Delaune,F,40000,9999-01-01
74506,Becky,Picaronny,M,74502,9999-01-01
74514,Rosalyn,Benzmuller,F,56611,9999-01-01
74537,Sanjay,Samarati,M,40000,9999-01-01
74542,Adin,Naumovich,M,74942,9999-01-01
74573,Torsten,DeMori,M,56150,9999-01-01
74576,Sanjiv,Mundy,F,44608,9999-01-01
74585,Youssef,Maliniak,M,40000,9999-01-01
74605,Kayoko,Berstel,M,66119,9999-01-01
74766,Mats,Nitta,M,42819,9999-01-01
74609,Divier,Conta,F,41187,9999-01-01
74772,Anoosh,Esteva,F,64329,9999-01-01
74779,Beshir,Thibadeau,F,64227,9999-01-01
74618,Sanjiv,Zyda,M,50834,9999-01-01
74783,Eckart,Schaaf,M,65655,9999-01-01
74634,Gad,Strandh,F,40000,9999-01-01
74802,Mingzeng,Demizu,M,49280,9999-01-01
74811,Khatoun,Pardalos,F,53056,9999-01-01
74817,Quingbo,Ranai,F,43296,9999-01-01
74639,Heeju,Cooley,M,43157,9999-01-01
74642,Billur,Range,M,40000,9999-01-01
74837,Vitaly,Gunderson,F,40000,9999-01-01
74656,Mayuri,Radivojevic,F,48554,9999-01-01
74851,Takanari,Ratzlaff,M,42705,9999-01-01
74672,Vishu,Genther,M,40000,9999-01-01
74868,Shuji,Parfitt,F,43508,9999-01-01
74878,Mark,Leaver,F,50609,9999-01-01
74883,Yonghoan,Hofman,M,40337,9999-01-01
74681,Marjo,Passafiume,M,61850,9999-01-01
74888,Falguni,Jansen,M,40000,9999-01-01
74897,Ayonca,Danlos,M,50069,9999-01-01
74903,Xinan,Farris,M,50356,9999-01-01
74683,Takanari,Clouatre,M,61336,9999-01-01
74907,Golgen,Murtha,M,40000,9999-01-01
74684,Oguz,Bernatsky,M,64613,9999-01-01
74914,Xiaopeng,Melter,M,71780,9999-01-01
74690,Kristin,Streit,M,60074,9999-01-01
74921,Holgard,Rehfuss,M,67629,9999-01-01
74922,Etsuo,Milicic,M,40000,9999-01-01
74923,Geoffry,Pepe,F,50867,9999-01-01
74935,Manohar,Vendrig,M,40000,9999-01-01
74695,Bluma,Yamaashi,F,51493,9999-01-01
74699,Moon,Rotem,F,40000,9999-01-01
74706,Fen,Tibblin,F,52180,9999-01-01
74938,Mohit,Felcyn,M,42244,9999-01-01
74939,Rimli,Valiente,F,40000,9999-01-01
74950,Weidon,Trelles,F,40000,9999-01-01
74723,Sibyl,Chiodo,F,73177,9999-01-01
74958,Mantis,Rissland,F,41636,9999-01-01
74965,Owen,Babu,M,67482,9999-01-01
74984,Udi,Thorensen,M,68929,9999-01-01
75007,Yunming,Bharadwaj,M,40000,9999-01-01
75020,Lidong,Cannard,F,40000,9999-01-01
75042,Rance,Negoita,M,64290,9999-01-01
75051,Roddy,Mansanne,M,67846,9999-01-01
75052,Angus,Kroha,M,49369,9999-01-01
75061,Jeanne,Benner,M,75234,9999-01-01
75064,Insup,Kalorkoti,M,40000,9999-01-01
75065,Chenyi,Sinitsyn,M,50867,9999-01-01
75066,Aiman,Mungall,M,43279,9999-01-01
75068,Vasilii,Rando,F,51094,9999-01-01
74733,Val,Sabnani,M,70874,9999-01-01
75074,Koldo,Gyimothy,M,67491,9999-01-01
75076,Licheng,Ratnakar,M,56337,9999-01-01
75081,Vesna,Gien,F,89182,9999-01-01
75086,Sorina,Passino,M,41895,9999-01-01
74742,Troy,Gurbaxani,M,40000,9999-01-01
75096,Faiza,Himler,F,68790,9999-01-01
75126,Arif,Schaar,M,40000,9999-01-01
75114,Lillian,Ladret,M,67056,9999-01-01
75129,Kayoko,Potthoff,F,40000,9999-01-01
75133,Tayeb,Spataro,M,56805,9999-01-01
75308,Selwyn,Gire,F,40000,9999-01-01
75309,Shih,Weisert,F,58381,9999-01-01
75134,Rimli,Cullers,M,72006,9999-01-01
75314,Valter,Ranst,M,85932,9999-01-01
75142,Uwe,Speckmann,F,81072,9999-01-01
75151,Weicheng,Gecsei,M,40000,9999-01-01
75335,Supot,Versino,F,47284,9999-01-01
75347,Aemilian,Simmen,M,40000,9999-01-01
75166,Aamod,Snyers,M,71375,9999-01-01
75370,Kwee,Alameldin,F,71492,9999-01-01
75172,Xianlong,Kohling,F,48451,9999-01-01
75379,Geraldo,Desikan,F,40000,9999-01-01
75186,Filipp,Miyakawa,M,59874,9999-01-01
75388,Angus,Cangellaris,M,40000,9999-01-01
75390,Ulf,Gewali,F,40000,9999-01-01
75192,Zejun,Speer,F,48460,9999-01-01
75406,Paraskevi,Luca,F,71315,9999-01-01
75196,Marla,Kenevan,M,42682,9999-01-01
75416,Chanjung,Pell,M,40000,9999-01-01
75417,Arif,Sanella,M,44184,9999-01-01
75418,Kristine,Kroll,M,40000,9999-01-01
75201,Boguslaw,Basagni,F,62433,9999-01-01
75218,Jaroslava,Fujisawa,F,51557,9999-01-01
75435,Maria,Veccia,F,44486,9999-01-01
75456,Lalit,Edelhoff,F,40000,9999-01-01
75221,Bilhanan,Pelc,F,40000,9999-01-01
75226,Nechama,Couchot,F,46501,9999-01-01
75471,Karoline,Simmen,M,64883,9999-01-01
75477,Dekang,Tsukuda,M,40000,9999-01-01
75228,Sadok,Bierman,M,40560,9999-01-01
75236,Supot,Lorin,M,40000,9999-01-01
75249,Parto,Junet,M,40000,9999-01-01
75253,Kwee,Schaar,F,40000,9999-01-01
75272,Hidekazu,Imataki,F,40000,9999-01-01
75505,Jacopo,Isaac,F,57647,9999-01-01
75506,Lokesh,Nastansky,F,71540,9999-01-01
75511,Jianhua,Luby,F,40000,9999-01-01
75514,Jaihie,Ozeri,M,40000,9999-01-01
75530,Martial,Beutelspacher,M,76080,9999-01-01
75533,Tomoyuki,Coorg,M,69617,9999-01-01
75277,Arne,Demri,F,87230,9999-01-01
75538,Alenka,Krohm,M,76716,9999-01-01
75546,Geoffrey,Samarati,M,40000,9999-01-01
75285,Shahid,Ranft,M,62245,9999-01-01
75549,King,Schiettecatte,F,72720,9999-01-01
75551,Sreekrishna,Schrift,M,53699,9999-01-01
75290,Maren,Kobara,F,40000,9999-01-01
75561,Nahum,Jervis,F,52299,9999-01-01
75568,Susanta,Meszaros,F,40000,9999-01-01
75574,Utpal,Melton,F,79671,9999-01-01
75292,Lucien,Cairo,M,44885,9999-01-01
75688,Adamantios,Crooks,M,58658,9999-01-01
75589,Sudharsan,Ghazalie,M,41806,9999-01-01
75695,Patricia,Speek,F,40000,9999-01-01
75640,Bokyung,Pocchiola,M,87570,9999-01-01
75643,Chrisa,Oberman,M,40000,9999-01-01
75646,Hideo,Cools,F,40000,9999-01-01
75699,Toshimi,Uhrig,M,54831,9999-01-01
75659,Saniya,Riefers,F,41129,9999-01-01
75704,Sanjoy,Zweizig,M,40000,9999-01-01
75668,Sarita,Bratsberg,M,82285,9999-01-01
75712,Aleksander,Sooriamurthi,F,52333,9999-01-01
75717,Waiman,Schach,M,59233,9999-01-01
75722,Poorav,Furudate,F,45530,9999-01-01
75868,Marko,Sadowski,M,56136,9999-01-01
75725,Stella,Rijsenbrij,M,55633,9999-01-01
75874,Tsz,Cusworth,M,40000,9999-01-01
75737,Koldo,Jording,M,71231,9999-01-01
75885,Tua,Strehl,M,49260,9999-01-01
75891,Przemyslawa,Moffat,M,45509,9999-01-01
75900,Uri,Deverell,M,61099,9999-01-01
75740,Mang,Range,F,40000,9999-01-01
75741,Candido,Birsak,M,71341,9999-01-01
75911,Jessie,Lipner,M,71590,9999-01-01
75914,Ortrun,Mersereau,M,67441,9999-01-01
75915,Luisa,Maierhofer,M,40000,9999-01-01
75916,Dante,Besselaar,M,42232,9999-01-01
75918,Maik,Rodiger,M,40000,9999-01-01
75748,Xuejia,Varman,M,64885,9999-01-01
75923,Paddy,Krichel,M,40000,9999-01-01
75927,Mooi,Debuse,F,51255,9999-01-01
75755,Harjit,Mullainathan,M,40119,9999-01-01
75938,Naraig,McFarlan,M,40000,9999-01-01
75944,Deborah,Rohrbach,F,40000,9999-01-01
75785,Zissis,Irland,M,53290,9999-01-01
75952,Luerbio,Toyoshima,F,47326,9999-01-01
75956,Zine,Gaughan,M,40000,9999-01-01
75965,Geraldo,Babu,F,40000,9999-01-01
75971,Honesty,Kisuki,M,54962,9999-01-01
75983,Martins,Kermarrec,F,40000,9999-01-01
75805,Berry,Benveniste,M,54047,9999-01-01
75990,Irene,Montemayor,F,45551,9999-01-01
75994,Muzhong,Michaeli,M,64613,9999-01-01
75996,Eberhardt,Langford,F,40000,9999-01-01
76006,Filipp,Vakili,M,40000,9999-01-01
76012,Barton,Hofting,F,76180,9999-01-01
75832,Guiseppe,Sherertz,F,52362,9999-01-01
76018,Leon,Honglei,F,40000,9999-01-01
76022,Xuejia,Hanabata,F,40000,9999-01-01
76030,True,Jakobus,M,40000,9999-01-01
75840,Unal,Baar,F,80223,9999-01-01
75851,Gor,Leonhardt,M,40000,9999-01-01
76050,Perry,Pramanik,M,46334,9999-01-01
75854,Shahab,Grabner,F,52809,9999-01-01
76234,Takahito,Lovengreen,F,40000,9999-01-01
76077,Yunming,McAlpine,M,40000,9999-01-01
76078,Hausi,Poehlman,F,87522,9999-01-01
76085,Christfried,Bratsberg,M,71936,9999-01-01
76092,Manohar,Sevcikova,M,40000,9999-01-01
76104,True,Garrabrants,M,45296,9999-01-01
76121,Ioana,Vakili,M,40000,9999-01-01
76136,Sakthirel,Rando,F,40000,9999-01-01
76137,Utz,Llado,F,40000,9999-01-01
76139,Mark,Speer,F,85585,9999-01-01
76142,Nikolaos,Ambroszkiewicz,F,88018,9999-01-01
76143,Perla,Cappelletti,F,54568,9999-01-01
76144,Khue,Clemencon,M,40000,9999-01-01
76145,Mitsuyuki,Byoun,M,43979,9999-01-01
76151,Manton,Marakhovsky,F,40000,9999-01-01
76159,Almudena,Molenaar,F,70738,9999-01-01
76177,Kerryn,Sommen,M,40000,9999-01-01
76198,Toshiki,Waeselynck,M,50818,9999-01-01
76211,Kenton,Hashii,M,47848,9999-01-01
76239,Nectarios,Baca,M,58939,9999-01-01
76225,Dinkar,Zumaque,M,61079,9999-01-01
76247,Mads,Azuma,M,82475,9999-01-01
76250,Fumiyo,Linnainmaa,F,40000,9999-01-01
76252,Marco,Khamsi,F,53468,9999-01-01
76265,Doowon,Stavenow,M,48981,9999-01-01
76425,Kshitij,Hockney,M,40000,9999-01-01
76427,Dhritiman,Conte,F,62489,9999-01-01
76277,Yuqun,Schieder,M,40000,9999-01-01
76443,Ute,Arlazarov,F,54959,9999-01-01
76444,Geoff,Validov,M,46190,9999-01-01
76278,Oldrich,Heiserman,F,40000,9999-01-01
76455,Jolita,Redmiles,M,76827,9999-01-01
76293,Nagui,Reinhart,M,56496,9999-01-01
76465,Jessie,Smailagic,M,58695,9999-01-01
76477,Fumitake,Callaway,M,65586,9999-01-01
76484,Leucio,Raoux,F,40000,9999-01-01
76300,Ranga,Luan,M,82199,9999-01-01
76488,Baruch,Sridhar,M,50923,9999-01-01
76493,Mansur,Oxman,F,55377,9999-01-01
76322,Sanjoy,Pepe,F,62824,9999-01-01
76516,Arnd,Kroll,M,48406,9999-01-01
76521,Uinam,Fritzsche,M,40000,9999-01-01
76530,Honesty,Benner,M,40000,9999-01-01
76325,Rosalie,Maierhofer,M,75110,9999-01-01
76536,Mikhail,Daescu,M,40000,9999-01-01
76539,Cordelia,Monarch,F,40000,9999-01-01
76541,Nigel,Bharadwaj,M,55935,9999-01-01
76543,Reinhold,Miculan,F,44805,9999-01-01
76331,Jaroslava,Delgrange,F,71238,9999-01-01
76549,Goetz,Narwekar,F,57651,9999-01-01
76339,Aloys,Ohori,M,40000,9999-01-01
76562,Renee,Basart,F,65292,9999-01-01
76358,Jordanka,Chinal,M,42161,9999-01-01
76586,Karlis,Schurmann,F,69510,9999-01-01
76590,Mats,Bazelow,F,57753,9999-01-01
76373,Duangkaew,Tsunoo,M,40000,9999-01-01
76374,Giao,Brookman,F,49230,9999-01-01
76396,Khun,Kakkad,M,40000,9999-01-01
76605,Randy,Slobodova,F,71334,9999-01-01
76398,Younwoo,Heijenga,M,40000,9999-01-01
76408,JiYoung,Ananiadou,M,52122,9999-01-01
76642,Hein,Goldhammer,M,48958,9999-01-01
76644,Huei,Junet,M,71195,9999-01-01
76786,Tomofumi,Karlin,M,40000,9999-01-01
76667,Luisa,Puppe,F,57004,9999-01-01
76672,Remko,Peris,F,40000,9999-01-01
76673,Cathie,Rando,M,51965,9999-01-01
76680,Uriel,Collette,M,40000,9999-01-01
76687,Heeju,Siochi,M,78762,9999-01-01
76689,Mansur,Steinauer,F,46470,9999-01-01
76690,Shaowen,Danley,F,62839,9999-01-01
76696,Saniya,Steenbeek,F,56373,9999-01-01
76809,Sariel,Zhiwei,F,40000,9999-01-01
76703,Hairong,Huttel,M,59619,9999-01-01
76704,Valery,Shackel,F,57468,9999-01-01
76709,Berto,Georg,M,40000,9999-01-01
76724,Gino,Lueh,M,40000,9999-01-01
76727,Valeri,Dusink,M,56046,9999-01-01
76743,Mechthild,Simmel,M,54202,9999-01-01
76811,Ronnie,Kushner,F,58545,9999-01-01
76749,Luise,Raoux,F,52584,9999-01-01
76750,Tomoyuki,Eastman,F,45909,9999-01-01
76813,Tua,Pietrzykowski,F,57616,9999-01-01
76754,Sanjay,Roison,F,40000,9999-01-01
76759,Zvonko,Hammerschmidt,F,78279,9999-01-01
76760,Adib,Bale,M,48303,9999-01-01
76761,Raimond,Aloia,M,72745,9999-01-01
76764,Shuzo,Gien,M,40000,9999-01-01
76766,Sariel,Maierhofer,F,40000,9999-01-01
76816,Aamod,Terlouw,M,42142,9999-01-01
76772,Gao,Garigliano,F,42932,9999-01-01
76775,Arfst,Pietrzykowski,F,42433,9999-01-01
76822,Rafail,Gniady,M,40000,9999-01-01
76825,Sasan,Zaumen,F,43803,9999-01-01
76843,Dmitri,Bhattacharjee,F,40000,9999-01-01
76977,Sigeru,Stroustrup,F,66149,9999-01-01
76853,Sanjit,Puppo,F,56045,9999-01-01
76979,Claude,Fiutem,M,52198,9999-01-01
76985,Amalendu,Fontan,M,40000,9999-01-01
76878,Abdelwaheb,Turnbull,M,64870,9999-01-01
77002,Aran,Ratnakar,F,55048,9999-01-01
77005,Hercules,Rosin,M,76482,9999-01-01
77014,Barry,Redmiles,M,40000,9999-01-01
76886,Shaw,Makrucki,M,53551,9999-01-01
77039,Susanta,Walston,M,40000,9999-01-01
77043,Shaibal,Argence,M,81984,9999-01-01
76895,Souichi,Meriste,F,50137,9999-01-01
77052,Pohua,Hagimont,F,44033,9999-01-01
77059,Garnik,Slobodova,F,56707,9999-01-01
77060,Menkae,Kleiser,F,40000,9999-01-01
76897,Achilleas,Bamford,M,50411,9999-01-01
77067,Cheong,Tokunaga,F,48950,9999-01-01
77068,Leucio,Rattan,F,40000,9999-01-01
76899,Hongzhu,Comte,M,43647,9999-01-01
77081,Rance,Fritzsche,M,55308,9999-01-01
76905,Honesty,Rajcani,F,40000,9999-01-01
77089,Renee,Wrigley,M,59550,9999-01-01
76909,Samphel,Luft,M,40000,9999-01-01
77100,Mihalis,Baaleh,M,41249,9999-01-01
77102,Gad,Hettesheimer,M,64931,9999-01-01
76916,Yonghong,Morton,M,49653,9999-01-01
76923,Shigehito,Blokdijk,M,52481,9999-01-01
76957,Saniya,Rosca,M,65976,9999-01-01
77138,Haldun,Karner,F,60043,9999-01-01
77144,Gill,Milicia,F,84757,9999-01-01
77147,Elrique,Baez,M,84965,9999-01-01
76961,Luisa,Nishimukai,M,56789,9999-01-01
77159,Naftaly,Awdeh,M,50881,9999-01-01
77344,Gian,Lorch,M,54163,9999-01-01
77173,Sachem,Merey,M,95344,9999-01-01
77179,Gonzalo,Garigliano,M,40000,9999-01-01
77181,Aiman,Irland,F,40000,9999-01-01
77184,Vatsa,Kusakari,M,54473,9999-01-01
77186,Irene,Crooks,M,69031,9999-01-01
77193,Keiichiro,Benzmuller,F,40000,9999-01-01
77195,Owen,Birrer,M,40000,9999-01-01
77346,Shir,Walston,F,54017,9999-01-01
77196,Lillian,Benner,M,50999,9999-01-01
77201,Kiyotoshi,Butner,M,82923,9999-01-01
77205,Toshiki,Nivat,F,65533,9999-01-01
77208,Bartek,Malabarba,F,61014,9999-01-01
77211,Kasturi,Msuda,M,40000,9999-01-01
77212,Shaowen,Einsfeld,F,40000,9999-01-01
77218,Zhilian,Hettesheimer,M,40449,9999-01-01
77225,Tomokazu,Cannard,M,40000,9999-01-01
77231,Yuqun,Luft,M,44555,9999-01-01
77232,Kinh,Krogh,M,47571,9999-01-01
77234,Kazuhisa,Krohm,M,60691,9999-01-01
77241,Uri,Sommen,F,55656,9999-01-01
77244,Garnet,Docker,M,53011,9999-01-01
77263,Arto,Keustermans,M,87513,9999-01-01
77279,Xuejun,Burnard,M,55081,9999-01-01
77292,Berhard,Roccetti,M,40000,9999-01-01
77295,Weijing,Taubman,F,40000,9999-01-01
77297,Wanqing,Zumaque,F,57173,9999-01-01
77302,Lihong,Reinhart,F,43088,9999-01-01
77349,Goncalo,Butterworth,M,40000,9999-01-01
77314,Augustine,Fabrizio,M,62273,9999-01-01
77316,Peternela,Milicic,M,59063,9999-01-01
77359,Anneke,Dengi,F,40000,9999-01-01
77324,Gila,Isaac,M,67287,9999-01-01
77325,Feiyu,Brickell,M,70697,9999-01-01
77331,Jolita,Restivo,M,52720,9999-01-01
77334,Jaber,Hegner,M,60836,9999-01-01
77365,Elvia,Haddadi,F,40000,9999-01-01
77374,Laurentiu,Greibach,F,64498,9999-01-01
77378,Zissis,Crelier,M,40000,9999-01-01
77386,Bowen,McFarlan,M,71161,9999-01-01
77531,Padma,Czaja,M,40000,9999-01-01
77535,Yonghong,Codenie,M,45922,9999-01-01
77538,Masadi,Remmers,M,40000,9999-01-01
77390,Gully,Larfeldt,M,64914,9999-01-01
77540,Tse,Werthner,M,44796,9999-01-01
77541,Hideo,Furudate,M,67940,9999-01-01
77545,Gopalakrishnan,Paciorek,F,68534,9999-01-01
77551,Lansing,Ossenbruggen,F,77484,9999-01-01
77391,JiYoung,Polupanov,M,48200,9999-01-01
77554,Troy,Iisaka,M,40000,9999-01-01
77558,Ranga,Welham,F,58779,9999-01-01
77394,Mary,Wielonsky,M,68961,9999-01-01
77562,Gianluca,Openshaw,F,40000,9999-01-01
77568,Erzsebet,Peck,M,84201,9999-01-01
77406,Surveyors,Choobineh,M,43114,9999-01-01
77571,Odoardo,Coorg,F,40000,9999-01-01
77573,Gro,Barriga,F,48981,9999-01-01
77414,Kwun,Lienhardt,M,40801,9999-01-01
77599,Gudjon,Rosca,M,62534,9999-01-01
77601,Frederique,Toyoshima,F,47218,9999-01-01
77420,Jiakeng,Masand,M,50676,9999-01-01
77610,Sanjeeva,Kadhim,M,44937,9999-01-01
77613,Stabislas,Frijda,M,40000,9999-01-01
77615,Jianwen,Krupka,M,63718,9999-01-01
77438,Dekang,Engberts,M,40000,9999-01-01
77623,Takushi,Anger,M,40000,9999-01-01
77641,Berni,Nishimukai,F,79829,9999-01-01
77644,Ziva,Swen,F,61928,9999-01-01
77650,Idoia,Bennis,F,53035,9999-01-01
77441,Sachio,Luca,M,43655,9999-01-01
77653,Geraldo,Chartres,M,58087,9999-01-01
77659,Owen,Sridhar,M,40000,9999-01-01
77455,Atilio,Coullard,M,52327,9999-01-01
77663,Taiji,Lamma,M,78015,9999-01-01
77665,Paddy,Fargier,F,60654,9999-01-01
77675,Mohua,Domenig,F,40000,9999-01-01
77458,Subhankar,Cannard,F,50600,9999-01-01
77689,Abdelkader,Swan,M,65233,9999-01-01
77691,Christoper,Showalter,F,60886,9999-01-01
77460,Kiam,Usdin,M,40000,9999-01-01
77466,Takahiro,Matzel,F,45764,9999-01-01
77702,Barna,Jiang,F,44828,9999-01-01
77469,Constantino,Lanzelotte,M,49891,9999-01-01
77475,Chinho,Ouhyoung,M,49416,9999-01-01
77481,Kitty,Picel,M,45427,9999-01-01
77712,Hercules,Casley,F,40000,9999-01-01
77722,Bodo,Denti,M,40000,9999-01-01
77500,Takahira,Iwayama,F,64493,9999-01-01
77741,Claude,Felcyn,F,41107,9999-01-01
77743,Fen,Pollacia,M,40000,9999-01-01
77746,Yuqun,Lanzelotte,M,40000,9999-01-01
77749,Mayumi,Bharadwaj,F,48370,9999-01-01
77898,Yuchang,Christianini,M,62620,9999-01-01
77763,Mahmut,Mitchem,F,40000,9999-01-01
77768,Tokuyasu,Picel,F,40000,9999-01-01
77770,Gen,Przulj,M,40000,9999-01-01
77908,Frederique,Shimshoni,F,40000,9999-01-01
77803,Armond,Schwartzburd,F,61977,9999-01-01
77814,Ferdinand,Otillio,M,44370,9999-01-01
77915,Shimshon,Schnelling,M,80201,9999-01-01
77829,Flemming,Parfitt,F,40000,9999-01-01
77923,Kasidit,Schrooten,M,62977,9999-01-01
77838,Shuzo,Piazza,F,52927,9999-01-01
77926,Herbert,Thibadeau,F,40000,9999-01-01
77847,Aron,Haumacher,M,48607,9999-01-01
77852,Niranjan,Parascandalo,F,40000,9999-01-01
77856,Basil,Crelier,M,40000,9999-01-01
77936,Horward,Azevdeo,F,44188,9999-01-01
77869,Masamitsu,Swick,M,40000,9999-01-01
77948,Demin,Merks,M,40000,9999-01-01
77884,Danel,Pollacia,F,40000,9999-01-01
77949,Koichi,Dusink,M,44249,9999-01-01
77893,Kien,Wegerle,M,40000,9999-01-01
77956,Mona,Binding,M,80906,9999-01-01
77974,Fei,Shihab,M,63329,9999-01-01
78082,Dung,Fontan,M,67886,9999-01-01
78085,Bingning,Gargeya,M,40000,9999-01-01
77975,Chikako,Christ,M,57808,9999-01-01
77980,Yongmin,Sidje,F,70657,9999-01-01
78102,Kristinn,Welham,F,40000,9999-01-01
77988,Tze,Gyimothy,F,40000,9999-01-01
78111,Teunis,Ushiama,M,74871,9999-01-01
78116,Tokuyasu,Beerel,M,62386,9999-01-01
78006,Palash,Rosca,F,42012,9999-01-01
78014,Gay,Ressouche,M,40000,9999-01-01
78152,Zhongwei,Spelt,F,72750,9999-01-01
78153,Kwan,Akiyama,M,40000,9999-01-01
78155,Hironoby,Alvarado,M,46859,9999-01-01
78038,Dmitry,Sooriamurthi,F,56619,9999-01-01
78168,Yinlin,Kushnir,M,62826,9999-01-01
78181,Ramya,Papastamatiou,M,41091,9999-01-01
78185,Mamdouh,Klassen,M,40000,9999-01-01
78039,Genki,Heemskerk,F,90551,9999-01-01
78195,Suvo,Hofting,F,52848,9999-01-01
78043,Constantijn,Ozeri,F,42770,9999-01-01
78048,Jaewoo,Jumpertz,M,73938,9999-01-01
78212,Zito,Ligten,M,40000,9999-01-01
78271,Gennady,Dayang,F,40000,9999-01-01
78225,Mircea,Ishibashi,F,60092,9999-01-01
78226,Yannis,Potthoff,M,40000,9999-01-01
78229,Tonia,Kalafatis,F,62688,9999-01-01
78245,Kankanahalli,Bashian,M,40000,9999-01-01
78251,Subbu,Conti,F,77458,9999-01-01
78252,Shahaf,Rosti,F,59970,9999-01-01
78253,Jacopo,Erie,M,40000,9999-01-01
78452,Hironoby,Walstra,M,58095,9999-01-01
78454,Masaki,Marciano,F,71643,9999-01-01
78460,Guttorm,Swiss,M,40500,9999-01-01
78463,Zita,Kaelbling,M,40000,9999-01-01
78474,Youssef,Belinskaya,M,68480,9999-01-01
78475,Lakshmi,Renear,F,40000,9999-01-01
78488,Toshimori,Morton,F,40000,9999-01-01
78493,Kaijung,Basagni,M,40000,9999-01-01
78508,Val,Pluym,F,77818,9999-01-01
78511,Pramod,Mitina,F,44235,9999-01-01
78515,Otilia,Sury,M,40000,9999-01-01
78524,Zhiwei,Bahk,F,63123,9999-01-01
78273,Mona,Verhoeff,F,76839,9999-01-01
78310,Aria,Chaudhury,F,53615,9999-01-01
78542,Atilio,Matzat,F,49494,9999-01-01
78551,Lobel,Cooman,M,40000,9999-01-01
78561,Perry,Birke,M,40000,9999-01-01
78571,Sandeepan,Munch,M,47577,9999-01-01
78573,Berry,Rosiles,F,56991,9999-01-01
78583,Rafols,Oskamp,M,42577,9999-01-01
78589,Kazuhisa,Schaft,F,40000,9999-01-01
78313,Branimir,Stassinopoulos,F,56279,9999-01-01
78598,Xiaopeng,Garnier,M,40000,9999-01-01
78321,Van,Monkewich,M,40000,9999-01-01
78327,Tetsushi,Stranks,F,51542,9999-01-01
78618,Teiji,Peres,M,40000,9999-01-01
78622,Rosita,Chepyzhov,F,40000,9999-01-01
78328,Berto,Gruenwald,M,40000,9999-01-01
78629,Geoff,Muniz,F,60123,9999-01-01
78331,Guozhong,Erol,F,40000,9999-01-01
78332,Sachio,Beausoleil,F,40000,9999-01-01
78348,Guoxiang,Serov,M,67392,9999-01-01
78350,Eric,Kobara,M,53103,9999-01-01
78373,Aimee,Schlumberger,F,40000,9999-01-01
78649,Gino,Lorys,F,55424,9999-01-01
78385,Syozo,Hasenauer,F,64401,9999-01-01
78692,Turgut,Nollmann,F,40000,9999-01-01
78693,Xinan,Luce,M,40000,9999-01-01
78387,Chaosheng,Lunt,F,40000,9999-01-01
78697,Troy,Stavenow,F,84891,9999-01-01
78397,Sham,Kulisch,F,40000,9999-01-01
78710,Theirry,Benantar,F,40000,9999-01-01
78715,Heeju,Ozeri,M,40010,9999-01-01
78402,Seongbin,Heering,M,40000,9999-01-01
78403,Heping,Muntz,F,40000,9999-01-01
78410,Sreenivas,Albarhamtoshy,M,46478,9999-01-01
78738,Masadi,Jervis,M,40000,9999-01-01
78745,Subbu,Peris,F,53387,9999-01-01
78419,Unal,Azadmanesh,M,51815,9999-01-01
78755,Emran,Christianini,M,49686,9999-01-01
78427,Zeljko,Merks,F,59113,9999-01-01
78777,Goetz,Henders,M,72195,9999-01-01
78779,Xuejun,Warwick,M,40000,9999-01-01
78429,Chinhyun,Andreotta,F,60563,9999-01-01
78784,Udo,Speek,F,40000,9999-01-01
78436,Arne,Schaap,M,51421,9999-01-01
78794,Fun,Rajaraman,M,61536,9999-01-01
78438,Susanne,Vuskovic,M,48784,9999-01-01
78802,Vojin,Garigliano,M,43451,9999-01-01
78441,Abdulla,Beetstra,M,40000,9999-01-01
78814,Kasidit,Pollock,M,58200,9999-01-01
78444,Rafols,Peot,M,40000,9999-01-01
78819,Vojin,Compeau,M,70351,9999-01-01
78445,Lein,Baar,F,40000,9999-01-01
78447,Chiranjit,Bahk,M,40000,9999-01-01
79010,Marsal,Pusterhofer,F,42814,9999-01-01
78836,Tiina,Janocha,M,82219,9999-01-01
78841,Aloys,Flasterstein,M,78942,9999-01-01
79026,Armond,Frijda,F,54761,9999-01-01
78852,Kazunori,Vuskovic,M,81235,9999-01-01
79031,Morris,Arlazarov,F,40000,9999-01-01
78863,Arie,Chinen,F,79101,9999-01-01
78866,Olivera,Rusmann,M,71947,9999-01-01
79037,Ewing,Encarnacion,F,40000,9999-01-01
79041,Pranav,Barvinok,M,42636,9999-01-01
78888,Shimshon,Lung,F,72430,9999-01-01
79042,Iara,Narwekar,M,40000,9999-01-01
79049,Lijie,Besancenot,F,78298,9999-01-01
78907,Georgi,Detkin,F,40000,9999-01-01
78908,Arne,Molenaar,F,44814,9999-01-01
79057,Chikako,Pelc,M,40000,9999-01-01
79064,Kenroku,Coors,M,56720,9999-01-01
78932,Yannis,Marquardt,F,64135,9999-01-01
78938,Kerhong,Krybus,M,67668,9999-01-01
79072,Nevio,Cochrane,F,58070,9999-01-01
78940,Thodoros,Steenbeek,F,40000,9999-01-01
79073,Almudena,Bhattacharjee,M,50436,9999-01-01
79090,Shigenori,Rajaraman,F,44958,9999-01-01
78979,Gurbir,Wolniewicz,M,40000,9999-01-01
79100,Kiyotoshi,Schlegelmilch,M,71551,9999-01-01
78990,Toshiki,Engelmann,M,40000,9999-01-01
79110,Aiichiro,Vecchi,M,71332,9999-01-01
79002,Lena,Pappas,F,44155,9999-01-01
79114,Jessie,Baranowski,F,70617,9999-01-01
79117,Selwyn,Coors,F,40000,9999-01-01
79119,Navid,Maccarone,F,50158,9999-01-01
79131,Tayeb,Speer,M,56922,9999-01-01
79203,Gilbert,Reinhart,F,40000,9999-01-01
79204,Juyoung,Lund,F,57667,9999-01-01
79210,Mansur,Antonakopoulos,M,63966,9999-01-01
79140,Huiqun,Gyorkos,F,40000,9999-01-01
79218,Rosita,Luce,F,40000,9999-01-01
79219,Yaghout,Irland,M,47272,9999-01-01
79145,Oscar,Domenig,M,62064,9999-01-01
79158,Georgi,Merro,F,40000,9999-01-01
79247,Yinlin,Beetstra,F,40000,9999-01-01
79251,Gennady,Taubenfeld,F,63154,9999-01-01
79177,Mooi,Herbst,M,45864,9999-01-01
79264,Chaosheng,Demizu,F,46541,9999-01-01
79265,Lokesh,Kenevan,M,40000,9999-01-01
79267,Chinhyun,Rebaine,M,44868,9999-01-01
79285,Bingning,Lieblein,M,49127,9999-01-01
79290,Mohit,Perelgut,F,41408,9999-01-01
79178,Danae,Worfolk,F,53203,9999-01-01
79183,Mingsen,Lamba,M,40000,9999-01-01
79376,Faiza,Kragelund,M,40000,9999-01-01
79320,Hausi,Ramsay,M,72590,9999-01-01
79323,Zhiwei,Feinberg,M,56854,9999-01-01
79338,Boaz,Kading,F,40000,9999-01-01
79390,Bernt,Shigei,M,57482,9999-01-01
79348,Mari,Gire,M,40000,9999-01-01
79367,Shir,Kandlur,M,56407,9999-01-01
79369,Jianwen,Collette,M,58015,9999-01-01
79391,Gritta,Garnham,F,40000,9999-01-01
79401,Zvonko,Bage,M,40000,9999-01-01
79409,Kayoko,Pluym,M,40000,9999-01-01
79411,Akemi,Beidas,M,57780,9999-01-01
79563,Golgen,Chleq,F,69643,9999-01-01
79566,Fumino,Peron,F,89076,9999-01-01
79567,Karoline,Willoner,M,51546,9999-01-01
79429,Koldo,Swab,F,50826,9999-01-01
79590,Jiakeng,Ariola,M,40635,9999-01-01
79432,Younwoo,Gerteisen,F,45866,9999-01-01
79434,Claudi,Byoun,M,54486,9999-01-01
79612,Jaewon,Monarch,F,40000,9999-01-01
79644,Radoslaw,Lindenbaum,M,40000,9999-01-01
79668,Kyoichi,Eterovic,F,40000,9999-01-01
79669,Premsyl,Meszaros,F,44222,9999-01-01
79681,Demin,Panwar,M,41548,9999-01-01
79684,JiYoung,Janocha,M,64447,9999-01-01
79688,Gift,Billingsley,M,56991,9999-01-01
79696,Gopalakrishnan,Vadhan,F,55778,9999-01-01
79442,Yannis,McClurg,F,91919,9999-01-01
79703,Remco,Einsfeld,F,49181,9999-01-01
79704,Ipke,Neiman,M,48603,9999-01-01
79708,Yechiam,Baak,F,43736,9999-01-01
79446,Filipe,Pettis,F,47898,9999-01-01
79449,Tonny,Stavenow,M,40000,9999-01-01
79735,Hideo,Conti,F,40000,9999-01-01
79463,Mizuhito,Hennebert,M,54552,9999-01-01
79470,Sadegh,Schmittgen,F,56510,9999-01-01
79748,George,Beutelspacher,M,40000,9999-01-01
79473,Denny,Ellozy,M,51708,9999-01-01
79750,Jongsuk,Benzmuller,F,40000,9999-01-01
79477,Teruyuki,Gronowski,M,40000,9999-01-01
79761,Prasadram,Encarnacion,F,47466,9999-01-01
79765,Gonzalo,Danecki,F,55420,9999-01-01
79766,Fox,Swiler,M,40000,9999-01-01
79772,Xiaoqiu,Gulik,M,69129,9999-01-01
79486,Mitchel,Garigliano,M,60434,9999-01-01
79779,Stella,Orlowska,M,40000,9999-01-01
79783,Thodoros,Szilard,M,67885,9999-01-01
79789,Kotesh,Crelier,M,40000,9999-01-01
79488,Yolla,Shumilov,M,50039,9999-01-01
79794,Yaghout,Rissland,F,41327,9999-01-01
79505,Sariel,Farrel,M,63233,9999-01-01
79811,Tze,Krohm,F,40000,9999-01-01
79509,Vitaly,Akiyama,F,96991,9999-01-01
79958,Xinglin,Versino,M,44663,9999-01-01
79833,Yongdong,Homond,M,40687,9999-01-01
79834,Guiseppe,Wuwongse,M,68288,9999-01-01
79839,Khue,Bolotov,M,45102,9999-01-01
79855,Gudjon,Constantine,M,45522,9999-01-01
79858,Mansur,Marzano,M,43004,9999-01-01
79876,Randy,Feinberg,M,45595,9999-01-01
79879,Masako,Schaap,F,40000,9999-01-01
79900,Mong,Luck,F,40000,9999-01-01
79906,Tomoyuki,Waterhouse,M,53526,9999-01-01
79910,Gad,Honglei,F,77027,9999-01-01
79911,Heather,Zaumen,M,40000,9999-01-01
79921,Hatim,Cochrane,F,40000,9999-01-01
79972,Abdelghani,Thummel,M,40000,9999-01-01
79973,Zine,Socorro,M,58515,9999-01-01
79979,Yunming,Papsdorf,M,69991,9999-01-01
80128,Genta,Ushiama,M,40000,9999-01-01
80129,Hairong,Fargier,F,56879,9999-01-01
80130,Jinya,Waschkowski,M,59967,9999-01-01
80131,Gill,Schurmann,F,40000,9999-01-01
80132,Nidapan,Hedayat,F,46989,9999-01-01
79991,Yahiko,Czap,M,40000,9999-01-01
80136,Gaurav,Berstel,M,57680,9999-01-01
80137,Kiyokazu,Vuskovic,M,51393,9999-01-01
80144,Boutros,Dechter,M,44917,9999-01-01
79999,Chuanti,Jakobus,M,53653,9999-01-01
80156,Terresa,Pleszkun,F,40000,9999-01-01
80159,Jiafu,Rijckaert,M,40000,9999-01-01
80160,Nigel,Oberman,M,40000,9999-01-01
80031,Wayne,Bach,M,60298,9999-01-01
80166,Monique,Murrill,F,64575,9999-01-01
80171,Kshitij,Zykh,M,40000,9999-01-01
80183,Mats,Munke,M,66573,9999-01-01
80184,Pintsang,Couchot,F,45100,9999-01-01
80186,Tayeb,Huttel,M,60850,9999-01-01
80195,Sorina,Peral,M,40000,9999-01-01
80198,Yefim,Anger,F,43274,9999-01-01
80032,Yurij,Isaac,F,71546,9999-01-01
80200,Yurii,Ghazalie,M,59857,9999-01-01
80038,Vitaly,Gewali,M,54900,9999-01-01
80207,Yifei,Matzov,F,40000,9999-01-01
80208,Elvia,Samarati,F,42186,9999-01-01
80046,Zhanqiu,Yemenis,F,57292,9999-01-01
80223,Sadegh,Einsfeld,M,45975,9999-01-01
80224,Reinhard,Zaiane,F,54345,9999-01-01
80225,Shridhar,Malabarba,F,50529,9999-01-01
80227,Kerryn,Braunschweig,M,54326,9999-01-01
80070,Mana,Thisen,M,61825,9999-01-01
80251,Yoshinari,Kitai,M,42153,9999-01-01
80258,Hirochika,Hiyoshi,M,93572,9999-01-01
80259,Haldon,Siprelle,F,49124,9999-01-01
80263,Gilbert,Etalle,F,54269,9999-01-01
80072,Erzsebet,Kampfer,M,40000,9999-01-01
80270,Fen,Jonsson,F,95653,9999-01-01
80087,Gully,Mitchem,F,72886,9999-01-01
80288,Teiji,Rousseau,M,40000,9999-01-01
80092,Yucel,Wilharm,M,76550,9999-01-01
80098,True,Kusakabe,M,53636,9999-01-01
80489,Mani,Billawala,F,43454,9999-01-01
80318,Angus,Schneeberger,M,40000,9999-01-01
80498,Arve,Pokrovskii,M,40000,9999-01-01
80332,Behnaam,Masand,F,52246,9999-01-01
80520,Lijie,Crelier,F,47245,9999-01-01
80358,Mong,Huhdanpaa,M,76727,9999-01-01
80546,Fuqing,Matzel,M,47440,9999-01-01
80370,Honesty,Weiland,M,50654,9999-01-01
80372,Aleksandar,Khasidashvili,F,87200,9999-01-01
80375,Atreye,Peac,M,40000,9999-01-01
80389,Pasqua,Rosiles,F,40000,9999-01-01
80550,Candida,Cullers,M,45292,9999-01-01
80561,Visit,Solovay,M,45289,9999-01-01
80570,Martial,Zykh,M,40000,9999-01-01
80600,Yongdong,Werthner,M,40000,9999-01-01
80611,Pramod,Sifakis,M,45634,9999-01-01
80617,Prodip,Kugler,M,42118,9999-01-01
80620,Filipe,Gischer,M,79127,9999-01-01
80637,Eishiro,Larfeldt,F,57520,9999-01-01
80639,Uma,Mahnke,F,42135,9999-01-01
80653,Chiranjit,Kavanagh,F,64113,9999-01-01
80665,Angel,Angot,M,64768,9999-01-01
80681,Gina,DasSarma,M,40000,9999-01-01
80684,Takanari,VanScheik,M,46101,9999-01-01
80687,Pradeep,Calkin,F,44986,9999-01-01
80689,Hitofumi,Conta,M,44594,9999-01-01
80705,Josyula,Shackel,M,50573,9999-01-01
80429,Prodip,Suermann,F,75560,9999-01-01
80717,Valdiodio,Frijda,F,52990,9999-01-01
80439,Jolita,Calkin,F,46011,9999-01-01
80451,Raimond,Undy,F,59944,9999-01-01
80721,Katsuyuki,Delgrossi,F,52063,9999-01-01
80455,Guther,Murrill,M,55294,9999-01-01
80456,Aemilian,Gire,M,40000,9999-01-01
80466,Takahiro,Bala,M,78991,9999-01-01
80722,Yechiam,Bage,M,70299,9999-01-01
80479,Sanjay,Kragelund,M,40000,9999-01-01
80724,Yongdong,Casperson,F,52024,9999-01-01
80740,Shuzo,Kermarrec,M,40000,9999-01-01
80744,Badri,Bauknecht,F,68891,9999-01-01
80746,Keiichiro,Jahnichen,M,53520,9999-01-01
80859,Ottavia,Krychniak,F,76924,9999-01-01
80862,Serenella,Improta,M,62569,9999-01-01
80869,Ishfaq,Randi,M,40000,9999-01-01
80873,Marsal,Nishimukai,M,100843,9999-01-01
80894,Kousuke,Georgakopoulos,F,42225,9999-01-01
80896,Paloma,Hardjono,F,40000,9999-01-01
80903,Yakichi,Dulin,M,61890,9999-01-01
80923,Yaghout,Kavanagh,M,40000,9999-01-01
80929,Nevio,Kading,M,44744,9999-01-01
80935,Terresa,Birke,M,77408,9999-01-01
80937,Chikako,Jiang,M,105373,9999-01-01
80751,Zhensheng,Swan,F,49178,9999-01-01
80940,Kazuhiko,Smeets,F,67764,9999-01-01
80768,Shounak,Janocha,M,40000,9999-01-01
80955,Marc,Fioravanti,F,40000,9999-01-01
80774,Vishv,Pollacia,M,56559,9999-01-01
80781,Xudong,Danner,M,40000,9999-01-01
80962,Ute,Broder,M,52745,9999-01-01
80790,Stepehn,Unno,M,42243,9999-01-01
80971,Mountaz,Rijckaert,M,40000,9999-01-01
80791,Takahiro,Molenkamp,F,63921,9999-01-01
80977,Mana,Danner,F,59776,9999-01-01
80801,Bluma,Ambroszkiewicz,M,71885,9999-01-01
80980,Hyuncheol,Stentiford,M,40000,9999-01-01
80981,Fumitake,Niizuma,M,40000,9999-01-01
80805,Mabo,Lorin,F,40000,9999-01-01
80987,Zito,Gulla,M,40000,9999-01-01
80810,Khalid,Merkl,F,72305,9999-01-01
80833,Jaihie,Demri,F,56899,9999-01-01
80991,Marco,Schreiter,F,61478,9999-01-01
80998,Leandro,Lampe,F,56045,9999-01-01
80834,Sham,Reinhart,F,63749,9999-01-01
81000,Neelam,Thisen,M,51362,9999-01-01
80838,Cheong,Ruemmler,F,68639,9999-01-01
81001,Toshimori,Krider,F,46872,9999-01-01
80844,Brigham,Hellwagner,F,40000,9999-01-01
81007,Mototsugu,Rande,M,54177,9999-01-01
80851,Sastry,Escriba,F,40000,9999-01-01
80852,Yannis,Randt,M,66650,9999-01-01
80853,Claude,Bashian,F,56618,9999-01-01
81047,Masaki,Dulay,M,58336,9999-01-01
81015,Marke,Breugel,M,52989,9999-01-01
81050,Moti,Sridhar,F,40000,9999-01-01
81052,Ziya,Levergood,F,46518,9999-01-01
81068,Uno,Ecklund,M,41658,9999-01-01
81035,Hsiangchu,Boreale,F,42922,9999-01-01
81036,Alassane,Fargier,F,40000,9999-01-01
81070,Mariangiola,Rosaz,F,64942,9999-01-01
81079,Nahla,Mellouli,M,53145,9999-01-01
81142,Heon,Zastre,M,40000,9999-01-01
81149,Tianruo,Georg,M,40000,9999-01-01
81152,Macha,Junet,M,43255,9999-01-01
81158,Filipp,Percebois,F,40469,9999-01-01
81166,Tayeb,Przulj,M,47902,9999-01-01
81167,Yurij,Francisci,F,68390,9999-01-01
81177,Bodh,Berendt,F,68201,9999-01-01
81185,Takushi,Kossowski,M,43609,9999-01-01
81245,Matk,Krzyzanowski,F,40000,9999-01-01
81189,Serge,Broomell,M,67012,9999-01-01
81201,Werner,Knightly,F,97128,9999-01-01
81207,Barry,Hofstetter,F,85231,9999-01-01
81208,Sumant,Rindone,M,83869,9999-01-01
81218,Nectarios,Impagliazzo,F,63558,9999-01-01
81411,Eben,Stenning,M,40445,9999-01-01
81412,Zhenhua,Menyhert,M,63222,9999-01-01
81430,Jackson,Milicia,M,49769,9999-01-01
81264,Dannz,Erdmenger,M,50625,9999-01-01
81271,Kendra,Bade,F,54625,9999-01-01
81432,Hideyuki,Veldwijk,F,76081,9999-01-01
81438,Mack,McClure,F,40000,9999-01-01
81286,Richara,Fontet,F,40000,9999-01-01
81292,Ortrun,Copas,F,42889,9999-01-01
81299,Visit,Ghemri,F,50676,9999-01-01
81440,Fumitake,Melski,F,40000,9999-01-01
81303,Ghassan,Berstel,M,70323,9999-01-01
81449,Arve,Halloran,M,55086,9999-01-01
81466,Zejun,Krone,F,67218,9999-01-01
81324,Marl,Rossi,M,42237,9999-01-01
81468,Aiman,Bodoff,F,40000,9999-01-01
81479,Girolamo,Vuskovic,F,42719,9999-01-01
81494,Hatsukazu,Litzkow,F,40000,9999-01-01
81503,Kolar,Rabejac,M,61837,9999-01-01
81508,Bokyung,Janocha,F,62610,9999-01-01
81509,Munehiko,Trachtenberg,F,40000,9999-01-01
81510,Mamdouh,Penttonen,M,40396,9999-01-01
81517,Xiong,Reutenauer,F,90488,9999-01-01
81527,Arnd,Bouloucos,M,103938,9999-01-01
81537,Beshir,Pezzoli,F,56162,9999-01-01
81329,Divine,Gire,F,40000,9999-01-01
81543,Jianhui,Ishibashi,M,74442,9999-01-01
81338,Xiaoqiang,Erol,M,46208,9999-01-01
81340,Baocai,Poehlman,F,82277,9999-01-01
81344,Leif,Hiraishi,M,48782,9999-01-01
81549,Takahira,Leslie,M,47207,9999-01-01
81358,Premal,Quadeer,F,95018,9999-01-01
81553,Adin,Fortenbacher,M,40000,9999-01-01
81368,Frederique,Ghemri,F,40818,9999-01-01
81564,Martijn,Michaels,M,40000,9999-01-01
81376,Gunilla,Fabrizio,M,49909,9999-01-01
81572,Ingemar,DiGiano,F,40000,9999-01-01
81587,Mani,Pluym,M,40000,9999-01-01
81398,Hyuncheol,Gulak,F,40000,9999-01-01
81401,Monique,Kaltofen,F,45372,9999-01-01
81407,Hsiangchu,Rosin,M,40000,9999-01-01
81408,Atreye,Picaronny,M,74543,9999-01-01
81589,Bernd,Wilfing,F,40000,9999-01-01
81592,Monique,Rehfuss,M,75008,9999-01-01
81594,Saddek,Spinelli,M,40000,9999-01-01
81785,Patricia,Rando,M,65584,9999-01-01
81599,Oldrich,Emmerich,F,40830,9999-01-01
81603,Suzette,Zuberek,M,68350,9999-01-01
81805,Gianluca,Bail,M,57069,9999-01-01
81645,Jasminko,Reinhart,F,40000,9999-01-01
81648,Jungsoon,Doering,M,58756,9999-01-01
81649,Xuedong,Krohn,M,62028,9999-01-01
81810,Baruch,Schaap,F,48511,9999-01-01
81653,Adit,Brobst,M,40000,9999-01-01
81658,Rosine,Pearson,M,40000,9999-01-01
81660,Arno,Schaap,M,40000,9999-01-01
81815,Chaitali,Kuhnemann,M,45896,9999-01-01
81672,Kazuhito,Aloia,M,40000,9999-01-01
81817,Demos,Aloia,M,76190,9999-01-01
81676,Sham,Wrigley,M,49226,9999-01-01
81839,Leah,Curless,M,40000,9999-01-01
81710,Girolamo,Hennings,M,48749,9999-01-01
81847,Ymte,Figueira,F,40000,9999-01-01
81717,Toney,Anguita,M,72518,9999-01-01
81849,Debatosh,Bednarek,M,66528,9999-01-01
81730,Sergi,DuBourdieux,M,90708,9999-01-01
81851,Dante,Heystek,F,40000,9999-01-01
81856,Masamitsu,Maierhofer,M,40000,9999-01-01
81747,Vitali,Tanemo,M,80349,9999-01-01
81751,Ulises,Salinas,F,40000,9999-01-01
81861,Tesuro,Walstra,F,54826,9999-01-01
81755,Peer,Beeson,F,40000,9999-01-01
81767,Augustine,Matzov,F,64335,9999-01-01
81973,Shigenori,Panienski,M,80865,9999-01-01
81981,Weicheng,Welham,F,72635,9999-01-01
81988,Lene,Pews,M,46216,9999-01-01
81998,Mari,Iwayama,M,53285,9999-01-01
81999,Mabhin,Vigier,M,40000,9999-01-01
82002,King,Farris,F,67766,9999-01-01
82003,Saeko,Tomescu,M,40000,9999-01-01
82014,Quingbo,Ariola,F,40000,9999-01-01
82024,Yongqiao,Grospietsch,M,40000,9999-01-01
82027,Henk,Ellozy,M,73428,9999-01-01
82040,Avishai,Velasco,F,60276,9999-01-01
82045,Tse,Bolsens,M,40000,9999-01-01
82052,Lidong,Rahier,F,62201,9999-01-01
81872,Shin,Pashtan,M,40000,9999-01-01
82059,Satosi,Ecklund,M,40000,9999-01-01
82060,Arvind,Michaeli,F,50525,9999-01-01
81876,Chenye,Shackell,M,62125,9999-01-01
81896,Kwan,Bashian,F,40000,9999-01-01
81900,Mario,Bernatsky,M,83750,9999-01-01
81907,Jouko,Merkl,M,59700,9999-01-01
81940,Ioana,Siksek,F,46693,9999-01-01
82151,Keiichiro,Terekhov,F,74789,9999-01-01
82063,Shaunak,Plump,M,42422,9999-01-01
82065,Christophe,Anger,M,40000,9999-01-01
82066,Masasuke,Birch,M,40000,9999-01-01
82162,Shigeo,Kroft,M,46363,9999-01-01
82187,Stevo,Marakhovsky,M,53744,9999-01-01
82107,Gunilla,Heping,F,67208,9999-01-01
82110,Vugranam,Gecsel,M,48328,9999-01-01
82116,Chiradeep,Shiratori,M,40120,9999-01-01
82194,Geoff,Eastman,F,44356,9999-01-01
82123,Tokuyasu,Dayana,F,43027,9999-01-01
82131,Mayuko,Kulisch,M,73262,9999-01-01
82206,Yishay,Majewski,M,40000,9999-01-01
82137,Panayotis,Thibadeau,F,56370,9999-01-01
82139,Satoru,Zucker,F,68313,9999-01-01
82144,Marek,Dusink,M,40694,9999-01-01
82145,Zhongwei,Pagter,M,46607,9999-01-01
82211,Sugwoo,Melter,F,59316,9999-01-01
82222,Sampalli,Luit,F,70499,9999-01-01
82227,Xiaocheng,Sethi,F,52214,9999-01-01
82234,Christoper,Woycyznski,F,40331,9999-01-01
82339,Jeanna,Schrift,F,40000,9999-01-01
82349,Tsz,Birjandi,M,63760,9999-01-01
82237,Shen,Zaccaria,F,55459,9999-01-01
82350,Nahla,Stifter,F,40000,9999-01-01
82354,Badri,Trogemann,F,76493,9999-01-01
82252,Kwangyoen,Edelhoff,M,66961,9999-01-01
82367,Miyeon,Halloran,M,66101,9999-01-01
82371,Frederique,Erev,M,69470,9999-01-01
82255,Amabile,Sudbeck,M,40000,9999-01-01
82379,Sanjai,Bala,M,40000,9999-01-01
82257,Hugo,Linares,M,57219,9999-01-01
82385,Sanjai,Biran,F,75274,9999-01-01
82388,Munehiko,Zucker,F,40000,9999-01-01
82263,Vishv,Haumacher,F,77210,9999-01-01
82391,Mayuko,McAffer,M,83099,9999-01-01
82397,Mart,Peris,F,70248,9999-01-01
82276,Frederique,Genin,M,40000,9999-01-01
82278,Tomokazu,Murillo,M,52084,9999-01-01
82419,Karoline,Rindone,F,61248,9999-01-01
82422,Tesuya,Falby,F,52364,9999-01-01
82295,Manohar,Parfitt,F,42368,9999-01-01
82434,Bojan,Mullainathan,M,40000,9999-01-01
82443,Vincent,Perry,M,40283,9999-01-01
82305,Mahmut,Biros,M,40823,9999-01-01
82457,Vidar,Pauthner,M,45220,9999-01-01
82460,Claude,Zhang,F,40000,9999-01-01
82309,Hideyuki,Ramsak,M,79725,9999-01-01
82310,Jinxi,Panangaden,F,40000,9999-01-01
82478,Vishwani,Ginneken,F,54571,9999-01-01
82318,Branimir,Hashii,F,45105,9999-01-01
82491,Lalit,Lorho,M,43978,9999-01-01
82495,Jahangir,Perly,M,40000,9999-01-01
82324,Ashish,Knightly,F,62431,9999-01-01
82530,Ioana,Morton,M,40000,9999-01-01
82540,Aleksander,Bratten,F,66393,9999-01-01
82708,Rajmohan,Basagni,F,40000,9999-01-01
82544,Eberhardt,Keirsey,M,64649,9999-01-01
82553,Barry,Georgakopoulos,M,59256,9999-01-01
82721,Arvind,Showalter,M,40000,9999-01-01
82555,Fabrizio,Kavraki,M,50496,9999-01-01
82737,Kien,Mamelak,M,43412,9999-01-01
82557,Cheong,McClure,M,53070,9999-01-01
82566,Mary,Portugali,M,40000,9999-01-01
82747,Kankanahalli,Danlos,M,62325,9999-01-01
82751,Nirmal,Haumacher,M,56621,9999-01-01
82568,Giri,Flanders,F,66444,9999-01-01
82571,Padma,Argence,M,55947,9999-01-01
82760,Weiwu,Dulay,M,53678,9999-01-01
82761,Mabry,Underwood,F,79517,9999-01-01
82572,Moie,Brattka,F,72854,9999-01-01
82774,Aral,Maierhofer,M,59700,9999-01-01
82573,Genevieve,Berendt,M,52671,9999-01-01
82585,Berry,Bodoff,M,52198,9999-01-01
82591,Ugo,Lampe,M,40627,9999-01-01
82595,Valdiodio,Zeleznik,M,40000,9999-01-01
82808,Sumant,Reinhart,F,59495,9999-01-01
82598,Palash,Chenoweth,M,40000,9999-01-01
82812,Heather,Morrey,M,59541,9999-01-01
82815,Alper,Ranum,M,50058,9999-01-01
82601,Munehiko,Nitto,M,49779,9999-01-01
82821,Bokyung,Cappelletti,F,52303,9999-01-01
82823,Geraldo,Alvarado,F,56430,9999-01-01
82626,Adit,Reeken,M,47175,9999-01-01
82834,Kersti,Lieblein,M,49684,9999-01-01
82835,Jaber,Dredge,M,40000,9999-01-01
82849,Makato,VanScheik,F,40000,9999-01-01
82856,Hidefumi,Erez,M,40000,9999-01-01
82858,True,Taubman,M,62709,9999-01-01
82634,Volkmar,Plesums,M,57262,9999-01-01
82644,Kellyn,Pleszkun,M,43420,9999-01-01
82875,Domenick,Terekhov,F,68890,9999-01-01
82886,Rayond,Pettis,F,45914,9999-01-01
82646,Shugo,Plump,M,48979,9999-01-01
82668,Feipei,Menhardt,M,78317,9999-01-01
82893,Junsik,Unni,M,40000,9999-01-01
82895,Ramya,Peck,F,51110,9999-01-01
82678,Poorav,Haldar,M,42570,9999-01-01
82905,Domenick,Luks,F,40000,9999-01-01
82911,Irena,Bierman,M,51677,9999-01-01
82683,Pantung,Dayang,M,45702,9999-01-01
82689,Zijian,Crouzet,M,40000,9999-01-01
82704,Marla,Lunn,M,68174,9999-01-01
82944,Alois,Gomatam,F,40000,9999-01-01
82705,Ingmar,Ladret,M,55678,9999-01-01
83092,Bernt,Kranzdorf,F,40000,9999-01-01
82970,Qiwen,Servieres,M,68081,9999-01-01
82979,Magdalena,Yeung,F,55263,9999-01-01
82981,Fayez,Mitina,M,40000,9999-01-01
83106,Limsoon,Wossner,F,61831,9999-01-01
82992,Jixiang,Marwedel,M,67811,9999-01-01
82996,Shahab,Ramras,M,40000,9999-01-01
82998,Mary,Linares,M,83031,9999-01-01
83000,Apostol,Talmor,F,53876,9999-01-01
83009,Francesca,Gerteisen,F,74370,9999-01-01
83018,Ohad,Kitsuregawa,M,40000,9999-01-01
83035,Mart,Lamparter,M,40000,9999-01-01
83039,Yonghong,Facello,F,40000,9999-01-01
83052,Henk,Whitcomb,F,40000,9999-01-01
83055,Kwun,Luon,M,50006,9999-01-01
83056,Muneo,Pesch,F,44725,9999-01-01
83057,Niteen,Passafiume,M,65901,9999-01-01
83068,Cristinel,Kawashima,F,40000,9999-01-01
83123,Aemilian,Randt,F,67005,9999-01-01
83125,Frederique,Staudhammer,M,47582,9999-01-01
83284,Genta,Ghalwash,M,50036,9999-01-01
83143,Luisa,Krupka,M,40000,9999-01-01
83294,Gudjon,Petersohn,M,64722,9999-01-01
83296,Pascal,Lorin,F,42320,9999-01-01
83304,Lenore,Pocchiola,M,40000,9999-01-01
83167,Nagui,Chachaty,F,40000,9999-01-01
83310,Tsvetan,Valette,F,40000,9999-01-01
83326,Rajmohan,Schlegelmilch,M,40000,9999-01-01
83328,Ute,Demri,M,40000,9999-01-01
83334,Arno,Thebaut,M,61530,9999-01-01
83336,Ewing,Zongker,F,67867,9999-01-01
83168,Yechiam,Danner,M,40000,9999-01-01
83342,King,Piancastelli,M,40000,9999-01-01
83348,Bokyung,Kuszyk,F,40000,9999-01-01
83179,Jaques,Ermel,M,40000,9999-01-01
83356,Vishwani,Begiun,F,56716,9999-01-01
83375,Anestis,Kenevan,M,42336,9999-01-01
83189,Kristian,Birrer,M,51327,9999-01-01
83381,Dietrich,Borovoy,M,62274,9999-01-01
83385,Berry,Falco,M,58584,9999-01-01
83392,Evgueni,Junet,F,58672,9999-01-01
83194,Vidar,Bridgland,M,69724,9999-01-01
83210,Seongbae,Zockler,F,43418,9999-01-01
83408,Brewster,Pettey,F,53477,9999-01-01
83411,Tonny,Swiss,M,58351,9999-01-01
83230,Jaana,Lammel,M,73171,9999-01-01
83436,Ult,Serdy,M,53451,9999-01-01
83443,Shigeu,Nooteboom,M,73539,9999-01-01
83232,Satyanarayana,Chimia,F,64212,9999-01-01
83233,Kerryn,Giarratana,M,40000,9999-01-01
83448,Heping,Polajnar,M,40000,9999-01-01
83244,Constantine,Hiroyama,F,40000,9999-01-01
83468,Charlene,Beilner,M,86678,9999-01-01
83260,Premsyl,Markovitch,M,40000,9999-01-01
83476,Steve,Porenta,F,42521,9999-01-01
83477,Jayson,Frijda,M,53572,9999-01-01
83478,Goa,Budinsky,F,40000,9999-01-01
83493,Oksana,Danlos,M,44182,9999-01-01
83634,Danae,Randi,F,40000,9999-01-01
83506,Mohamadou,Lamma,F,40000,9999-01-01
83507,Shugo,Chimia,M,40000,9999-01-01
83515,Fay,Collavizza,M,54211,9999-01-01
83643,Jinxi,Tsukune,M,43995,9999-01-01
83531,DAIDA,Pezzoli,M,41399,9999-01-01
83650,Mariangiola,Raoux,F,46907,9999-01-01
83540,Rafail,Andreotta,M,44126,9999-01-01
83546,Maha,Kawashimo,M,51339,9999-01-01
83557,Elvis,Candan,M,45581,9999-01-01
83559,Mircea,Schmittgen,M,40000,9999-01-01
83669,Kasidit,Zlotek,M,40000,9999-01-01
83565,Nevio,Beidas,F,40000,9999-01-01
83698,Adib,Krohn,M,40000,9999-01-01
83573,Slavian,Thummel,M,40000,9999-01-01
83574,Gonzalo,Masamoto,M,40000,9999-01-01
83576,Mayumi,Cronan,M,40726,9999-01-01
83583,Guadalupe,Sethi,M,40000,9999-01-01
83584,Bojan,Weiland,F,50059,9999-01-01
83585,Susuma,Himler,M,53364,9999-01-01
83699,Fayez,Luby,M,41500,9999-01-01
83715,Zeydy,Steinauer,M,40000,9999-01-01
83730,Dharmaraja,Lorie,M,71048,9999-01-01
83592,Georgy,Baek,F,62681,9999-01-01
83595,Divine,Koshino,M,40000,9999-01-01
83747,Kristine,Schwabacher,F,65023,9999-01-01
83600,Muzhong,Mayerwieser,F,43535,9999-01-01
83614,Takanari,Schach,M,55135,9999-01-01
83748,Hyuncheol,Molberg,F,40000,9999-01-01
83753,Sachar,Liedekerke,M,57139,9999-01-01
83626,Reuven,Maccarone,M,40000,9999-01-01
83629,Tamiya,Fabrizio,M,50455,9999-01-01
83756,Constantijn,Esposito,M,41515,9999-01-01
83757,Radhia,Zielinski,M,40000,9999-01-01
83768,Mark,Ariola,M,62465,9999-01-01
83822,Menkae,Haddadi,F,40000,9999-01-01
83829,Cristinel,Zielinski,M,80200,9999-01-01
83845,Franziska,Chleq,M,40000,9999-01-01
83849,Shaleah,Schwartzburd,M,40000,9999-01-01
83850,Mooi,Bugaenko,M,57218,9999-01-01
83856,Udi,Ernst,M,49670,9999-01-01
83858,Gregory,Matzke,M,48144,9999-01-01
83873,Jaihie,Bednarek,M,57181,9999-01-01
83875,Neelam,Herber,F,43704,9999-01-01
83881,Gino,Michaels,F,40000,9999-01-01
83887,Doohun,Ciolek,F,60749,9999-01-01
83895,Hyuncheol,Pettey,M,40000,9999-01-01
83898,Erzsebet,England,M,40000,9999-01-01
83905,Alejandra,Savasere,F,40000,9999-01-01
83910,Zdislav,Flexer,F,58247,9999-01-01
83913,Xuejia,Mitsuhashi,M,67262,9999-01-01
83778,Premsyl,Nitto,M,79320,9999-01-01
83923,Bedir,Garnham,F,68389,9999-01-01
83928,Paraskevi,Apsitis,F,42110,9999-01-01
83934,Mabhin,Edelhoff,M,59927,9999-01-01
83787,Xuejia,Lanzelotte,F,43080,9999-01-01
83947,Lucien,Usdin,M,46855,9999-01-01
83949,Tomokazu,Biran,M,40000,9999-01-01
83792,Otmar,Nishimukai,F,40000,9999-01-01
83797,Kazuhisa,Fontan,F,58691,9999-01-01
83968,Giap,Rando,M,44227,9999-01-01
83798,Shigeo,Kropp,M,40000,9999-01-01
83977,Masali,Yetim,F,47578,9999-01-01
83804,Iara,Kragelund,M,55402,9999-01-01
83980,Zhigen,Vrecion,M,52391,9999-01-01
83984,Mingsen,Pluym,M,47696,9999-01-01
83986,Danae,Cusworth,M,57558,9999-01-01
83988,Georg,Kruskal,M,40000,9999-01-01
83806,Froduald,Kumaresan,M,58478,9999-01-01
84000,Val,Antonakopoulos,M,43262,9999-01-01
83808,Danel,Setiz,M,63640,9999-01-01
84188,Serenella,Holburn,M,68663,9999-01-01
84202,Atreye,Serre,M,40800,9999-01-01
84001,Badri,Facello,F,40000,9999-01-01
84012,Marko,Salvesen,M,41642,9999-01-01
84214,Van,Chaudhuri,M,40000,9999-01-01
84021,Parviz,Bierbaum,M,43890,9999-01-01
84025,Ugo,Ariola,M,40000,9999-01-01
84219,DeForest,Vuskovic,F,83323,9999-01-01
84042,Gita,Maraist,M,40000,9999-01-01
84242,Tremaine,Panienski,F,41226,9999-01-01
84048,Lillian,Portugali,M,54303,9999-01-01
84051,Kirk,Taubman,M,92392,9999-01-01
84059,Lidong,Hofting,F,40000,9999-01-01
84061,Khaled,Gopalakrishnan,M,46453,9999-01-01
84062,Shuichi,Comyn,F,51602,9999-01-01
84066,Jianhui,Thambidurai,M,64476,9999-01-01
84093,Masamitsu,Cronau,F,40000,9999-01-01
84095,Ziyad,Boudaillier,F,40000,9999-01-01
84098,Shalesh,Merle,M,69295,9999-01-01
84114,Gaetan,Naudin,F,40000,9999-01-01
84137,Genevieve,Baik,M,40000,9999-01-01
84138,Jovan,Maginnis,M,50447,9999-01-01
84144,Radhia,Wursthorn,F,75081,9999-01-01
84160,Jaideep,Sherertz,M,66613,9999-01-01
84382,Harjit,Wallrath,M,40000,9999-01-01
84388,Chikako,Sifakis,M,40621,9999-01-01
84255,Ramalingam,Nations,F,44357,9999-01-01
84393,Marke,Yemenis,F,69190,9999-01-01
84407,Chaoyi,Plessier,M,65315,9999-01-01
84260,Gunilla,Boreale,M,53415,9999-01-01
84263,Jackson,Henseler,M,68464,9999-01-01
84268,Kazuhira,Belinskaya,M,48685,9999-01-01
84282,Saddek,Mateescu,F,40000,9999-01-01
84283,Gal,Slaats,M,40000,9999-01-01
84292,Leaf,Luff,M,51852,9999-01-01
84305,Minghong,Kalloufi,F,40000,9999-01-01
84408,Itzchak,Kruskal,F,59996,9999-01-01
84412,Somnath,Delgrande,M,49040,9999-01-01
84416,Satosi,Lanphier,M,64211,9999-01-01
84419,Hailing,Foote,M,40000,9999-01-01
84421,Lokesh,Schaar,F,40000,9999-01-01
84427,IEEE,Valiente,F,60946,9999-01-01
84318,Shin,Lally,M,56043,9999-01-01
84459,Amalendu,Barreiro,M,40000,9999-01-01
84322,Berto,Gide,M,54114,9999-01-01
84331,Ziyad,Rousseau,M,54627,9999-01-01
84475,Kien,Erni,F,42343,9999-01-01
84334,Zdislav,Emden,F,40000,9999-01-01
84340,Moriyoshi,Granlund,M,73658,9999-01-01
84353,Genta,Pesch,M,47415,9999-01-01
84487,Apostol,Hashii,M,40203,9999-01-01
84502,Murthy,Tomescu,M,52094,9999-01-01
84510,Matt,Leaver,M,48914,9999-01-01
84362,JoAnne,Maccarone,M,44300,9999-01-01
84370,Fei,Reghbati,M,80774,9999-01-01
84552,Pramod,Sidou,F,42753,9999-01-01
84553,Ekawit,Lamparter,F,51218,9999-01-01
84743,Juichirou,Picaronny,M,40000,9999-01-01
84747,Yoshinari,Felcyn,M,70389,9999-01-01
84568,Denny,Peltason,M,40000,9999-01-01
84748,Jianhao,Crelier,F,40000,9999-01-01
84578,Shigeaki,Chorvat,M,40000,9999-01-01
84587,Sangeeta,Bressoud,F,41713,9999-01-01
84596,Poornachandra,Picht,F,43574,9999-01-01
84600,Sham,Chachaty,F,43022,9999-01-01
84606,Gully,Kawashimo,M,40000,9999-01-01
84626,Yonghong,Pena,M,40000,9999-01-01
84758,Toong,Usery,M,44444,9999-01-01
84629,Heon,Kaltofen,M,45380,9999-01-01
84773,Naraig,Frolund,M,44886,9999-01-01
84656,Danai,Lubachevsky,F,40000,9999-01-01
84662,Sanjeeva,Kalafatis,M,77645,9999-01-01
84797,Tadanori,Baig,M,58502,9999-01-01
84671,Lenore,Dalphin,M,40872,9999-01-01
84672,Mihalis,Lamparter,F,71359,9999-01-01
84809,Hironoby,Zobel,M,40000,9999-01-01
84821,Magy,Vieri,M,112486,9999-01-01
84685,Alejandra,Jullig,M,42585,9999-01-01
84686,Rosli,Vieri,F,42784,9999-01-01
84827,Moheb,Schmittgen,M,44558,9999-01-01
84849,Kenroku,Carrera,M,40000,9999-01-01
84707,Odinaldo,Ushiama,M,40000,9999-01-01
84860,Paris,Angot,M,40000,9999-01-01
84883,Vishv,Khalil,M,61829,9999-01-01
84720,Akemi,Champarnaud,F,52534,9999-01-01
84722,Hercules,Slutz,F,54030,9999-01-01
84725,Zejun,Boyle,M,40000,9999-01-01
84901,Lucien,Peak,M,81332,9999-01-01
84734,Khedija,Kadhim,M,40000,9999-01-01
84907,Miomir,Smailagic,F,60268,9999-01-01
84910,Kaijung,Mondadori,M,45821,9999-01-01
84916,Saddek,Jiafu,M,86725,9999-01-01
84917,Rafael,Fetvedt,M,76253,9999-01-01
85111,Sastry,Kavraki,F,92172,9999-01-01
85119,Xiaobin,Himler,M,57534,9999-01-01
85139,Joydip,Tagansky,F,40000,9999-01-01
84931,Basem,Sommer,F,40000,9999-01-01
84933,Sailaja,Plessier,M,40000,9999-01-01
84943,Hugo,Benantar,F,40000,9999-01-01
84945,DeForest,Hinsberger,F,63235,9999-01-01
85146,Hironobu,Nittel,M,45149,9999-01-01
85150,Olivera,Cangellaris,F,40000,9999-01-01
85154,Moss,Narahara,M,43248,9999-01-01
85159,Kendra,Buescher,M,48854,9999-01-01
85173,Stepehn,Coombs,M,41804,9999-01-01
85184,Gretta,Peng,M,72886,9999-01-01
84974,Baocai,Pell,M,65103,9999-01-01
84976,Eran,Perez,M,45662,9999-01-01
84982,Gino,Biron,M,64278,9999-01-01
85195,Jiafu,Quadeer,M,79069,9999-01-01
84983,Shigeo,Bashian,M,54280,9999-01-01
85199,Souichi,Barbanera,M,51152,9999-01-01
84994,Seongbae,Haraldson,M,40000,9999-01-01
84999,Turgut,Koblitz,M,74432,9999-01-01
85200,Ebbe,Serna,F,57745,9999-01-01
85202,Guttorm,Erdi,M,52839,9999-01-01
85007,Tze,Hiyoshi,M,40000,9999-01-01
85204,Moni,Silva,M,106160,9999-01-01
85015,Lijia,Lipner,F,68523,9999-01-01
85017,Falguni,Swiler,M,98339,9999-01-01
85018,Marjo,Billingsley,M,61123,9999-01-01
85020,Tiina,Peir,M,66642,9999-01-01
85024,Zeydy,Hmelo,M,44407,9999-01-01
85028,Ebru,Heydon,F,78598,9999-01-01
85033,Garnet,Luke,F,56336,9999-01-01
85206,Shahar,Navazio,M,52638,9999-01-01
85040,Chikako,Legleitner,F,40000,9999-01-01
85210,Yolla,Openshaw,F,40000,9999-01-01
85215,Along,Detkin,M,67739,9999-01-01
85219,Anyuan,Zaiane,F,40000,9999-01-01
85220,Kristin,Lipner,M,40000,9999-01-01
85225,Felicidad,Dulli,F,40000,9999-01-01
85230,Gal,Demke,F,62272,9999-01-01
85057,Charlene,Sadowsky,F,40000,9999-01-01
85241,Martijn,Falck,M,43955,9999-01-01
85062,Vasilis,Luks,F,50228,9999-01-01
85242,Kirk,Ernst,F,40000,9999-01-01
85079,Shan,Wossner,M,80901,9999-01-01
85080,Munir,Hofmeyr,M,40000,9999-01-01
85256,Odinaldo,Kroha,M,62010,9999-01-01
85096,Xinglin,Feinberg,M,40000,9999-01-01
85109,Ottavia,Rebaine,F,40000,9999-01-01
85258,Elzbieta,Schwabacher,M,40000,9999-01-01
85264,Annemarie,Silva,M,50431,9999-01-01
85267,Masaru,Winter,M,70306,9999-01-01
85300,Panayotis,Domenig,M,40000,9999-01-01
85318,Navid,Hanratty,F,40000,9999-01-01
85325,Nagui,Kadhim,F,47731,9999-01-01
85328,Kien,Kitsuregawa,F,40000,9999-01-01
85344,Owen,Dayana,M,50544,9999-01-01
85347,Heeju,Prochazka,M,53626,9999-01-01
85353,Kien,Tasistro,F,40000,9999-01-01
85371,Suebskul,Lanphier,F,82701,9999-01-01
85374,Hairong,Herber,M,40585,9999-01-01
85377,Ishfaq,Vecchio,M,50952,9999-01-01
85385,Alper,Bennis,F,40000,9999-01-01
85391,Aleksander,Glinert,M,40000,9999-01-01
85394,Sastry,Conta,F,46370,9999-01-01
85278,Kamakshi,Karnin,M,40000,9999-01-01
85406,Serap,Matzke,F,75826,9999-01-01
85416,Haldun,Melton,M,42548,9999-01-01
85281,Tamiya,Grospietsch,F,55345,9999-01-01
85295,Zvonko,Kroon,F,40000,9999-01-01
85433,Eberhardt,Stanfel,F,56050,9999-01-01
85489,Adas,Zwicker,M,63977,9999-01-01
85463,Kyoichi,Picht,F,44467,9999-01-01
85469,Sasan,Schmiedel,M,40000,9999-01-01
85470,Domenick,Mahmud,F,40432,9999-01-01
85494,Lech,Gulik,F,40000,9999-01-01
85504,Ghassan,Streit,M,49478,9999-01-01
85513,Yagil,Spieker,M,61957,9999-01-01
85524,Lillian,Tokunaga,F,48850,9999-01-01
85669,Yishay,Denis,M,48106,9999-01-01
85525,Chenyi,Schlenzig,M,43424,9999-01-01
85675,Ziya,Spell,M,40000,9999-01-01
85526,Tzvetan,Frolund,F,40000,9999-01-01
85532,Jinxi,Imataki,F,40000,9999-01-01
85692,Marin,Petersohn,M,45545,9999-01-01
85696,Wuxu,Mitzlaff,M,101476,9999-01-01
85537,Tzu,Bernatsky,F,55380,9999-01-01
85708,Steen,Otillio,M,52066,9999-01-01
85719,Satosi,Rosti,M,50359,9999-01-01
85551,Mohit,Perry,M,40000,9999-01-01
85739,Fumino,Benzaken,F,58286,9999-01-01
85743,Ramalingam,Wissmann,M,82074,9999-01-01
85552,Atilio,Perko,M,41988,9999-01-01
85755,Aloys,Ozeri,F,82248,9999-01-01
85757,Kannan,Bach,F,40913,9999-01-01
85761,Kazuyasu,Hofting,M,45148,9999-01-01
85775,Georgy,Engberts,M,54003,9999-01-01
85776,Dante,Reutenauer,F,51609,9999-01-01
85784,Nechama,Cronau,M,82582,9999-01-01
85786,Rafail,Chaudhuri,F,40000,9999-01-01
85796,Honglan,Boissier,M,61359,9999-01-01
85799,Radhika,Parveen,M,40000,9999-01-01
85811,Dayanand,Bain,F,60982,9999-01-01
85812,Seshu,Erbe,F,40000,9999-01-01
85555,Parke,Morrow,M,61810,9999-01-01
85825,Hongzhu,Zedlitz,F,85303,9999-01-01
85827,Basant,Schach,M,55385,9999-01-01
85570,Shigehito,Karlin,M,40000,9999-01-01
85835,Pantung,Gyorkos,M,40000,9999-01-01
85840,Kazuhiko,Reinhart,M,40000,9999-01-01
85575,Kiyotoshi,Matzov,M,53077,9999-01-01
85850,Leszek,Usdin,M,67113,9999-01-01
85577,Deniz,Sadowski,M,40000,9999-01-01
85583,Sanjeeva,Hiyoshi,M,78410,9999-01-01
85589,Amstein,Bressoud,F,52659,9999-01-01
85607,Yucai,Hertweck,F,63272,9999-01-01
85609,Otmar,Benner,M,40531,9999-01-01
85866,Dinkar,Baek,F,43242,9999-01-01
85620,Yoshinari,Chvatal,M,46107,9999-01-01
85876,Kellyn,Merks,M,41377,9999-01-01
85883,Takahito,Reghbati,M,40000,9999-01-01
85621,Steen,Peha,M,81080,9999-01-01
85622,Berthier,Dengi,M,58379,9999-01-01
85892,Rasikan,Binkley,F,47405,9999-01-01
85894,Teunis,Eugenio,M,51786,9999-01-01
85624,Ayonca,Keustermans,M,57477,9999-01-01
85899,Chinhyun,Zaiane,F,40000,9999-01-01
85901,Tommaso,Hagimont,M,78584,9999-01-01
85631,Munehiro,Murtagh,M,62085,9999-01-01
85910,Nishit,Lemarechal,M,40000,9999-01-01
85913,Anwar,Rehfuss,M,40000,9999-01-01
85633,Salvador,Snedden,M,64754,9999-01-01
85641,Breannda,Buescher,M,87504,9999-01-01
85924,Gita,Menhardt,F,40000,9999-01-01
85645,Henk,Ashish,M,61130,9999-01-01
85939,Xinyu,Schlegelmilch,M,80062,9999-01-01
85941,Sampalli,Lunt,M,42042,9999-01-01
85647,Kristian,Waymire,M,49194,9999-01-01
85942,Jaber,Sankaranarayanan,M,48914,9999-01-01
86037,Khaled,Badache,F,44296,9999-01-01
85949,Thodoros,Penttonen,M,52171,9999-01-01
85958,Fusako,Vadhan,M,63942,9999-01-01
85968,Idoia,Lorch,M,55934,9999-01-01
86045,Leah,Kavanagh,M,46795,9999-01-01
85988,Aiichiro,Brlek,M,79173,9999-01-01
85990,Saeko,Jakobus,M,40000,9999-01-01
85999,Arch,Dymetman,F,40000,9999-01-01
86047,Ebru,Suppi,M,40000,9999-01-01
86003,Khaled,Zielinski,F,58111,9999-01-01
86052,Hidekazu,Badache,M,48009,9999-01-01
86005,Sahrah,Samarati,F,44056,9999-01-01
86060,Arvind,Luce,M,40000,9999-01-01
86014,Maris,Zeilberger,M,46302,9999-01-01
86016,Eldridge,Compeau,F,40000,9999-01-01
86023,Yuqun,Braunschweig,F,93898,9999-01-01
86062,Zengping,Anido,M,59613,9999-01-01
86029,Yuguang,Cronau,F,40000,9999-01-01
86065,Suebskul,Fetvedt,M,40000,9999-01-01
86070,Diederik,Restivo,M,40000,9999-01-01
86071,Premsyl,Kavvadias,M,63940,9999-01-01
86074,Susanne,Zirintsis,F,40782,9999-01-01
86081,Valery,Iwayama,M,53594,9999-01-01
86224,Shaunak,Ishibashi,M,68998,9999-01-01
86082,Marsha,Redmiles,M,40000,9999-01-01
86083,Parke,Spell,F,43840,9999-01-01
86111,Flemming,Mondadori,M,50594,9999-01-01
86252,Mahendra,Selenyi,F,81239,9999-01-01
86267,Masato,Guting,F,52868,9999-01-01
86269,Kristinn,Swift,M,64732,9999-01-01
86270,Prodip,Menhoudj,F,70611,9999-01-01
86271,Ipke,Llado,M,40000,9999-01-01
86139,Arif,Lichtman,M,45879,9999-01-01
86275,Ipke,Genin,M,51432,9999-01-01
86282,Martien,Baak,M,57545,9999-01-01
86284,Fabrizio,Wrigley,M,54840,9999-01-01
86287,Masami,Liesche,F,86963,9999-01-01
86297,Susuma,Feldmann,F,47407,9999-01-01
86155,Tadahiko,Luke,F,48156,9999-01-01
86305,Nadjib,Weisert,M,47059,9999-01-01
86308,Dipankar,Muhling,F,40000,9999-01-01
86321,Shiv,Vasanthakumar,M,40000,9999-01-01
86157,Kwangsub,Demizu,M,40000,9999-01-01
86164,Adit,Rothe,F,40000,9999-01-01
86342,Marit,Boguraev,M,57263,9999-01-01
86175,Marc,Herbst,F,64066,9999-01-01
86351,Jackson,Staylopatis,F,61911,9999-01-01
86357,Rosalyn,Sessa,F,50632,9999-01-01
86364,Shushma,Decaestecker,F,40000,9999-01-01
86369,Barton,Stemann,M,47693,9999-01-01
86395,Duke,Grospietsch,F,45824,9999-01-01
86404,Jungsoon,Quaggetto,F,54916,9999-01-01
86405,Sreekrishna,Bale,M,40000,9999-01-01
86416,Kazuhiro,Budinsky,M,40000,9999-01-01
86436,Hilari,Kropf,M,65248,9999-01-01
86437,Zvonko,Bednarek,F,40000,9999-01-01
86445,Chaoyi,Wynblatt,M,53855,9999-01-01
86448,Fumino,Garnier,M,50368,9999-01-01
86459,Gritta,Etalle,M,49887,9999-01-01
86480,Navid,Tramer,F,40000,9999-01-01
86483,Shigenori,Gill,F,40000,9999-01-01
86491,Shuzo,Conta,F,40000,9999-01-01
86494,Masato,Perng,M,40000,9999-01-01
86499,Lech,Escriba,F,56031,9999-01-01
86513,Yishay,Murtha,M,52532,9999-01-01
86527,Toshiko,Pollacia,F,41115,9999-01-01
86539,Adam,Junet,F,40000,9999-01-01
86554,George,Itschner,M,60425,9999-01-01
86559,Weiye,Tsukuda,F,52178,9999-01-01
86561,Thodoros,Frolund,F,42797,9999-01-01
86564,Jaideep,Theuretzbacher,M,40000,9999-01-01
86575,Berthier,Sinitsyn,M,64344,9999-01-01
86600,Baocai,Baba,M,77554,9999-01-01
86608,Honglan,Shigei,F,46653,9999-01-01
86612,Yuchang,McAffer,M,51943,9999-01-01
86617,Mingsen,Desikan,M,59780,9999-01-01
86626,Sashi,Polajnar,F,58984,9999-01-01
86629,Yolla,Sommer,M,50529,9999-01-01
86631,Tristan,Isaac,F,84059,9999-01-01
86634,Odysseas,Terlouw,M,42947,9999-01-01
86641,Kamran,Gladwell,M,40000,9999-01-01
86654,Jeane,Taubenfeld,F,74763,9999-01-01
86667,King,Slobodova,M,40000,9999-01-01
86674,Fumiya,Candan,F,40000,9999-01-01
86690,Carrsten,Whitcomb,M,61652,9999-01-01
86691,Kagan,Serdy,M,57262,9999-01-01
86715,Katsuo,Farrag,F,48888,9999-01-01
86746,Parke,Seiwald,F,44861,9999-01-01
86751,Feiyu,Swick,M,40000,9999-01-01
86754,Guadalupe,Vigier,F,95574,9999-01-01
86772,Kayoko,Chepyzhov,M,40000,9999-01-01
86776,Palash,Danecki,M,45270,9999-01-01
86788,Golgen,Saoudi,M,47427,9999-01-01
86817,Shmuel,Sommen,F,44861,9999-01-01
86819,Wuxu,Bisiani,M,40000,9999-01-01
86822,Halsur,Veccia,M,40000,9999-01-01
86823,Xiaopeng,Perly,F,40000,9999-01-01
86831,KayLiang,Nanard,M,71334,9999-01-01
86832,Duro,Magalhaes,M,40000,9999-01-01
86838,Janche,Gecseg,M,42273,9999-01-01
86851,Kensyu,Schusler,M,44504,9999-01-01
86852,Lijie,McFarlin,F,40809,9999-01-01
86853,Dhritiman,Giveon,M,91809,9999-01-01
86856,Vasilis,Perelgut,F,60431,9999-01-01
86862,Pascal,Fetvedt,M,43765,9999-01-01
86871,Djenana,Zolotykh,F,40000,9999-01-01
86887,Martijn,Roison,M,50962,9999-01-01
86905,Alenka,Streng,M,48552,9999-01-01
86906,Adel,Fiutem,F,40433,9999-01-01
86178,Sakthirel,Krogh,M,60326,9999-01-01
86183,Takahiro,Baja,F,50558,9999-01-01
86196,Ugo,Cincotta,M,42422,9999-01-01
86211,Shih,Vanwelkenhuysen,F,55822,9999-01-01
86217,Mari,Asrin,F,55211,9999-01-01
86969,Shai,Rijckaert,M,40000,9999-01-01
86970,Hugo,Zizka,F,52965,9999-01-01
86973,Shao,Honiden,M,40000,9999-01-01
86977,Volkmar,Hofstetter,M,62788,9999-01-01
86984,Lakshmi,Kawashima,F,48791,9999-01-01
87001,Sanjit,Maquelin,F,53804,9999-01-01
87022,Mario,Eterovic,F,40000,9999-01-01
86934,Jovan,Strooper,M,41984,9999-01-01
87028,Greger,Perfilyeva,M,52525,9999-01-01
86941,Zhiguo,Tanemo,F,41397,9999-01-01
86947,Vitali,Hooghiemstra,M,40000,9999-01-01
87030,Shmuel,Prenel,M,72880,9999-01-01
86948,Rosita,Swan,M,77472,9999-01-01
86951,Martijn,Coors,F,40000,9999-01-01
87043,Fay,Anily,F,56191,9999-01-01
86952,Richard,Oskamp,M,42728,9999-01-01
86957,Aris,Guenter,F,45321,9999-01-01
87047,True,Beilner,M,40000,9999-01-01
87054,Szabolcs,Kandlur,F,74494,9999-01-01
87059,Girolamo,Leuchs,M,40000,9999-01-01
87060,Willard,Birdsall,M,60460,9999-01-01
87064,Ewing,Bednarek,M,52553,9999-01-01
87066,Jaber,Zobel,M,40000,9999-01-01
87070,Tsz,Farrow,M,64979,9999-01-01
87078,Boalin,Muntz,F,41587,9999-01-01
87152,Nakhoon,Byoun,M,65480,9999-01-01
87091,Sashi,Hiraishi,M,62431,9999-01-01
87158,Nahid,Neiman,M,58049,9999-01-01
87160,Nevio,Gihr,M,40000,9999-01-01
87161,Ennio,Sudkamp,M,73421,9999-01-01
87094,Stevo,Turnbull,M,48744,9999-01-01
87095,Jixiang,Laurillard,M,49047,9999-01-01
87168,Herb,Beerel,M,46009,9999-01-01
87107,Kasturi,Peir,M,72427,9999-01-01
87170,Macha,Gide,M,51440,9999-01-01
87115,Charlene,Zyda,F,51887,9999-01-01
87133,Alexius,Schoegge,F,40000,9999-01-01
87186,Shaowei,Luby,M,67970,9999-01-01
87196,Caolyn,Ozery,M,40000,9999-01-01
87137,Aluzio,Tsunoo,M,57390,9999-01-01
87197,Shahab,Unni,F,40000,9999-01-01
87199,Yefim,Luck,M,75346,9999-01-01
87200,Shridhar,Skafidas,F,49649,9999-01-01
87202,Hatem,Coors,M,86491,9999-01-01
87144,Kshitij,Naudin,M,68856,9999-01-01
87211,Ohad,Masada,M,68776,9999-01-01
87336,Arco,Dusink,M,58169,9999-01-01
87232,Arch,Thebaut,F,67221,9999-01-01
87234,Boriana,Mungall,F,111013,9999-01-01
87337,Huai,Barbanera,F,40000,9999-01-01
87339,Kamakshi,Aseltine,F,70026,9999-01-01
87246,Boaz,Melichar,F,83488,9999-01-01
87357,Constantijn,Kambil,M,73292,9999-01-01
87269,IEEE,Etalle,M,48145,9999-01-01
87359,Sadok,Bael,M,59518,9999-01-01
87274,Hilari,Gide,F,70387,9999-01-01
87372,Maren,Stellhorn,F,68251,9999-01-01
87278,Masato,Kragelund,M,46533,9999-01-01
87284,Ranga,Fandrianto,M,40000,9999-01-01
87374,Sampalli,Maraist,M,99927,9999-01-01
87293,Kwangho,Champarnaud,M,56944,9999-01-01
87401,Shietung,Zweizig,F,40000,9999-01-01
87302,Martina,Garigliano,M,45472,9999-01-01
87306,Mabhin,Speckmann,M,40000,9999-01-01
87308,Shaz,Bresenham,M,40000,9999-01-01
87319,Zita,Bain,M,40000,9999-01-01
87323,Akemi,Nastansky,F,44537,9999-01-01
87526,Turgut,Lanphier,M,63579,9999-01-01
87560,Mansur,Gniady,F,61428,9999-01-01
87568,Erez,Usery,M,66428,9999-01-01
87415,Radhia,Thibadeau,M,40000,9999-01-01
87585,Oscar,Morrin,M,47975,9999-01-01
87422,Mohamadou,Lorcy,M,40000,9999-01-01
87442,Marjo,Jeong,M,61671,9999-01-01
87446,Theron,Wilharm,M,40000,9999-01-01
87637,Qingxiang,Aamodt,M,40000,9999-01-01
87638,Fay,Raczkowsky,F,40000,9999-01-01
87640,Shigehito,Swift,M,40000,9999-01-01
87448,Weidon,Serna,F,58735,9999-01-01
87449,Golgen,Validov,M,58725,9999-01-01
87450,Xuedong,Shobatake,F,40000,9999-01-01
87451,Zhonghui,Denos,F,40000,9999-01-01
87663,Lenore,Pews,M,42885,9999-01-01
87454,Terresa,Veeraraghavan,F,40000,9999-01-01
87671,Oldrich,Kandlur,M,50672,9999-01-01
87672,Sadok,Zlotek,M,40000,9999-01-01
87461,Moni,Decaestecker,M,43680,9999-01-01
87679,Guenter,Marciano,M,52310,9999-01-01
87681,IEEE,Birge,M,64732,9999-01-01
87476,Amabile,Niizuma,F,54760,9999-01-01
87693,Mikhail,Osgood,F,40000,9999-01-01
87697,Sanjoy,Luit,M,84307,9999-01-01
87480,Geoff,Mitzlaff,M,67906,9999-01-01
87483,Vesna,Baranowski,M,48187,9999-01-01
87492,Susuma,Kushner,F,40000,9999-01-01
87498,Rafols,Shobatake,F,67359,9999-01-01
87723,Uwe,Kowalchuk,F,40000,9999-01-01
87738,Ipke,Sluis,F,80766,9999-01-01
87504,Fumiya,Takanami,M,41444,9999-01-01
87751,Lakshmi,Frolund,M,55495,9999-01-01
87752,Yurii,Hasenauer,F,44555,9999-01-01
87897,Tzu,Suwa,F,57195,9999-01-01
87757,Syozo,Ghalwash,F,44489,9999-01-01
87765,Theirry,Garnham,M,61690,9999-01-01
87769,Subhrajyoti,Tomescu,M,76979,9999-01-01
87793,Fatemeh,Kakkar,M,59338,9999-01-01
87796,Boriana,Middleton,F,40986,9999-01-01
87806,Khatoun,Shokrollahi,F,73596,9999-01-01
87807,Berni,Diderrich,M,40000,9999-01-01
87902,Phuoc,Compeau,F,43374,9999-01-01
87944,Mahendra,Schmezko,F,53125,9999-01-01
87824,Serenella,Falster,M,62751,9999-01-01
87829,Genki,Etalle,M,40000,9999-01-01
87840,Sungwon,Wendorf,M,40000,9999-01-01
87851,Aloys,Asser,M,40000,9999-01-01
87852,Nikolaos,Pokrovskii,M,56372,9999-01-01
87856,Lunjin,Erol,M,40000,9999-01-01
87869,Alassane,Luit,M,75199,9999-01-01
87948,Subhash,Kalafatis,M,47925,9999-01-01
87875,Anneli,Reeker,F,40000,9999-01-01
87876,Dante,Perfilyeva,F,55739,9999-01-01
87881,Yechezkel,Masaki,M,42916,9999-01-01
87951,Ottavia,Rohrbach,M,40000,9999-01-01
87958,Leandro,Mattern,F,40000,9999-01-01
87964,Alejandro,Luon,F,40000,9999-01-01
87974,Shunichi,Peac,F,60286,9999-01-01
88079,Karlis,Hmelo,F,40000,9999-01-01
88080,Mack,Heuser,M,82758,9999-01-01
87982,Lijia,Conia,F,43820,9999-01-01
88089,Kwok,Alpin,M,59990,9999-01-01
88101,Zongyan,Strooper,M,40000,9999-01-01
87991,Fusako,Gubsky,F,40000,9999-01-01
88116,Luerbio,Butterworth,F,69054,9999-01-01
87992,Moriyoshi,Iivonen,M,70231,9999-01-01
87993,Masasuke,Hiraishi,F,40000,9999-01-01
88127,Sushant,Hooghiemstra,F,84840,9999-01-01
88005,Mrinalini,Brookman,M,71499,9999-01-01
88136,Shir,Stille,M,61112,9999-01-01
88137,Domenick,Brodie,M,48391,9999-01-01
88145,Sanjit,Ernst,M,40641,9999-01-01
88010,Prodip,Ventosa,F,64145,9999-01-01
88015,Dmitry,Akiyama,F,47801,9999-01-01
88032,Urs,Serra,F,61495,9999-01-01
88033,Masato,Callaway,F,55068,9999-01-01
88190,Lech,Radivojevic,M,54848,9999-01-01
88191,Monique,Sigstam,F,49564,9999-01-01
88195,Ghassan,Krogh,F,64667,9999-01-01
88038,Monique,Jarecki,M,75401,9999-01-01
88213,Zvonko,Varman,F,60462,9999-01-01
88219,Palash,Krzyzanowski,M,56354,9999-01-01
88060,Emdad,Ferriere,M,72202,9999-01-01
88246,Munenori,Slobodova,M,40000,9999-01-01
88247,Marjo,Fasbender,M,58365,9999-01-01
88441,Mart,Moehrke,F,43770,9999-01-01
88255,Tesuro,Barbanera,F,65795,9999-01-01
88260,Miomir,Krzyzanowski,M,45760,9999-01-01
88449,Lihong,Naudin,F,54937,9999-01-01
88262,Sham,Stassinopoulos,M,40000,9999-01-01
88269,Demin,Kaelbling,M,53523,9999-01-01
88489,Monique,Soloway,M,40000,9999-01-01
88287,Parke,Reistad,F,76687,9999-01-01
88298,Shuji,Vidya,M,54552,9999-01-01
88314,Tsutomu,Denti,M,67538,9999-01-01
88491,Mabry,Swiler,F,79982,9999-01-01
88495,Wilmer,Molenaar,F,44248,9999-01-01
88503,Anestis,Rosenbaum,M,61291,9999-01-01
88340,Gad,Fiutem,M,93555,9999-01-01
88346,Francesca,Wissmann,M,46690,9999-01-01
88512,Giao,Vigier,M,40000,9999-01-01
88353,Anneke,Ranka,F,49997,9999-01-01
88354,Lijia,Jiafu,M,63180,9999-01-01
88358,Trygve,Salinas,M,63202,9999-01-01
88524,Zorica,Einsfeld,M,53341,9999-01-01
88377,Mrinalini,Sifakis,M,58946,9999-01-01
88378,Shaz,Rodier,F,40000,9999-01-01
88381,Jackson,Bondorf,M,40000,9999-01-01
88382,Genta,Penz,M,40000,9999-01-01
88543,Geoff,Brodie,F,40000,9999-01-01
88385,Tran,Besancenot,M,61724,9999-01-01
88386,Jiann,Bondorf,M,40000,9999-01-01
88387,Sanjeeva,Lundstrom,F,56463,9999-01-01
88389,Jiakeng,Waymire,F,76302,9999-01-01
88393,Kauko,Farris,F,66413,9999-01-01
88399,Thodoros,Pettit,M,40000,9999-01-01
88401,Evgueni,Eiter,M,87467,9999-01-01
88403,Nigel,Ramaiah,M,42013,9999-01-01
88408,Rasiah,Skrikant,M,42714,9999-01-01
88544,Yannik,Gilg,M,84808,9999-01-01
88548,Baruch,Heijenga,F,54011,9999-01-01
88419,Luerbio,Murillo,F,40000,9999-01-01
88421,Mariusz,Kusalik,M,61256,9999-01-01
88556,Ute,Ravishankar,M,60758,9999-01-01
88563,Mototsugu,Rodite,F,56118,9999-01-01
88570,Genta,Rosenbaum,F,46244,9999-01-01
88579,Vasilii,Himler,M,40000,9999-01-01
88628,Guoxiang,Polajnar,F,40000,9999-01-01
88584,Sakthirel,Rikino,M,66913,9999-01-01
88636,Xiping,Jeansoulin,M,47067,9999-01-01
88597,Zita,Narwekar,M,40000,9999-01-01
88646,Joydip,Niizuma,M,40000,9999-01-01
88599,Kristin,Schneeberger,F,62472,9999-01-01
88656,Oddvar,Parveen,F,72385,9999-01-01
88661,Moheb,Frijda,F,45953,9999-01-01
88663,Adly,Deville,M,53010,9999-01-01
88679,Genta,Lichtner,F,59851,9999-01-01
88681,Genta,Alvarado,F,40000,9999-01-01
88600,Bernd,Ranze,M,64507,9999-01-01
88615,Weicheng,Shrader,M,54777,9999-01-01
88698,Mary,Lundstrom,F,46666,9999-01-01
88701,Terresa,Krzyzanowski,M,40000,9999-01-01
88707,Adit,Ermel,F,40000,9999-01-01
88616,Tadahiro,Esposito,M,48648,9999-01-01
88821,Shen,Gihr,F,67179,9999-01-01
88722,Falguni,Lagarias,M,56299,9999-01-01
88741,Ottavia,Rattan,F,40000,9999-01-01
88748,Satoru,Sigstam,M,40000,9999-01-01
88754,Garnet,Thorensen,F,73413,9999-01-01
88825,Fun,Alvarado,M,64077,9999-01-01
88764,Aloys,Turnbull,M,62130,9999-01-01
88765,Xuejun,Honglei,M,40000,9999-01-01
88830,Shih,Auria,M,58314,9999-01-01
88770,Jaroslava,Mukaidono,M,40000,9999-01-01
88772,Bangqing,Pesch,F,40000,9999-01-01
88776,Bedir,Kaiser,F,46507,9999-01-01
88835,Gad,Nivat,F,49033,9999-01-01
88778,Mohammed,Gruenwald,F,40000,9999-01-01
88865,Lalit,Peng,F,76156,9999-01-01
88788,Aamer,Picel,M,40000,9999-01-01
88791,Yunming,Salvesen,M,43581,9999-01-01
88792,Stevo,Reghbati,M,40000,9999-01-01
88796,Mang,Erol,M,40000,9999-01-01
88803,Bikash,Zambonelli,M,73382,9999-01-01
88806,Laurentiu,Ernst,M,56404,9999-01-01
88866,Munehiro,Babb,F,47424,9999-01-01
88869,Miomir,Plump,M,65329,9999-01-01
88997,Leif,Giveon,M,45419,9999-01-01
89001,Zeydy,Sommen,M,40000,9999-01-01
89002,Luisa,Pelz,M,43058,9999-01-01
89010,Jingling,Weisert,F,40000,9999-01-01
89014,Piyush,Jiafu,F,40000,9999-01-01
88890,Pranjal,Aloisi,F,75936,9999-01-01
89022,Atilio,Orlowski,M,76612,9999-01-01
89026,Rafols,Siprelle,F,52492,9999-01-01
89030,Xinglin,Prochazka,M,40000,9999-01-01
89033,Sailaja,Jansen,M,40000,9999-01-01
89038,Troy,Kambil,M,50185,9999-01-01
89039,Marek,Quadeer,F,40000,9999-01-01
89043,Mohammed,Riefers,M,51706,9999-01-01
89047,Rayond,Ishibashi,M,50314,9999-01-01
89051,Demos,Ritzmann,F,68150,9999-01-01
89053,Arunachalam,Bolsens,F,40000,9999-01-01
89060,Matt,Chandrasekhar,M,65477,9999-01-01
89063,Gen,Marshall,F,53125,9999-01-01
89074,Dmitry,Chandrasekhar,M,63171,9999-01-01
89080,Gil,Smeets,M,61361,9999-01-01
89112,Kwangho,Zeidenstein,M,40942,9999-01-01
89119,Pranjal,Cyne,F,43007,9999-01-01
89123,Leen,Selvestrel,M,40000,9999-01-01
89125,Danel,Sinitsyn,F,40000,9999-01-01
89133,Fumino,Kermarrec,M,40696,9999-01-01
88893,Shaleah,Shanbhogue,M,40000,9999-01-01
89136,Poornachandra,Swab,M,44035,9999-01-01
89148,Mads,Heering,M,40000,9999-01-01
88905,Yakichi,Muhlberg,M,45543,9999-01-01
89154,Dietrich,Isaak,M,86638,9999-01-01
89158,Qingxiang,Marwedel,F,40000,9999-01-01
89162,Yongqiao,Melter,M,60695,9999-01-01
89179,Weijing,Kranzdorf,F,71173,9999-01-01
88914,Masali,Ozeki,F,62256,9999-01-01
88919,Aleksander,Savasere,M,40000,9999-01-01
88924,Qiwen,Alameldin,M,40000,9999-01-01
89184,Chriss,Fargier,M,40000,9999-01-01
89186,Gor,Marshall,M,40000,9999-01-01
89194,Arunachalam,Picht,F,40000,9999-01-01
88936,Hironobu,Belinskaya,F,76884,9999-01-01
88937,Angel,Waschkowski,M,47606,9999-01-01
89232,Remzi,Herath,F,40000,9999-01-01
88938,Rosine,Detkin,M,58097,9999-01-01
88942,Leif,Senzako,F,54508,9999-01-01
89240,Arfst,Ecklund,M,56730,9999-01-01
88945,Miomir,Jahnichen,M,51369,9999-01-01
88947,Ronghao,Marletta,M,40000,9999-01-01
88973,Ingemar,Peng,F,55462,9999-01-01
89265,Munir,Gopalakrishnan,F,75450,9999-01-01
89270,Francoise,Chachaty,M,40000,9999-01-01
89275,Menkae,Jonsson,M,92317,9999-01-01
88975,Miomir,Baak,M,88305,9999-01-01
88976,Younwoo,Peron,M,46524,9999-01-01
88987,Miomir,Prenel,M,55482,9999-01-01
89300,Xiaoqiang,Schaar,F,40000,9999-01-01
88989,Jaber,Gulik,M,45923,9999-01-01
89305,Nidapan,Bernardinello,F,45121,9999-01-01
89315,Susumu,Montemayor,F,61970,9999-01-01
89318,Uli,Plump,F,48549,9999-01-01
89374,Ingemar,Itzigehl,F,40000,9999-01-01
89331,Ranga,Narahara,M,40000,9999-01-01
89333,Mona,Iisaka,M,40000,9999-01-01
89353,Mostafa,Akiyama,M,40000,9999-01-01
89354,Aiman,Schicker,F,62703,9999-01-01
89362,Jiafu,Flasterstein,F,40000,9999-01-01
89381,Paraskevi,Anily,M,71064,9999-01-01
89388,Divier,Hasenauer,F,68651,9999-01-01
89553,Gilbert,Pocchiola,F,40000,9999-01-01
89391,Aram,Steenbeek,M,40000,9999-01-01
89567,Kankanahalli,Masand,F,61968,9999-01-01
89392,Leen,Casperson,M,40000,9999-01-01
89399,Erzsebet,Smeets,M,40000,9999-01-01
89573,Ute,Varley,M,89684,9999-01-01
89404,Arnd,Peng,F,40000,9999-01-01
89416,Mariangiola,Nitsch,M,40000,9999-01-01
89598,Nectarios,Alpin,F,40000,9999-01-01
89608,Susanne,Niizuma,M,40000,9999-01-01
89425,Chandrasekaran,Baba,M,60385,9999-01-01
89624,Pohua,Cherinka,M,53836,9999-01-01
89632,Hausi,Theuretzbacher,F,48142,9999-01-01
89431,Yunming,Pileggi,F,40000,9999-01-01
89640,Sreekrishna,Muhling,F,46496,9999-01-01
89641,Geoff,Lundstrom,M,56320,9999-01-01
89448,Vidya,Akiyama,M,41561,9999-01-01
89669,Ult,Miake,F,40000,9999-01-01
89672,Ebbe,Feldmann,M,40000,9999-01-01
89457,Kousuke,Peir,F,41012,9999-01-01
89476,Xiaoqiang,Perna,M,40000,9999-01-01
89694,Dulce,Wuwongse,M,40000,9999-01-01
89699,Uma,Keustermans,M,40000,9999-01-01
89715,Toshimori,Sanella,F,63907,9999-01-01
89480,Palash,Angelov,F,71409,9999-01-01
89724,Naftali,Kalorkoti,F,40000,9999-01-01
89507,Diederik,Orlowska,F,40000,9999-01-01
89512,Susanta,Lung,M,40000,9999-01-01
89743,Hugo,Ferriere,M,63251,9999-01-01
89755,Lalit,Klerer,M,61402,9999-01-01
89525,Kristin,Pleszkun,M,40000,9999-01-01
89760,Mandell,Ducloy,M,80183,9999-01-01
89776,Seongbae,Remmers,M,74883,9999-01-01
89783,Volkmar,Georg,F,40000,9999-01-01
89785,Amabile,Beerel,F,44628,9999-01-01
89795,Yinlin,Kirkerud,F,50952,9999-01-01
89801,Zvonko,Giarratana,F,42511,9999-01-01
89812,Boriana,Vingron,F,46415,9999-01-01
89825,Ingmar,Isard,M,109757,9999-01-01
89838,Zhonghua,Luby,M,43967,9999-01-01
89843,Boalin,Ghelli,F,50540,9999-01-01
89859,Guangming,Lalonde,M,40000,9999-01-01
89872,Visit,Bugrara,M,80008,9999-01-01
89882,Abdulla,Murrill,M,64346,9999-01-01
89883,Berry,Paludetto,M,54483,9999-01-01
89885,Supot,Zumaque,M,40000,9999-01-01
89887,Zhonghui,Munro,M,65556,9999-01-01
89904,Ottavia,Olivero,F,72216,9999-01-01
89912,Dietrich,Ouhyoung,M,58861,9999-01-01
89531,Sachem,Boguraev,F,40000,9999-01-01
89915,Qunsheng,Lores,F,57773,9999-01-01
89537,Gaurav,Tasistro,F,40000,9999-01-01
90110,Przemyslawa,Orsini,M,40000,9999-01-01
89932,Kerryn,Sanella,M,43675,9999-01-01
89939,Zhongwei,Larfeldt,F,40000,9999-01-01
90122,Taisook,Halevi,F,79995,9999-01-01
89961,Yuping,Stenning,F,64264,9999-01-01
90125,Shugo,Reghbati,M,40000,9999-01-01
89969,Conrado,Cappelletti,M,66779,9999-01-01
90138,Shin,Selvestrel,M,40000,9999-01-01
89981,Shahaf,Masamoto,M,40000,9999-01-01
90145,Steen,Walstra,F,65927,9999-01-01
90147,Tomokazu,Plump,M,40000,9999-01-01
90009,Denny,Ozeki,F,50992,9999-01-01
90013,Guenter,Cappelli,F,40000,9999-01-01
90152,Chenye,Birrer,F,40000,9999-01-01
90020,Oldrich,Holburn,M,40000,9999-01-01
90029,Boaz,Melton,F,66490,9999-01-01
90163,Harjit,Ghandeharizadeh,F,42695,9999-01-01
90048,Odinaldo,Duclos,M,52174,9999-01-01
90052,Gill,Cangellaris,M,59025,9999-01-01
90059,Fumiyo,Setia,M,60521,9999-01-01
90061,Supot,Ramaiah,F,40000,9999-01-01
90070,Remmert,Chiola,M,48746,9999-01-01
90080,Hyuncheol,Taubenfeld,F,40000,9999-01-01
90189,Tzu,Bernardeschi,M,44109,9999-01-01
90213,Kotesh,Kobara,M,46545,9999-01-01
90304,Shigenori,Kavvadias,M,45366,9999-01-01
90309,Zengping,Siegrist,M,40000,9999-01-01
90215,Poorav,Liesche,F,51697,9999-01-01
90314,Masaki,Rosen,M,40000,9999-01-01
90233,Martien,Setlzner,F,53390,9999-01-01
90327,Jacopo,Chiola,M,40000,9999-01-01
90329,Palash,Renear,M,77178,9999-01-01
90250,Richard,Sluis,F,56556,9999-01-01
90336,Shridhar,Chaudhury,M,45030,9999-01-01
90342,King,Koshiba,M,60784,9999-01-01
90256,Toney,Brender,F,53237,9999-01-01
90345,Willard,Liedekerke,M,40000,9999-01-01
90261,Rimli,Merle,F,40000,9999-01-01
90348,Makato,Merks,F,40000,9999-01-01
90270,Djenana,Spieker,M,40000,9999-01-01
90353,Mingzeng,Cooley,M,41265,9999-01-01
90357,Honglan,Lunn,M,40000,9999-01-01
90272,Dinah,Tramer,M,47357,9999-01-01
90277,Conor,Alencar,M,43343,9999-01-01
90367,Josyula,Riexinger,M,44107,9999-01-01
90279,Arch,Geffroy,F,61651,9999-01-01
90288,Jaideep,Shumilov,M,54595,9999-01-01
90480,Fai,Mitina,F,40000,9999-01-01
90386,Marc,Rosis,M,40000,9999-01-01
90390,Marko,Kadhim,M,40000,9999-01-01
90481,Goh,Kemmerer,M,40000,9999-01-01
90493,Ravishankar,Fargier,F,40000,9999-01-01
90405,Theirry,Muchinsky,F,55154,9999-01-01
90519,Syozo,Rodite,F,64927,9999-01-01
90411,Shahid,Gimbel,M,40000,9999-01-01
90413,Qunsheng,Ramamoorthy,M,40000,9999-01-01
90522,IEEE,Beerel,F,40000,9999-01-01
90527,Shuzo,Erman,M,45050,9999-01-01
90425,Masasuke,Schrift,M,54347,9999-01-01
90428,Niranjan,Braunschweig,M,87870,9999-01-01
90536,Leah,Hutton,M,59410,9999-01-01
90442,Suzette,Merkl,M,58055,9999-01-01
90559,Amalendu,Schlegelmilch,M,40000,9999-01-01
90453,Beshir,Pashtan,M,83673,9999-01-01
90458,Rimli,Kadhim,M,49704,9999-01-01
90463,Takahito,Fabrizio,M,40000,9999-01-01
90572,Naraig,Tokunaga,M,44564,9999-01-01
90582,Tuval,Akiyama,F,42538,9999-01-01
90589,Bluma,Reinhard,F,40000,9999-01-01
90661,Christ,Marquardt,M,52063,9999-01-01
90591,Mark,Vesna,M,52312,9999-01-01
90664,Ziva,Backhouse,F,68887,9999-01-01
90603,Kristine,Birge,M,40000,9999-01-01
90672,Xiaoqiang,Vernadat,M,57552,9999-01-01
90673,Younwoo,Hutton,F,50787,9999-01-01
90674,Tzu,Nastansky,F,40000,9999-01-01
90680,Frederique,Nyrup,M,40000,9999-01-01
90687,Babette,Limongiello,M,40000,9999-01-01
90637,Kauko,Kusakabe,M,84933,9999-01-01
90703,Badri,Perz,F,40000,9999-01-01
90714,Boriana,Manderick,F,89519,9999-01-01
90642,Yinlin,Savasere,F,40000,9999-01-01
90734,Alejandro,Zirintsis,F,40000,9999-01-01
90648,Christoper,Bottner,M,63829,9999-01-01
90743,Rayond,Emden,M,45210,9999-01-01
90745,Richard,Marletta,M,42888,9999-01-01
90749,Martins,Vesna,F,58527,9999-01-01
90857,Kish,Thisen,M,75740,9999-01-01
90760,Hein,Vingron,M,42430,9999-01-01
90762,Paris,Choobineh,F,40000,9999-01-01
90765,Lein,Neiman,M,40000,9999-01-01
90771,Divier,Luon,M,40000,9999-01-01
90776,Bouchung,Skrikant,M,52866,9999-01-01
90778,Leucio,Kaiserswerth,F,40000,9999-01-01
90793,Jinpo,Acton,F,47728,9999-01-01
90862,Masadi,Billingsley,M,72633,9999-01-01
90802,Magy,Isard,M,56429,9999-01-01
90805,Masoud,Sessa,F,40000,9999-01-01
90810,Barton,Buchter,F,40000,9999-01-01
90812,Marie,Thibadeau,M,79292,9999-01-01
90867,Kristin,Parfitt,F,79975,9999-01-01
90821,Jingling,Kadhim,M,55574,9999-01-01
90878,Odysseas,Tagansky,F,40000,9999-01-01
90880,Prodip,Einsfeld,M,88578,9999-01-01
90886,Harngdar,Heusch,F,40000,9999-01-01
90889,Berhard,Braccini,M,45704,9999-01-01
90895,Guenter,Lorch,F,40156,9999-01-01
91034,Masali,Hopewell,F,47568,9999-01-01
90903,Richara,Sadowski,F,53494,9999-01-01
90908,Toshimi,Cronan,F,40000,9999-01-01
91058,Weijing,Litzkow,F,61544,9999-01-01
90912,Kazunori,Feldmann,M,45030,9999-01-01
90913,Xiahua,Levergood,M,49708,9999-01-01
90914,Danel,Mandell,M,47610,9999-01-01
91080,Parviz,Skogmar,M,75195,9999-01-01
91093,Josyula,Luders,F,67687,9999-01-01
91101,Gennady,Siksek,M,40000,9999-01-01
91107,Fuqing,Hmelo,M,91417,9999-01-01
91113,Goncalo,Begiun,M,80500,9999-01-01
91126,Constantijn,Piazza,F,40000,9999-01-01
91127,Phuoc,Baar,F,64893,9999-01-01
91139,Gererd,Quittner,M,62547,9999-01-01
91150,Kwee,Schaad,F,74637,9999-01-01
91153,Yefim,Clouatre,M,40000,9999-01-01
91187,Shigehito,Falby,M,86475,9999-01-01
91204,Wanqing,Shigei,M,47553,9999-01-01
90923,Raimond,Bhattacharjee,M,56684,9999-01-01
90925,Odinaldo,Bugrara,F,40000,9999-01-01
90931,Sadun,Rousseau,M,75102,9999-01-01
91217,Xuedong,Nilsson,F,56086,9999-01-01
90936,Xinglin,Yavatkar,M,92208,9999-01-01
91225,Pranjal,Mamelak,M,58877,9999-01-01
91227,Spyrose,Bala,M,40000,9999-01-01
91228,Hauke,Leijenhorst,M,54436,9999-01-01
90946,Arunas,Chaudhuri,F,40000,9999-01-01
91243,Mads,Anick,F,53083,9999-01-01
91246,Xiaoshan,Makrucki,M,46361,9999-01-01
90948,Gully,Matteis,M,40000,9999-01-01
90964,Basil,Kuszyk,M,40000,9999-01-01
91265,Somnath,Ohori,M,85948,9999-01-01
91270,Xiahua,Hiraishi,F,65288,9999-01-01
91274,Khalid,Gecsel,F,43353,9999-01-01
90975,Dulce,Brickell,M,40000,9999-01-01
91307,Gladys,Erva,F,59638,9999-01-01
91310,Gaurav,Kakkad,F,59605,9999-01-01
91314,Hilari,Fendler,M,50460,9999-01-01
90978,Ramya,Ouhyoung,F,55276,9999-01-01
90994,Xinyu,Merel,M,52831,9999-01-01
91325,Phillip,Beutelspacher,M,49253,9999-01-01
91341,Weiru,Fontan,M,40000,9999-01-01
91348,Basim,Muchinsky,F,40000,9999-01-01
90998,Jessie,Schwartzbauer,F,81503,9999-01-01
91350,Boriana,Murrill,M,44380,9999-01-01
91009,Minghong,Liedekerke,M,40000,9999-01-01
91365,Xudong,Caine,M,68564,9999-01-01
91367,Kerryn,Sluis,M,40000,9999-01-01
91018,Vitali,Binding,F,40000,9999-01-01
91373,Shigenori,Cusworth,M,87007,9999-01-01
91387,Shakhar,Jumpertz,F,40197,9999-01-01
91022,Alagu,Kropatsch,M,40000,9999-01-01
91395,Golgen,Aseltine,M,78789,9999-01-01
91023,Volkmar,Nitsche,F,49520,9999-01-01
91029,Navin,Crooks,F,78691,9999-01-01
91607,Josyula,Speckmann,F,40000,9999-01-01
91401,Taegyun,Fetvedt,M,40000,9999-01-01
91411,Chenyi,Keirsey,M,57593,9999-01-01
91413,Ekawit,Asser,M,40000,9999-01-01
91420,Jacqueline,Suppi,M,70312,9999-01-01
91424,Mabry,Talmon,M,40000,9999-01-01
91429,Shaunak,Pollock,M,76441,9999-01-01
91438,Feiyu,Comellas,M,40000,9999-01-01
91608,Sachio,Osgood,F,40000,9999-01-01
91451,Akeno,Savasere,F,40000,9999-01-01
91452,Nevio,Flasterstein,F,81767,9999-01-01
91614,Yechezkel,Wixon,M,40000,9999-01-01
91457,Volkmar,Schusler,F,85084,9999-01-01
91620,Jenwei,McDermid,F,40000,9999-01-01
91473,Gadiel,Kuzuoka,M,40000,9999-01-01
91475,Pranay,Raczkowsky,M,64386,9999-01-01
91623,Haldun,Manderick,M,40000,9999-01-01
91489,Leucio,Viele,M,40000,9999-01-01
91493,Filipe,Gien,F,43320,9999-01-01
91630,Saniya,Maquelin,M,54178,9999-01-01
91496,Sven,Casperson,M,55157,9999-01-01
91500,Bogdan,Kriebel,F,42243,9999-01-01
91506,Lillian,Isaac,F,91478,9999-01-01
91637,Gino,Menhoudj,F,70947,9999-01-01
91510,Chandrasekaran,Murthy,F,40000,9999-01-01
91516,Kolar,Bazzichi,M,53397,9999-01-01
91517,Serif,Hofstetter,M,81869,9999-01-01
91519,Danco,Panienski,M,40000,9999-01-01
91521,Akeel,Murthy,F,60815,9999-01-01
91638,Youjian,Siprelle,M,61328,9999-01-01
91527,Basant,Klerer,M,50492,9999-01-01
91656,Clyde,Collavizza,M,40000,9999-01-01
91541,Slavian,McFarlin,M,40000,9999-01-01
91557,Yuping,Gomatam,M,40000,9999-01-01
91563,Hugh,Munos,M,47996,9999-01-01
91566,Hongzue,Rohrbach,F,74683,9999-01-01
91675,Parke,Wrigley,F,80474,9999-01-01
91583,Dinkar,Kroft,M,66424,9999-01-01
91688,Vishv,Veevers,M,40000,9999-01-01
91694,Maha,Showalter,M,51244,9999-01-01
91774,Hugo,Pietracaprina,M,89162,9999-01-01
91775,Kristian,Nishimukai,F,49481,9999-01-01
91702,Kensei,Stanfel,F,44308,9999-01-01
91708,Mori,Bahi,M,40000,9999-01-01
91799,Dayanand,Gill,F,56114,9999-01-01
91802,Alassane,Meriste,F,63586,9999-01-01
91720,Phillip,Suwa,M,44672,9999-01-01
91807,Susuma,Masaki,F,40000,9999-01-01
91813,Zhiwei,Bernini,M,40000,9999-01-01
91820,Arunachalam,Hofman,F,50117,9999-01-01
91722,Yonghoan,Dolinsky,M,40000,9999-01-01
91746,Kiam,Cools,M,40000,9999-01-01
91845,Caolyn,Zeidenstein,F,45505,9999-01-01
91846,Subbu,Selvestrel,M,40000,9999-01-01
91850,Rasikan,Keirsey,M,40000,9999-01-01
91763,Abdulla,Gronowski,F,50283,9999-01-01
91871,Selwyn,Androutsos,M,40000,9999-01-01
92003,Martial,Matheson,F,47478,9999-01-01
91885,Fai,Moehrke,M,40000,9999-01-01
91888,Peer,Werthner,M,40000,9999-01-01
91898,Dines,Brlek,F,53445,9999-01-01
91903,Rosalie,Kaiser,M,46810,9999-01-01
91904,Cordelia,Penttonen,M,64913,9999-01-01
91908,Munenori,Kalsbeek,M,40000,9999-01-01
91912,Dzung,Marletta,F,40000,9999-01-01
91913,Alain,Hofmeyr,F,40000,9999-01-01
91927,Yongqiao,Valtorta,F,64389,9999-01-01
91932,Zhenhua,Crooks,M,40000,9999-01-01
91933,Alassane,Radivojevic,M,42252,9999-01-01
91947,Bikash,Slaats,F,40000,9999-01-01
91953,Nirmal,Luks,M,64003,9999-01-01
92027,Georg,Adachi,M,40000,9999-01-01
92043,Chriss,Lortz,M,59307,9999-01-01
92144,Ymte,Rosar,F,60310,9999-01-01
92053,Uri,Gonthier,F,79053,9999-01-01
92054,Gonzalo,Cooley,M,65403,9999-01-01
92063,Deniz,Olivero,M,52172,9999-01-01
92089,Youjian,Fiutem,M,44320,9999-01-01
92093,Ulises,Diderrich,M,72076,9999-01-01
92095,Ekawit,Pargaonkar,M,54158,9999-01-01
92117,Djelloul,Hammerschmidt,M,40239,9999-01-01
92133,Tran,Sommer,M,58003,9999-01-01
92136,Isaac,Kamber,F,48941,9999-01-01
92140,Heping,Khasidashvili,M,41628,9999-01-01
92338,Fun,Verspoor,M,40000,9999-01-01
92340,Berhard,Nitsch,F,45547,9999-01-01
92344,Paloma,Hanabata,M,40000,9999-01-01
92354,Chaosheng,Lammel,F,41560,9999-01-01
92373,Angus,Lupu,M,40000,9999-01-01
92385,Nagui,Armand,M,44386,9999-01-01
92415,Zorica,Lemarechal,M,60129,9999-01-01
92417,Aimee,Pollacia,F,59453,9999-01-01
92429,Mariusz,Yurov,F,40000,9999-01-01
92441,Shugo,Bennet,F,53324,9999-01-01
92442,Lenore,Birdsall,M,48790,9999-01-01
92466,Rajmohan,Varman,M,83883,9999-01-01
92145,Marl,Schueller,M,86009,9999-01-01
92479,Jinpo,Leuchs,M,40000,9999-01-01
92157,Ioana,Matzel,F,72728,9999-01-01
92485,Hein,Turnbull,F,55068,9999-01-01
92489,Bowen,Murthy,M,40000,9999-01-01
92185,Sarita,Cannane,M,68740,9999-01-01
92191,Conal,Ossenbruggen,F,40167,9999-01-01
92493,Constantijn,Merro,M,40000,9999-01-01
92508,Alassane,Baaz,M,40000,9999-01-01
92210,Kazuhito,Assaf,M,40000,9999-01-01
92513,Honesty,Asrin,F,55687,9999-01-01
92225,Make,Versino,M,79752,9999-01-01
92235,Leni,Bauknecht,M,40000,9999-01-01
92248,Alejandro,Liesche,M,43279,9999-01-01
92251,Jianhao,Furudate,M,64631,9999-01-01
92262,Danae,Imataki,M,46407,9999-01-01
92263,Takahiro,Spataro,F,42132,9999-01-01
92517,Mamdouh,Suessmith,M,40000,9999-01-01
92533,Martine,Eastman,M,40000,9999-01-01
92285,Mart,Benaini,F,61890,9999-01-01
92305,Srinidhi,Nooteboom,F,58467,9999-01-01
92313,Xudong,Setia,F,92546,9999-01-01
92322,Jolita,Grospietsch,F,40000,9999-01-01
92323,Florina,Azuma,M,67140,9999-01-01
92535,Sarita,Pero,F,64712,9999-01-01
92536,Nitsan,Rouquie,F,59854,9999-01-01
92563,Kensyu,Ranze,M,49734,9999-01-01
92592,Kirk,Lorho,F,76317,9999-01-01
92627,Xiaoshan,Yurek,F,60034,9999-01-01
92720,Sungwon,Bondorf,F,59377,9999-01-01
92637,Adhemar,Denos,F,57104,9999-01-01
92644,Hideo,Baig,M,40000,9999-01-01
92646,Xianlong,Fadgyas,F,66314,9999-01-01
92652,Pramod,Mansanne,F,40000,9999-01-01
92667,Aloke,Takanami,F,75466,9999-01-01
92757,Valery,Waymire,M,59745,9999-01-01
92683,Kwan,Bouloucos,M,40000,9999-01-01
92770,Sudharsan,Braunmuhl,M,46554,9999-01-01
92688,Mitsuyuki,Schahn,F,79400,9999-01-01
92776,Elzbieta,Schapiro,M,74897,9999-01-01
92690,Jackson,Yurov,M,52299,9999-01-01
92785,Lunjin,Underwood,M,40000,9999-01-01
92888,Chanjung,Capobianchi,F,47910,9999-01-01
92796,Susumu,Tagansky,F,43935,9999-01-01
92898,Gil,Ghazalie,F,68060,9999-01-01
92801,Marco,Vrecion,M,46452,9999-01-01
92802,Alair,Luks,F,76564,9999-01-01
92945,Marlo,Tyugu,M,92271,9999-01-01
92808,Hinrich,Junet,F,40000,9999-01-01
92821,Ute,Journel,M,47254,9999-01-01
92829,Nechama,Kalefeld,M,50087,9999-01-01
92833,Jeanna,Jullig,M,47336,9999-01-01
92835,Freyja,Godskesen,M,56357,9999-01-01
92842,Maris,Lorie,F,40000,9999-01-01
92946,Yannik,Thombley,F,52852,9999-01-01
92950,Weiru,Kushner,F,40386,9999-01-01
92959,Trygve,Honiden,M,49541,9999-01-01
92870,Atilio,Imataki,F,47261,9999-01-01
92961,Youjian,Speek,M,57513,9999-01-01
92878,Phule,Birjandi,M,78958,9999-01-01
92879,Mana,Hellwagner,M,49087,9999-01-01
92965,Weiye,Salinas,F,56969,9999-01-01
92968,Moriyoshi,Gecseg,F,40000,9999-01-01
92972,Marjo,Ramamoorthy,M,41684,9999-01-01
92977,Alair,Naumovich,F,67607,9999-01-01
92980,Quingbo,Kakkad,M,50216,9999-01-01
93080,Amstein,Heering,F,88350,9999-01-01
92983,Masoud,Rosca,M,48444,9999-01-01
92987,Kiyotoshi,Emden,M,56600,9999-01-01
93085,Evgueni,Parhami,F,59899,9999-01-01
93086,Arco,Lubachevsky,M,44885,9999-01-01
93001,Kersti,Pusterhofer,M,70062,9999-01-01
93095,Sushant,Krider,F,45023,9999-01-01
93017,Gian,Terkki,F,40000,9999-01-01
93102,Magdalena,Barvinok,F,40000,9999-01-01
93103,Ramya,Kermarrec,F,40000,9999-01-01
93107,Martien,Buchter,F,43059,9999-01-01
93108,Danny,Dayang,M,40000,9999-01-01
93120,Maria,Calkin,F,40000,9999-01-01
93123,Kirk,Shackel,M,50787,9999-01-01
93130,Kwun,Neimat,M,90388,9999-01-01
93143,Tonia,Makinen,M,43377,9999-01-01
93020,Masako,Fraisse,M,44947,9999-01-01
93150,Piyush,Papsdorf,M,60559,9999-01-01
93160,Trygve,Hinsberger,F,55396,9999-01-01
93161,Giao,Garrabrants,F,81897,9999-01-01
93164,Frazer,Ruemmler,M,52877,9999-01-01
93038,Chenyi,Michaeli,M,68017,9999-01-01
93183,Kenton,Marzano,F,47299,9999-01-01
93189,Neven,Dalton,M,43919,9999-01-01
93195,Domenico,Baak,F,40000,9999-01-01
93197,Arie,Magliocco,F,91424,9999-01-01
93203,Danel,Zizka,F,45304,9999-01-01
93039,Martijn,Heiserman,M,58307,9999-01-01
93219,Dulce,Kolinko,F,40000,9999-01-01
93221,Sanjit,McDermid,M,50551,9999-01-01
93224,Shigeo,Gonthier,F,69126,9999-01-01
93241,Juichirou,Borstler,M,72731,9999-01-01
93049,Christoper,Ananiadou,F,45717,9999-01-01
93061,Cheong,Matteis,M,53754,9999-01-01
93436,Ung,Crooks,M,40779,9999-01-01
93254,Shigeo,Cichocki,F,63450,9999-01-01
93261,Pintsang,Luca,M,44298,9999-01-01
93273,Eberhardt,Schwartzbauer,M,40000,9999-01-01
93291,Kasidit,Hofstetter,M,60896,9999-01-01
93296,Baoqiu,Montresor,M,64693,9999-01-01
93299,Hatsukazu,Swist,F,65191,9999-01-01
93445,Shahaf,Imataki,F,40000,9999-01-01
93314,Carrsten,Beeson,F,40000,9999-01-01
93447,Gregory,Standera,F,40000,9999-01-01
93321,Masako,Nivat,F,66526,9999-01-01
93450,Jiakeng,Kieras,M,68059,9999-01-01
93329,Shirish,Anily,M,82724,9999-01-01
93344,Bernardo,Escriba,F,74129,9999-01-01
93451,Elliott,Staudhammer,M,53522,9999-01-01
93357,Padma,Prochazka,M,64343,9999-01-01
93359,Elliott,Takanami,M,62448,9999-01-01
93366,Heejo,Schach,M,71579,9999-01-01
93454,Subhada,Munawer,M,41033,9999-01-01
93455,Tsutomu,Hashii,F,59917,9999-01-01
93385,Sibyl,Marrakchi,F,40000,9999-01-01
93389,Sungwon,Hooghiemstra,F,48553,9999-01-01
93396,Giap,Penn,M,40000,9999-01-01
93399,Rosalie,Bennet,M,40000,9999-01-01
93405,Tamiya,Marrevee,M,53039,9999-01-01
93412,Sivanarayana,Sinicrope,F,62485,9999-01-01
93416,Naftaly,Flowers,M,69930,9999-01-01
93422,Nathan,Stiles,M,52497,9999-01-01
93426,Olivera,Kambil,M,40000,9999-01-01
93430,Golgen,Baar,M,90656,9999-01-01
93433,Abdelkader,Tchuente,M,88427,9999-01-01
93634,Dietrich,Chelton,M,53040,9999-01-01
93653,Filipp,Greenaway,M,40000,9999-01-01
93670,Djelloul,Pulkowski,M,54647,9999-01-01
93458,Jagoda,Pero,M,45840,9999-01-01
93682,Mari,Mukaidono,M,40408,9999-01-01
93686,Zhiwei,Radivojevic,M,40000,9999-01-01
93491,Margo,Heinisuo,F,40000,9999-01-01
93718,Moie,Kropf,F,40000,9999-01-01
93721,Supot,Isaak,M,50876,9999-01-01
93722,Tetsurou,Kavraki,F,58350,9999-01-01
93492,Lenore,Yetim,M,40000,9999-01-01
93729,Maik,Sadowsky,F,40000,9999-01-01
93730,Aemilian,Noriega,M,57937,9999-01-01
93495,Lunjin,Gill,F,41835,9999-01-01
93735,Bernice,Krichel,M,51788,9999-01-01
93742,Shay,Ushiama,F,65129,9999-01-01
93745,Mandell,Schrooten,M,41972,9999-01-01
93747,Martina,Christ,F,54442,9999-01-01
93509,Lijie,Perl,M,40000,9999-01-01
93754,Xianlong,Ernst,M,51626,9999-01-01
93763,Kazuhisa,Jullig,F,82505,9999-01-01
93512,Rutger,Ramras,M,44544,9999-01-01
93519,Bartek,Kolinko,M,58520,9999-01-01
93778,Genki,Waterhouse,M,41371,9999-01-01
93785,Francesca,VanScheik,M,45564,9999-01-01
93520,Angel,Unni,M,43894,9999-01-01
93536,Zhonghua,Zongker,M,54589,9999-01-01
93796,Zhonghua,Armand,F,46673,9999-01-01
93798,Monique,Azumi,F,68796,9999-01-01
93539,Stevo,Heystek,M,73867,9999-01-01
93540,Vitali,Thebaut,F,40000,9999-01-01
93551,Sanjay,Shrader,M,72440,9999-01-01
93813,Giordano,Janetzko,M,66154,9999-01-01
93553,Maris,Swist,F,66269,9999-01-01
93825,Rosella,Mitsuhashi,F,83974,9999-01-01
93846,Parke,Bratten,F,44861,9999-01-01
93854,Constantine,Rosaz,M,40000,9999-01-01
93561,Mario,Takkinen,F,80036,9999-01-01
93576,Xuedong,Thorensen,F,70898,9999-01-01
93869,Lijie,Maccarone,F,42219,9999-01-01
93601,Leucio,Piveteau,M,47561,9999-01-01
93887,Zdislav,Sidou,M,40000,9999-01-01
93603,Moon,Gniady,M,40000,9999-01-01
93611,Mizuhito,Gronowski,F,47845,9999-01-01
93995,Saeed,Luon,M,40000,9999-01-01
93915,Genevieve,Waymire,F,40000,9999-01-01
93921,Chuanti,Driscoll,M,51567,9999-01-01
94008,Sumali,Itzfeldt,F,71411,9999-01-01
93928,Tomoyuki,Axelband,F,97546,9999-01-01
93932,Giap,Parveen,M,67638,9999-01-01
94028,Bernt,Fraisse,F,58868,9999-01-01
93938,Boutros,Veeraraghavan,F,117948,9999-01-01
93942,Thanasis,Tiemann,F,40000,9999-01-01
93947,Toshiki,Heyers,F,40553,9999-01-01
94030,Masato,Shobatake,F,40000,9999-01-01
94032,Jinya,Katiyar,M,49006,9999-01-01
93958,Morrie,Cyre,M,40000,9999-01-01
93960,Xianlong,Seghrouchni,F,79786,9999-01-01
94034,Vasilis,Riesenhuber,F,40000,9999-01-01
93964,Shimshon,Chelton,M,47440,9999-01-01
94042,Yonghoan,Bruckman,F,76816,9999-01-01
94046,Valeska,Nourani,M,63968,9999-01-01
93975,Gererd,Calkin,M,50598,9999-01-01
93976,Demin,Dengi,F,43871,9999-01-01
94062,Maia,Genther,M,40000,9999-01-01
93984,Saniya,Journel,F,40000,9999-01-01
93986,Elzbieta,Perry,F,74080,9999-01-01
94118,Gina,Ellozy,F,40000,9999-01-01
94120,Limsoon,Ohori,M,40000,9999-01-01
94142,Weiyi,Avouris,M,52579,9999-01-01
94195,Arch,Rabehasaina,M,40000,9999-01-01
94143,Bartek,Argence,F,40000,9999-01-01
94200,Mahendra,Michaeli,M,56983,9999-01-01
94150,Geoffrey,Eiron,M,81171,9999-01-01
94201,Mana,Fabrizio,F,57010,9999-01-01
94206,Denis,Cooley,M,57305,9999-01-01
94156,Kristen,Norsworthy,M,50660,9999-01-01
94208,Kaijung,Lienhardt,F,56654,9999-01-01
94210,Ekawit,Pouyioutas,M,61007,9999-01-01
94161,Sajjad,Zuberek,M,47335,9999-01-01
94211,Martins,Yurov,F,41359,9999-01-01
94164,Frazer,Naumovich,F,59615,9999-01-01
94170,Bader,Yoshimura,F,40000,9999-01-01
94172,Ronnie,Bage,F,74442,9999-01-01
94229,Shen,Thambidurai,M,59707,9999-01-01
94364,Heon,Heping,M,40000,9999-01-01
94239,Divier,Rosiles,M,40000,9999-01-01
94388,Zvonko,Denos,M,48919,9999-01-01
94260,Shooichi,Marquardt,M,63630,9999-01-01
94405,Ramalingam,Escriba,F,56322,9999-01-01
94270,Serge,Heuser,F,47324,9999-01-01
94410,Iara,Schieder,M,58035,9999-01-01
94419,Felicidad,Socorro,F,40000,9999-01-01
94281,Rutger,Peres,M,40000,9999-01-01
94285,Goa,Munro,M,40000,9999-01-01
94422,Ayakannu,Fortenbacher,F,59735,9999-01-01
94287,Kiyokazu,Buchter,M,56942,9999-01-01
94288,Michaela,Monarch,F,40168,9999-01-01
94425,Kersti,Nergos,M,69211,9999-01-01
94293,Susuma,Qiwen,M,40000,9999-01-01
94438,Demos,Lueh,M,40000,9999-01-01
94462,Sadegh,Lukaszewicz,M,64764,9999-01-01
94309,Tomoyuki,Zobel,M,58503,9999-01-01
94313,Menkae,Birdsall,F,40000,9999-01-01
94464,Weicheng,Alameldin,F,40000,9999-01-01
94320,Kirk,Papsdorf,F,40000,9999-01-01
94465,Huiqun,Dalphin,F,40000,9999-01-01
94322,Ronnie,Moffat,M,55093,9999-01-01
94469,Moto,Fendler,F,50405,9999-01-01
94480,Remzi,Majewski,M,46941,9999-01-01
94332,Teiji,Sudbeck,M,70419,9999-01-01
94496,Sungwon,Akiyama,M,40414,9999-01-01
94341,Bokyung,Serre,F,43773,9999-01-01
94342,Ramalingam,Demizu,F,40000,9999-01-01
94516,Toong,Rassart,F,57736,9999-01-01
94354,Aleksandar,Apsitis,M,43522,9999-01-01
94521,Deborah,Schlegelmilch,M,57799,9999-01-01
94525,Sadok,Brookner,F,40000,9999-01-01
94531,Kannan,Bahl,M,49858,9999-01-01
94539,Kerryn,Tyugu,M,40000,9999-01-01
94732,Heping,Eiter,M,40673,9999-01-01
94734,Bingning,Anguita,F,70247,9999-01-01
94735,Rosine,Peak,M,45032,9999-01-01
94736,Visit,Trelles,F,40000,9999-01-01
94743,Jinxi,Reinhard,F,51818,9999-01-01
94745,Genki,Leslie,F,40000,9999-01-01
94574,Abdelghani,Dulli,F,41871,9999-01-01
94582,Willard,Baar,F,56843,9999-01-01
94589,Sibyl,Heusch,M,40000,9999-01-01
94592,Sven,Boudaillier,M,52369,9999-01-01
94596,Nahid,Biros,M,45491,9999-01-01
94603,Fox,Kuszyk,M,46637,9999-01-01
94606,Berni,Casley,F,67274,9999-01-01
94625,Kwangyoen,Kalorkoti,M,46820,9999-01-01
94769,Guozhong,Montemayor,M,41393,9999-01-01
94637,Kazuhira,Terekhov,M,67951,9999-01-01
94775,Moie,Kilgore,F,77750,9999-01-01
94815,Kwun,Dusink,F,46691,9999-01-01
94658,Basil,Kaelbling,M,93862,9999-01-01
94665,Nirmal,Talmon,F,52641,9999-01-01
94666,Gudjon,Denti,M,59634,9999-01-01
94667,Naraig,Rebaine,M,40000,9999-01-01
94822,Marit,Parascandalo,F,64435,9999-01-01
94680,Teruyuki,Baja,F,49933,9999-01-01
94681,Nigel,Clemencon,M,45741,9999-01-01
94684,Subbu,Stiles,M,48058,9999-01-01
94828,Anoosh,Dahlbom,F,40000,9999-01-01
94833,Miyeon,Kleiser,M,74499,9999-01-01
94838,Howell,Czap,M,56605,9999-01-01
94704,Rimon,Thombley,M,43336,9999-01-01
94849,Shao,Koshino,F,74677,9999-01-01
94709,Brewster,Lemarechal,M,40000,9999-01-01
94710,Anneke,Schrooten,F,79794,9999-01-01
94862,Gro,Baek,M,40000,9999-01-01
94864,Boriana,Cronin,M,55708,9999-01-01
94871,Kasidit,Chenney,F,94395,9999-01-01
94885,Vidya,Detkin,M,41658,9999-01-01
94890,Mayuri,Piancastelli,F,70621,9999-01-01
94898,Kristof,Vandervoorde,F,40849,9999-01-01
94900,Atilio,Zyda,M,40000,9999-01-01
94914,Ranan,Preusig,F,88459,9999-01-01
94918,Domenico,Pews,M,40000,9999-01-01
94920,Gretta,Birrer,F,40000,9999-01-01
95116,Oguz,Lorys,F,40000,9999-01-01
94922,Shaowen,Neimat,F,66493,9999-01-01
94935,Christophe,Wynblatt,M,66082,9999-01-01
95133,Shiv,Strandh,F,40000,9999-01-01
94950,Duke,Hofman,M,40000,9999-01-01
95147,Shietung,Gecsel,M,40000,9999-01-01
94957,Roselyn,Genther,F,44504,9999-01-01
95152,Sarita,Riefers,F,53183,9999-01-01
95153,Guangming,Kawashima,M,57490,9999-01-01
95159,Yechiam,Kusalik,M,54297,9999-01-01
95190,Elgin,Onuegbe,M,40000,9999-01-01
94987,Kazuhira,Berendt,M,40793,9999-01-01
94988,Martina,Improta,M,40000,9999-01-01
94998,Goh,Koblitz,M,40000,9999-01-01
95000,Mario,Weiland,M,44372,9999-01-01
95001,Berhard,Kalloufi,F,63565,9999-01-01
95200,Guenter,Kalefeld,M,56950,9999-01-01
95003,Eberhardt,Baba,M,40000,9999-01-01
95212,Feipei,Kobara,M,40000,9999-01-01
95219,Shaw,Porenta,M,62262,9999-01-01
95223,Torsten,Quittner,M,40000,9999-01-01
95036,Christfried,Sessa,M,73520,9999-01-01
95232,Atreyi,Ernst,F,40000,9999-01-01
95046,Bogdan,Spinelli,M,62929,9999-01-01
95248,Tsuneo,Akaboshi,M,41712,9999-01-01
95056,Serif,Terekhov,M,40000,9999-01-01
95256,Xiaocheng,Hennings,M,40000,9999-01-01
95071,Toney,Isaak,M,71327,9999-01-01
95257,Shih,Ratzlaff,F,40000,9999-01-01
95277,Gina,Gist,F,43492,9999-01-01
95085,Rosella,Hasham,M,59923,9999-01-01
95278,Roselyn,Seghrouchni,F,40000,9999-01-01
95281,Kensyu,Savasere,M,67202,9999-01-01
95283,Kwee,Peak,M,47865,9999-01-01
95285,Dipayan,Muhling,M,78422,9999-01-01
95473,Roselyn,Wallrath,F,49930,9999-01-01
95474,Guiseppe,Akazan,F,40000,9999-01-01
95487,Val,Khamsi,M,40000,9999-01-01
95503,Pranay,Pulkowski,M,40000,9999-01-01
95289,Teunis,Coombs,F,43027,9999-01-01
95505,Tsz,Cooley,F,61163,9999-01-01
95294,Dulce,Bain,M,59900,9999-01-01
95510,Mototsugu,Christ,M,50472,9999-01-01
95511,Sedat,Salvesen,M,40000,9999-01-01
95520,Jingling,Birsak,M,51994,9999-01-01
95541,Chinho,Whitcomb,M,40000,9999-01-01
95317,Srinidhi,Rosis,M,67675,9999-01-01
95322,Remzi,Demizu,M,66323,9999-01-01
95323,Patricia,Makinen,M,40000,9999-01-01
95549,Arun,Sooriamurthi,F,64973,9999-01-01
95558,Vasiliy,Etalle,M,44781,9999-01-01
95564,Elliott,Kading,M,46279,9999-01-01
95346,Jouko,Heering,M,70408,9999-01-01
95570,Gregory,Kadhim,M,43107,9999-01-01
95584,Arumugam,Herbst,F,56631,9999-01-01
95362,Yonghong,Zyda,M,64753,9999-01-01
95365,Xuejia,Sichman,F,40000,9999-01-01
95601,Vincent,Guting,F,94574,9999-01-01
95368,Arco,Sichman,M,45031,9999-01-01
95376,Vishu,Docker,M,59216,9999-01-01
95602,Shounak,Litvinov,M,53992,9999-01-01
95625,Bogdan,Negoita,F,48311,9999-01-01
95389,Lunjin,Lund,M,73560,9999-01-01
95393,Udaiprakash,Magliocco,M,40000,9999-01-01
95644,Oddvar,Cusworth,M,40000,9999-01-01
95405,Phillip,Ellozy,F,68430,9999-01-01
95645,Sudharsan,Binkley,M,66241,9999-01-01
95647,Francoise,Cheshire,F,63045,9999-01-01
95662,Martien,Spell,M,43669,9999-01-01
95427,George,Braunmuhl,M,40000,9999-01-01
95428,Shuzo,Conde,F,72748,9999-01-01
95431,Anyuan,Braunmuhl,M,50083,9999-01-01
95670,Shaleah,Krybus,F,59473,9999-01-01
95696,Akemi,Schaft,F,45811,9999-01-01
95452,Almudena,Rissland,M,40000,9999-01-01
95460,Bedir,Oskamp,M,40000,9999-01-01
95702,Nakhoon,Gargeya,M,40000,9999-01-01
95470,Roddy,Gajiwala,M,66763,9999-01-01
95714,Doohun,Kaiserswerth,M,40000,9999-01-01
95735,Mircea,Rande,M,50505,9999-01-01
95736,Nahum,Glinert,M,47079,9999-01-01
95841,Mamdouh,Kampfer,M,40307,9999-01-01
95743,Nikolaos,Selvestrel,M,68483,9999-01-01
95746,Piyawadee,Rodham,M,55627,9999-01-01
95853,Manton,Flasterstein,F,40000,9999-01-01
95767,Muzhong,Schmiedel,F,40000,9999-01-01
95866,Kitty,Angot,F,79443,9999-01-01
95772,Ziva,Sinicrope,F,72147,9999-01-01
95867,Shakhar,Meszaros,F,49712,9999-01-01
95775,Nobuyoshi,Kading,M,40000,9999-01-01
95786,Dharmaraja,Peral,M,57491,9999-01-01
95883,Eirik,Koshiba,F,60942,9999-01-01
95886,Gift,Hanratty,F,40000,9999-01-01
95787,Chinhyun,Lueh,M,76187,9999-01-01
95890,Leni,Baba,F,40000,9999-01-01
95798,Berry,Stemann,F,50007,9999-01-01
95891,Jinya,Mondadori,F,46470,9999-01-01
95893,Aleksander,Ossenbruggen,M,50783,9999-01-01
95898,Brewster,Schaad,M,41703,9999-01-01
95902,Adin,Mikschl,M,81491,9999-01-01
95923,Richard,Rijsenbrij,M,40000,9999-01-01
95939,Kiyokazu,Ozeri,M,66962,9999-01-01
95943,Guozhong,Luit,M,63618,9999-01-01
95946,Kellie,Ertl,F,55774,9999-01-01
95804,Otmar,Luce,F,47038,9999-01-01
95820,Hyuckchul,Perri,F,40000,9999-01-01
95969,Quingbo,Schwaller,M,55583,9999-01-01
95822,Divine,Teitelbaum,M,40000,9999-01-01
95835,Mori,Rajcani,F,40134,9999-01-01
95985,Subbu,Orsini,F,41423,9999-01-01
96046,Urs,Alpin,F,40000,9999-01-01
95992,Hirochika,Jenevein,M,42134,9999-01-01
95999,Owen,Murillo,M,89717,9999-01-01
96010,Masanao,Peron,F,69012,9999-01-01
96059,Valter,Mandell,F,40000,9999-01-01
96016,Giao,Falco,F,58445,9999-01-01
96069,Yahiko,Einsfeld,F,47381,9999-01-01
96083,Khalil,Muchinsky,F,47965,9999-01-01
96084,Hauke,Piazza,M,69820,9999-01-01
96085,Shin,Leuchs,M,55650,9999-01-01
96099,Roded,Ritzmann,M,63686,9999-01-01
96224,Manu,Panienski,M,40000,9999-01-01
96107,Luise,Geffroy,F,53122,9999-01-01
96108,Hatsukazu,Krychniak,F,50955,9999-01-01
96109,Jasminko,Chappelet,F,77982,9999-01-01
96122,Muzhong,Onuegbe,M,87889,9999-01-01
96124,Guenter,Benantar,M,55624,9999-01-01
96129,Aloys,Alvarado,F,66470,9999-01-01
96132,Sachem,Wroclawski,M,40147,9999-01-01
96138,Lidong,Ghalwash,F,40000,9999-01-01
96276,Luisa,Wossner,M,40000,9999-01-01
96139,Constantijn,Pell,M,40993,9999-01-01
96157,Kwangyoen,Haldar,F,40000,9999-01-01
96161,Hugh,Riesenhuber,F,51915,9999-01-01
96298,Martial,Marakhovsky,F,63321,9999-01-01
96299,Cullen,Perko,M,40000,9999-01-01
96162,Tokuyasu,Dehkordi,M,40000,9999-01-01
96169,Roselyn,Bharadwaj,M,49904,9999-01-01
96304,Kristof,Stassinopoulos,M,40227,9999-01-01
96308,Nigel,Aingworth,M,94821,9999-01-01
96174,Aral,Junot,M,58482,9999-01-01
96311,Candido,Riesenhuber,F,51609,9999-01-01
96196,Berthier,Zambonelli,F,45838,9999-01-01
96318,Berhard,Andreotta,M,41305,9999-01-01
96197,Yechiam,Himler,M,40000,9999-01-01
96324,Alejandro,Bharadwaj,F,58158,9999-01-01
96201,Suvo,Guting,M,49635,9999-01-01
96405,Subbu,Barreiro,M,65706,9999-01-01
96341,Nidapan,Ranai,F,45843,9999-01-01
96342,Pranjal,Manders,F,42157,9999-01-01
96346,Gian,Pettis,M,70496,9999-01-01
96417,Bouchung,Akiyama,M,40000,9999-01-01
96432,Taisook,Raoux,M,40000,9999-01-01
96371,Gunilla,Wilharm,M,56363,9999-01-01
96433,Mantis,Vecchio,F,45865,9999-01-01
96440,Guangming,Skogmar,M,65331,9999-01-01
96376,Sachio,Stassinopoulos,M,40000,9999-01-01
96459,Bojan,Matheson,F,44096,9999-01-01
96499,Arvin,Mitina,F,72165,9999-01-01
96506,Ferdinand,Schicker,M,40000,9999-01-01
96587,Yaghout,Kobara,M,40000,9999-01-01
96521,Gro,Imataki,F,71383,9999-01-01
96592,Persi,Shiratori,M,42461,9999-01-01
96524,George,Brodie,F,40000,9999-01-01
96599,Kwee,Salverda,M,40000,9999-01-01
96603,Zissis,Markovitch,F,54523,9999-01-01
96534,Fumiyo,Leslie,F,40000,9999-01-01
96604,Jiong,Panienski,M,70970,9999-01-01
96556,Guttorm,Penn,F,82186,9999-01-01
96609,Bowen,Kemmerer,M,40000,9999-01-01
96617,Shirish,Peak,F,86569,9999-01-01
96560,Parto,Kushner,M,40000,9999-01-01
96629,Arie,Reutenauer,F,51436,9999-01-01
96630,Danai,Porenta,M,82761,9999-01-01
96562,Abdulah,Ghemri,M,51945,9999-01-01
96766,Van,Trachtenberg,M,40000,9999-01-01
96646,Kiam,Shobatake,F,44423,9999-01-01
96648,Josyula,Perez,M,69830,9999-01-01
96649,Ishfaq,Veeraraghavan,F,48990,9999-01-01
96769,Arun,Parascandalo,M,84017,9999-01-01
96770,Shirish,Solovay,F,68686,9999-01-01
96780,Olivera,Heuter,M,48095,9999-01-01
96673,Hironobu,Oxman,F,44900,9999-01-01
96819,Flemming,Petersohn,M,71896,9999-01-01
96689,Emdad,Roohalamini,F,40000,9999-01-01
96704,Baziley,Koshino,M,42073,9999-01-01
96844,Tommaso,Maliniak,M,40000,9999-01-01
96717,Christophe,Vanwelkenhuysen,M,64267,9999-01-01
96848,Khalid,Ranst,F,40000,9999-01-01
96724,Kyoichi,Litzler,M,65437,9999-01-01
96853,Maha,Rissanen,M,40000,9999-01-01
96865,Josyula,Ulupinar,F,53282,9999-01-01
96735,Zejun,Conti,M,48842,9999-01-01
96897,Xiaobin,Willoner,M,40000,9999-01-01
96753,Claude,Giveon,M,71816,9999-01-01
96900,Dekang,Solovay,F,40000,9999-01-01
96902,Khalil,Ozeki,F,49927,9999-01-01
96907,Masamitsu,Hiraishi,F,69766,9999-01-01
96911,Hirochika,Jeansoulin,M,89959,9999-01-01
96919,Khaled,Granlund,M,40000,9999-01-01
96921,Along,Waymire,M,40000,9999-01-01
96946,Mikhail,Kakkar,F,59070,9999-01-01
96958,Shaowen,Shihab,M,52620,9999-01-01
96965,Marjo,Riexinger,F,62399,9999-01-01
97136,Bartek,Clouatre,F,42860,9999-01-01
96977,Mabo,Pavlopoulou,M,40000,9999-01-01
97141,Shaowei,Jording,F,50302,9999-01-01
96982,Junsik,Beeson,F,53084,9999-01-01
97184,Geoffry,Perl,M,40231,9999-01-01
96989,Youpyo,Shobatake,F,58408,9999-01-01
96996,Hideo,Validov,M,61983,9999-01-01
97015,Snehasis,Asser,F,40000,9999-01-01
97194,Dannz,Ozery,M,56146,9999-01-01
97205,Zhenhua,Baar,M,52186,9999-01-01
97208,Leif,Gelosh,M,58419,9999-01-01
97038,Sergi,Krider,M,56332,9999-01-01
97216,Suvo,Waschkowski,M,92001,9999-01-01
97045,Hyuncheol,Isaak,F,40000,9999-01-01
97223,Zejun,Wuwongse,M,40000,9999-01-01
97225,Adam,Erez,F,40000,9999-01-01
97235,Karsten,Morrin,F,40000,9999-01-01
97240,Yongmin,Krogh,M,73756,9999-01-01
97241,Maik,Decaestecker,M,40000,9999-01-01
97077,Subbu,Fontan,F,40000,9999-01-01
97252,Saniya,Markovitch,F,40000,9999-01-01
97081,Nimmagadda,Covnot,M,54550,9999-01-01
97262,Miomir,Esteva,F,63332,9999-01-01
97088,Luise,Gronowski,F,63738,9999-01-01
97089,Magy,Georg,M,59183,9999-01-01
97091,Juichirou,Frijda,M,64700,9999-01-01
97264,Ennio,Roisin,M,59002,9999-01-01
97099,Chinya,Kaiserswerth,M,53077,9999-01-01
97104,Chiranjit,Ashish,F,60436,9999-01-01
97114,Paraskevi,Monkewich,M,59226,9999-01-01
97122,Yoshinari,Cullers,M,76586,9999-01-01
97123,Basim,Suppi,F,46861,9999-01-01
97126,Nitsan,Heyers,F,64243,9999-01-01
97135,Mechthild,Underwood,F,54137,9999-01-01
97275,Jiakeng,Kemmerer,F,40000,9999-01-01
97287,Chanjung,Rajala,M,40000,9999-01-01
97315,Hironoby,Hoogerwoord,M,40000,9999-01-01
97335,Demin,Haddadi,F,54629,9999-01-01
97340,Vishu,Hiyoshi,M,82500,9999-01-01
97341,Foong,Bamford,M,60251,9999-01-01
97354,Piyush,Werthner,M,40000,9999-01-01
97355,Hideo,Warwick,F,62730,9999-01-01
97512,Djelloul,DeMori,F,40000,9999-01-01
97366,Mantis,Gimbel,F,42357,9999-01-01
97374,Kotesh,Strandh,M,54926,9999-01-01
97375,Nevio,Hofstetter,M,64676,9999-01-01
97390,Angus,Masaki,F,40000,9999-01-01
97404,Serif,Bennet,M,64759,9999-01-01
97523,Bikash,Suppi,M,50418,9999-01-01
97525,Shih,Krider,F,67590,9999-01-01
97540,Lubomir,Brodal,F,40000,9999-01-01
97428,Rildo,Sankaranarayanan,M,68337,9999-01-01
97571,Guoxiang,Itzigehl,M,73188,9999-01-01
97446,Shietung,Christianini,M,48118,9999-01-01
97452,Krister,Sridhar,M,40000,9999-01-01
97575,Nahum,Maksimenko,M,40000,9999-01-01
97577,Masato,Perna,F,54210,9999-01-01
97466,Valdiodio,Marwedel,M,91912,9999-01-01
97468,Ramalingam,Barvinok,F,85738,9999-01-01
97606,Uzi,Conti,M,40000,9999-01-01
97618,Oguz,Dayang,M,41311,9999-01-01
97492,Dante,Schnabel,F,76119,9999-01-01
97494,Mariangiola,Daescu,M,40000,9999-01-01
97495,Satyanarayana,Fadgyas,F,40000,9999-01-01
97620,Duangkaew,Debuse,M,40000,9999-01-01
97627,Koichi,Ecklund,M,42391,9999-01-01
97628,Xiaobin,Luck,F,40000,9999-01-01
97643,Sigeru,Nannarelli,M,55745,9999-01-01
97648,Suvo,Kornyak,M,49044,9999-01-01
97660,Mantis,Pramanik,F,42397,9999-01-01
97694,Girolamo,Cummings,M,45942,9999-01-01
97695,Sreekrishna,Fendler,F,100779,9999-01-01
97670,Flemming,Yurek,M,58582,9999-01-01
97704,Zhiwei,Imataki,F,53593,9999-01-01
97706,Remzi,Erdmenger,F,51491,9999-01-01
97677,Taegyun,Poulakidas,F,81061,9999-01-01
97680,Shaowei,Ravishankar,F,40000,9999-01-01
97682,Alejandra,Gulik,M,41892,9999-01-01
97723,Gou,Mapelli,M,65936,9999-01-01
97885,Seshu,Edelhoff,M,104622,9999-01-01
97724,Jagoda,Pezzoli,M,40000,9999-01-01
97726,Guther,Veevers,M,56947,9999-01-01
97730,Shooichi,Smeets,M,40000,9999-01-01
97740,Stevo,Bernardinello,F,65137,9999-01-01
97886,Mario,Chartres,M,40000,9999-01-01
97900,Ranan,Passafiume,M,51617,9999-01-01
97913,Saeko,Staylopatis,M,40000,9999-01-01
97770,Horward,Keustermans,M,68732,9999-01-01
97918,Adel,Pollacia,F,66931,9999-01-01
97775,Maren,Mahmud,F,40000,9999-01-01
97923,Haldon,Lienhardt,F,76133,9999-01-01
97781,Divine,Neimat,M,43812,9999-01-01
97925,Kwok,Beeson,M,43149,9999-01-01
97782,Taiji,Openshaw,F,40000,9999-01-01
97938,Aiichiro,Plavsic,F,69134,9999-01-01
97796,Jacopo,Schoegge,M,52247,9999-01-01
97948,Henk,Geffroy,M,40000,9999-01-01
97803,Randy,Keirsey,M,71349,9999-01-01
97985,Dekang,Botman,F,54124,9999-01-01
97824,Pantung,Yoshimura,F,40000,9999-01-01
98009,Piyawadee,Schoegge,M,72309,9999-01-01
97833,Arunachalam,Kuhnemann,M,40841,9999-01-01
97843,Barna,Lenart,F,40000,9999-01-01
98017,Sachio,Gils,F,91096,9999-01-01
97848,Takanari,Unni,M,79179,9999-01-01
98018,Yongdong,Pileggi,M,50503,9999-01-01
97853,Huiqun,Scharstein,M,43901,9999-01-01
98028,Rafols,Shackel,M,40000,9999-01-01
98038,Mack,Peron,M,40000,9999-01-01
97870,Leah,Socorro,F,54630,9999-01-01
98047,Gill,Nitsche,M,40000,9999-01-01
98050,Huai,Angel,M,40000,9999-01-01
98052,JoAnne,Binding,F,47290,9999-01-01
98054,Berry,Conry,M,52842,9999-01-01
98060,Tzvetan,Speckmann,M,78298,9999-01-01
98247,Shakhar,Skafidas,M,40000,9999-01-01
98063,Danco,Rusterholz,M,69407,9999-01-01
98253,Pragnesh,Homond,M,44356,9999-01-01
98069,Waiman,Dolinsky,M,45767,9999-01-01
98269,Vasilii,Ghazalie,F,40000,9999-01-01
98072,Luerbio,Merro,F,40000,9999-01-01
98079,Abdelaziz,Stiles,F,40000,9999-01-01
98270,Kinh,Kawashimo,F,56835,9999-01-01
98285,Georg,Piancastelli,F,40000,9999-01-01
98293,Jayesh,Adachi,M,40000,9999-01-01
98098,Feipei,Eterovic,F,40000,9999-01-01
98297,Xiaoshan,Serot,F,45625,9999-01-01
98305,Yongmao,Stranks,M,63537,9999-01-01
98307,Douadi,Leijenhorst,M,78658,9999-01-01
98117,Venkatesan,Linnainmaa,F,50930,9999-01-01
98311,Menkae,Kambil,M,40000,9999-01-01
98317,Domenico,Vieri,M,43524,9999-01-01
98125,Subir,VanScheik,M,51565,9999-01-01
98128,Kazuhisa,Ambroszkiewicz,M,81633,9999-01-01
98323,Amalendu,Ponthieu,M,64682,9999-01-01
98335,Shao,Vuskovic,M,40000,9999-01-01
98338,Guenter,Taneja,F,40000,9999-01-01
98149,Moss,Preusig,M,40000,9999-01-01
98358,Basim,Aingworth,M,53905,9999-01-01
98363,Arunachalam,Lorie,M,40000,9999-01-01
98169,Bedrich,Luft,F,120032,9999-01-01
98171,Jaroslava,Busillo,F,62749,9999-01-01
98377,Steve,Flanders,F,64051,9999-01-01
98183,Masami,Besselaar,M,54821,9999-01-01
98394,Berthier,Anick,M,57807,9999-01-01
98192,Sumali,Murtagh,F,72305,9999-01-01
98199,Sadun,Felcyn,F,58988,9999-01-01
98399,Satosi,Wendorf,M,40000,9999-01-01
98423,Zhiwei,Birta,F,45090,9999-01-01
98212,Sham,Slutz,F,40000,9999-01-01
98424,Constantijn,Braunschweig,M,40000,9999-01-01
98430,Fay,Langford,M,61482,9999-01-01
98233,Hausi,Trogemann,F,45438,9999-01-01
98436,Akeel,Khalid,M,40000,9999-01-01
98240,Martien,Stifter,F,62338,9999-01-01
98241,Felicidad,Kroha,F,47974,9999-01-01
98444,Arra,Lubachevsky,F,71642,9999-01-01
98445,Spyrose,Constantine,M,65189,9999-01-01
98453,Huan,Baby,F,40000,9999-01-01
98457,Bezalel,Standera,F,57936,9999-01-01
98618,Bojan,Merle,M,40000,9999-01-01
98619,Sham,Debuse,M,48411,9999-01-01
98628,Radhika,Bahl,M,40000,9999-01-01
98636,Kannan,Mahnke,M,45412,9999-01-01
98663,Serenella,Segond,M,60861,9999-01-01
98675,Shigehiro,Suri,M,40000,9999-01-01
98680,Serge,Tchuente,F,52009,9999-01-01
98682,Naraig,Parhami,M,40000,9999-01-01
98683,Charmane,Lodder,M,40000,9999-01-01
98697,JiYoung,Harbusch,M,61359,9999-01-01
98699,Karsten,Koyama,F,40000,9999-01-01
98458,Oguz,Pollock,M,47360,9999-01-01
98478,Baruch,Heystek,F,40000,9999-01-01
98713,Stabislas,Luit,M,44936,9999-01-01
98717,Chenyi,Oaver,M,57315,9999-01-01
98485,Chiradeep,Homond,F,94046,9999-01-01
98725,Gill,Kaminger,F,49026,9999-01-01
98732,Nikolaus,Baca,M,40000,9999-01-01
98495,Duke,Showalter,M,44909,9999-01-01
98745,Zhanqiu,Kitsuregawa,M,61252,9999-01-01
98497,Jianhao,Cannata,M,40000,9999-01-01
98750,Shooichi,Braccini,F,46673,9999-01-01
98500,Sarita,Bennet,M,47977,9999-01-01
98753,Franziska,Murillo,F,73479,9999-01-01
98506,Oddvar,Gyorkos,F,66018,9999-01-01
98518,Gad,Rahimi,M,40671,9999-01-01
98766,Gretta,Buchter,M,69215,9999-01-01
98768,Valery,Iacovou,M,40000,9999-01-01
98522,Janalee,Kugler,F,40000,9999-01-01
98524,Anneli,Rosenbaum,F,51480,9999-01-01
98533,Tsvetan,Detkin,M,64179,9999-01-01
98793,Stevo,Merey,F,40000,9999-01-01
98795,Pasqua,Hertweck,M,40000,9999-01-01
98536,Francesca,Figueira,M,40000,9999-01-01
98543,Kristin,Selenyi,M,44820,9999-01-01
98549,Prodip,Landherr,F,54864,9999-01-01
98558,Valery,Llado,F,40000,9999-01-01
98570,Seongbae,Botman,F,55224,9999-01-01
98807,Aloys,Hanratty,M,49505,9999-01-01
98813,Surveyors,Peck,M,59764,9999-01-01
98586,Kauko,Steenbeek,M,40000,9999-01-01
98820,Djenana,Erva,F,52353,9999-01-01
98823,Tesuya,Hartvigsen,F,52979,9999-01-01
98825,Aemilian,Kroft,M,51267,9999-01-01
98594,Eldridge,Kruskal,F,41566,9999-01-01
98832,Margo,Akiyama,M,40000,9999-01-01
98838,Kazuhito,Deville,M,70627,9999-01-01
98987,Dipayan,Suermann,F,40000,9999-01-01
98845,Jessie,Anido,M,46355,9999-01-01
98852,Arno,Rissland,F,56812,9999-01-01
98854,Kotesh,Garrabrants,M,43094,9999-01-01
98861,George,Bellmore,M,70308,9999-01-01
98992,Gonzalo,Heping,M,59547,9999-01-01
98993,Ronghao,Apsitis,F,40000,9999-01-01
98996,Parke,Kalloufi,F,52930,9999-01-01
99002,Shan,Bergere,F,65683,9999-01-01
98893,Theron,Ramalingam,F,40000,9999-01-01
99007,Ugo,Ibel,M,40000,9999-01-01
99013,Tsz,Cools,F,46808,9999-01-01
98905,Nikolaos,Negoita,M,40471,9999-01-01
99014,Adly,Siprelle,M,68063,9999-01-01
98913,Toshimori,Fabrizio,F,64924,9999-01-01
99022,Golgen,Wilfing,M,52234,9999-01-01
98918,Perry,Kopetz,M,40358,9999-01-01
99023,Gill,Kusakabe,F,62460,9999-01-01
99029,Ohad,Eiter,M,67556,9999-01-01
99050,Stevo,Krichel,M,78899,9999-01-01
98957,Khalil,Schmittgen,M,47257,9999-01-01
99064,Marin,Trogemann,M,75908,9999-01-01
98962,Brendon,Sluis,M,58636,9999-01-01
98965,Mori,Parhami,M,68546,9999-01-01
98973,Aemilian,Quittner,F,51554,9999-01-01
98977,Richara,Alameldin,M,52810,9999-01-01
99097,Toshiki,Munawer,M,40000,9999-01-01
98984,Rosalyn,Ushiama,M,42340,9999-01-01
99104,Karsten,Kolinko,M,40000,9999-01-01
99137,Yonghoan,Pollock,F,82357,9999-01-01
99182,Jaques,Fontan,M,57476,9999-01-01
99153,Maik,Montresor,M,40000,9999-01-01
99206,Florian,Matheson,M,40000,9999-01-01
99208,Mokhtar,Bernick,M,41107,9999-01-01
99210,Irene,Morrin,F,40000,9999-01-01
99161,Ramya,Heyers,M,51933,9999-01-01
99220,Domenico,Zobel,M,42749,9999-01-01
99226,Mario,Pehl,M,42023,9999-01-01
99231,Nahla,Wielonsky,M,50698,9999-01-01
99365,Poornachandra,Kopetz,M,40000,9999-01-01
99253,Genki,Maccarone,M,59645,9999-01-01
99269,Leaf,Gien,M,40000,9999-01-01
99272,Yuriy,Birge,F,61261,9999-01-01
99274,Taizo,Schurmann,M,40000,9999-01-01
99276,Takanari,Aamodt,M,85243,9999-01-01
99290,Youssef,Basagni,F,40000,9999-01-01
99369,Marke,Krohn,M,53308,9999-01-01
99297,Xinan,Erman,M,54074,9999-01-01
99299,Sachem,Claffy,F,52523,9999-01-01
99307,Moto,Thibadeau,M,60796,9999-01-01
99371,Tokuyasu,Vuskovic,F,58546,9999-01-01
99313,Masasuke,Caine,M,40000,9999-01-01
99376,Olivera,Blokdijk,M,40000,9999-01-01
99390,Cristinel,Potthoff,M,52747,9999-01-01
99340,Masaru,Selvestrel,F,40000,9999-01-01
99400,Hitomi,Decaestecker,F,66797,9999-01-01
99422,Kotesh,Navazio,F,67111,9999-01-01
99544,Irene,Petersohn,F,40000,9999-01-01
99557,Arlette,Fordan,F,40000,9999-01-01
99564,Vitali,Azevdeo,M,56125,9999-01-01
99567,Christfried,Oberman,F,69068,9999-01-01
99571,Rajmohan,Slobodova,F,40000,9999-01-01
99583,Holgard,Schmittgen,F,47873,9999-01-01
99431,Prodip,Kusalik,M,87304,9999-01-01
99606,Kamran,Flowers,M,70984,9999-01-01
99438,Vidar,Prochazka,M,75241,9999-01-01
99608,Baruch,Paludetto,F,42571,9999-01-01
99611,Breannda,Stasinski,F,40000,9999-01-01
99442,Sibyl,Uhrig,F,65643,9999-01-01
99443,Zita,Woycyznski,F,57383,9999-01-01
99451,Guenter,Riexinger,M,60516,9999-01-01
99622,Etsuo,Taneja,M,44203,9999-01-01
99466,Margo,Schusler,M,40000,9999-01-01
99637,Moti,Maccarone,F,74650,9999-01-01
99643,Beshir,Babu,M,58318,9999-01-01
99473,Jaihie,Servi,M,63089,9999-01-01
99646,Manu,Farris,F,40000,9999-01-01
99476,Shahaf,Laventhal,F,40000,9999-01-01
99649,Danny,Berstel,M,40000,9999-01-01
99481,Arnd,Akaboshi,M,81880,9999-01-01
99655,Elvis,Borovoy,M,68796,9999-01-01
99492,Rosine,Gajiwala,F,54784,9999-01-01
99671,Tsuneo,Leppanen,M,60229,9999-01-01
99501,Djenana,Scharstein,F,58710,9999-01-01
99520,Eran,Copas,M,47258,9999-01-01
99681,Henk,Tramer,F,68690,9999-01-01
99687,Barna,Yavatkar,M,46524,9999-01-01
99688,Christophe,Noriega,M,61170,9999-01-01
99703,Manton,Berstel,F,71946,9999-01-01
99705,Souichi,Bahr,M,47335,9999-01-01
99716,Luerbio,Casperson,M,55990,9999-01-01
99719,Sreekrishna,Ramamoorthy,F,40000,9999-01-01
99729,Dmitri,Porenta,M,64728,9999-01-01
99745,Girolamo,Highland,F,40034,9999-01-01
99769,Xinyu,Winter,M,67904,9999-01-01
99522,Murthy,Prenel,M,40000,9999-01-01
99771,Gudjon,Lund,F,40000,9999-01-01
99527,Feipei,Duclos,F,40000,9999-01-01
99779,Rasiah,Taubenfeld,M,45628,9999-01-01
99781,Randi,Sury,F,40000,9999-01-01
99915,Elgin,Perna,M,40000,9999-01-01
99788,Adly,Orsini,F,40000,9999-01-01
99790,Guadalupe,Lowrie,F,40000,9999-01-01
99794,Kristin,Garnick,F,40000,9999-01-01
99804,Abdelghani,Benner,M,58433,9999-01-01
99927,Bernardo,Luck,M,40000,9999-01-01
99937,Yannik,Himler,F,40752,9999-01-01
99966,Masali,Ferretti,M,70517,9999-01-01
99837,Dipayan,Anick,F,40000,9999-01-01
99972,Jaana,Schaaf,F,79948,9999-01-01
99981,Rimon,Grandbois,F,48230,9999-01-01
99989,Divine,Docker,M,42342,9999-01-01
99860,Mitchel,Homond,F,49331,9999-01-01
100013,Gunilla,Bernardinello,F,81806,9999-01-01
99874,Leif,Belinskaya,M,55576,9999-01-01
99880,Herbert,Conti,F,50558,9999-01-01
100022,Iara,Lindenbaum,M,58805,9999-01-01
99882,Rafail,Falby,M,48229,9999-01-01
99883,Dulce,Linares,M,62474,9999-01-01
100024,Godehard,Pelz,F,70235,9999-01-01
99889,Mohammad,Osgood,M,58898,9999-01-01
99890,Aemilian,Decleir,F,40930,9999-01-01
100032,Jaewoo,Papsdorf,F,40000,9999-01-01
99895,Olivera,Feldmann,M,44629,9999-01-01
100042,Raimond,Turnbull,F,84331,9999-01-01
100046,Jayson,Jumpertz,F,40000,9999-01-01
100072,Fan,Zeleznik,F,40248,9999-01-01
100074,Yechiam,Velardi,F,40000,9999-01-01
100092,Eckart,Cannane,M,44308,9999-01-01
100101,Shakhar,Egerstedt,M,57364,9999-01-01
100292,Takanari,Zambonelli,M,47883,9999-01-01
100112,Akemi,Naumovich,F,76575,9999-01-01
100115,Siddarth,Servieres,F,70651,9999-01-01
100117,Fumitaka,Beerel,M,40000,9999-01-01
100118,Sajjad,Goldhammer,M,51892,9999-01-01
100295,Huican,Schmiedel,M,67515,9999-01-01
100125,Kristinn,Benveniste,F,40000,9999-01-01
100300,Paraskevi,Lieblein,M,40000,9999-01-01
100303,Huei,Pargaonkar,F,40000,9999-01-01
100137,Seongbae,Bail,F,40000,9999-01-01
100138,Changho,Prenel,M,43804,9999-01-01
100305,Christfried,Heyers,M,68511,9999-01-01
100142,Terresa,Isard,F,74107,9999-01-01
100317,Xiaopeng,Lorys,M,73886,9999-01-01
100146,Nalini,Woycyznski,F,59959,9999-01-01
100319,Frazer,Billingsley,F,55250,9999-01-01
100322,Janalee,Bahr,F,40000,9999-01-01
100158,Ayakannu,Falby,F,40000,9999-01-01
100159,Sakthirel,Boudaillier,M,40000,9999-01-01
100332,Tooru,Schonegge,F,40000,9999-01-01
100169,Ingmar,Angot,M,46710,9999-01-01
100333,Kyoichi,Radivojevic,M,54918,9999-01-01
100349,Gianluca,Jarecki,M,40000,9999-01-01
100172,Selwyn,Kranzdorf,M,59207,9999-01-01
100175,Willard,Maginnis,M,60426,9999-01-01
100180,Ohad,Lichtner,M,63640,9999-01-01
100352,Moss,Poupard,M,42705,9999-01-01
100358,Lucian,Falby,M,40000,9999-01-01
100190,Lenore,Thebaut,F,40000,9999-01-01
100359,Vishwani,Speer,M,40000,9999-01-01
100382,Mariangiola,Wynblatt,M,53751,9999-01-01
100205,Nahid,Gustavson,F,40000,9999-01-01
100206,Arumugam,Wrigley,M,75261,9999-01-01
100384,Richara,Yurek,F,42995,9999-01-01
100386,Lubomir,Dulay,M,40000,9999-01-01
100403,Chikara,Stavenow,M,40000,9999-01-01
100406,Yoshinari,Coors,F,67911,9999-01-01
100413,Mara,Schurmann,M,70562,9999-01-01
100416,Chinya,Neimat,M,51393,9999-01-01
100419,Jaana,Leivant,M,64722,9999-01-01
100257,Mahmut,Poulakidas,M,50891,9999-01-01
100428,Fayez,Einsfeld,M,60997,9999-01-01
100259,Jiang,Laurillard,F,40000,9999-01-01
100429,Jayesh,Brender,F,59160,9999-01-01
100264,Jaroslava,Hegner,M,40000,9999-01-01
100436,Subhankar,Gini,F,83157,9999-01-01
100274,Fei,Miyakawa,F,67036,9999-01-01
100444,Arno,Itzigehl,F,74848,9999-01-01
100277,Ravishankar,Baby,M,42826,9999-01-01
100279,Mingdong,Gustavson,M,71734,9999-01-01
100452,Guther,Lowrie,F,58300,9999-01-01
100653,Georgi,Maraist,M,40000,9999-01-01
100656,Persi,Teitelbaum,F,58825,9999-01-01
100673,Giri,Jiang,M,66753,9999-01-01
100475,Aron,Piazza,F,51218,9999-01-01
100674,Mariangiola,Lovengreen,M,50555,9999-01-01
100678,Premal,Terkki,F,40000,9999-01-01
100486,Radhakrishnan,Maksimenko,M,83241,9999-01-01
100680,Xiping,Duclos,F,65045,9999-01-01
100686,True,Beausoleil,F,75314,9999-01-01
100492,Vincent,Tibblin,M,84588,9999-01-01
100698,Gino,Atrawala,F,45457,9999-01-01
100497,Tze,Fortenbacher,M,40000,9999-01-01
100500,Tetsurou,Sichman,M,61217,9999-01-01
100708,Yaghout,Pauthner,M,46374,9999-01-01
100721,Poornachandra,Bade,F,62649,9999-01-01
100516,Seongbae,Staudhammer,M,40000,9999-01-01
100725,Zvonko,Maliniak,M,87150,9999-01-01
100746,Heather,Rehfuss,F,40000,9999-01-01
100531,Toshiko,Kranzdorf,M,44836,9999-01-01
100534,Aamer,Luga,F,95161,9999-01-01
100748,Uriel,Marakhovsky,F,69326,9999-01-01
100753,Zsolt,Baca,F,72760,9999-01-01
100769,Willard,Clemencon,M,40000,9999-01-01
100555,Lucien,Gecsel,F,70189,9999-01-01
100556,Sachem,Kaiserswerth,F,40000,9999-01-01
100568,Aral,Huhdanpaa,F,58380,9999-01-01
100569,Sreekrishna,Anandan,F,51999,9999-01-01
100574,Lucien,Bennet,F,83065,9999-01-01
100787,Ewing,Sury,M,60396,9999-01-01
100583,Goetz,Schnelling,M,40000,9999-01-01
100593,Sasan,Sethi,F,40000,9999-01-01
100609,Gina,Lakshmanan,M,68982,9999-01-01
100838,Kristin,Serre,F,40766,9999-01-01
100621,Olivera,Joslin,F,40000,9999-01-01
100634,Halsur,Yurek,F,43597,9999-01-01
100842,Dante,Brobst,M,40000,9999-01-01
100853,Aris,Coombs,M,65520,9999-01-01
100854,Serge,Kaiserswerth,M,40000,9999-01-01
100880,Chikara,Thibadeau,M,40000,9999-01-01
101033,Zhiwei,Clemencon,M,64916,9999-01-01
101034,Elgin,Tyugu,M,42628,9999-01-01
101067,Kerhong,Schmittgen,M,54297,9999-01-01
101071,Perla,Leivant,M,75307,9999-01-01
101073,Yongdong,Iwayama,F,61079,9999-01-01
101078,Fusako,Zedlitz,M,42440,9999-01-01
101086,Fumino,Breugel,F,65639,9999-01-01
101096,Make,Zaccaria,M,40000,9999-01-01
101098,Maya,Norsworthy,M,54008,9999-01-01
100884,Adamantios,Rousseau,M,44880,9999-01-01
100889,Mariusz,Spelt,M,40000,9999-01-01
101110,Mahmut,Strooper,F,49189,9999-01-01
100900,Saniya,Vandervoorde,F,40000,9999-01-01
101117,Visit,Kriebel,F,60610,9999-01-01
101122,Nahla,Swick,M,43359,9999-01-01
101123,Henk,Wossner,F,71036,9999-01-01
100914,Erzsebet,Shackell,F,42899,9999-01-01
100920,Henk,Byoun,F,40000,9999-01-01
101142,Sedat,Gini,F,40000,9999-01-01
100924,Moni,Sewelson,M,44259,9999-01-01
100927,Troy,Lovengreen,M,42027,9999-01-01
101153,Manohar,Gill,M,46653,9999-01-01
100933,Uli,Taneja,F,74993,9999-01-01
100934,Goncalo,Czaja,M,41164,9999-01-01
100960,Saniya,Candan,M,49070,9999-01-01
101172,Nevio,Schoegge,F,101642,9999-01-01
101180,Subhada,Przulj,M,75117,9999-01-01
100964,Arra,Mamelak,F,45421,9999-01-01
101192,Shugo,Poujol,M,49897,9999-01-01
100965,Lucian,Bultermann,F,85601,9999-01-01
101193,Fen,Rabejac,M,58631,9999-01-01
100974,Adas,Ebeling,M,40000,9999-01-01
101204,Nikolaus,Schmiedel,M,40000,9999-01-01
100998,Breannda,Portugali,M,82366,9999-01-01
101000,Vishv,Marrevee,F,51328,9999-01-01
101002,Fei,Billawala,F,49150,9999-01-01
101206,Nishit,Vitiello,F,55057,9999-01-01
101003,Pranas,Kusakabe,F,58383,9999-01-01
101210,Hidde,Takanami,F,40000,9999-01-01
101005,Niranjan,Erni,F,40000,9999-01-01
101218,Basil,Huhdanpaa,F,56978,9999-01-01
101015,Spyrose,Rahier,F,41560,9999-01-01
101221,Phule,Saoudi,M,61546,9999-01-01
101018,Shigeu,Serra,M,61471,9999-01-01
101396,Guther,Pellegrinelli,M,53873,9999-01-01
101239,Toshimori,Khalil,M,47859,9999-01-01
101240,Oldrich,Perin,M,84304,9999-01-01
101405,Takahito,Fasbender,M,40000,9999-01-01
101246,Saddek,Sommer,M,64563,9999-01-01
101412,Nathan,Baaleh,F,59919,9999-01-01
101252,Constantino,Speer,M,41874,9999-01-01
101414,Xiaoheng,DasSarma,M,50029,9999-01-01
101258,Patricia,Lortz,M,51443,9999-01-01
101425,Lalit,Speel,F,54698,9999-01-01
101270,Tsutomu,Nitto,M,40000,9999-01-01
101428,Tiina,Muhling,F,59123,9999-01-01
101276,Shirish,Leonhardt,M,62370,9999-01-01
101440,Aimee,McAffer,M,64583,9999-01-01
101286,Gila,Bernardinello,M,40000,9999-01-01
101445,Remzi,Dehkordi,F,40000,9999-01-01
101288,Bader,Chorvat,M,40000,9999-01-01
101291,Kellie,Mapelli,M,40000,9999-01-01
101461,Satosi,Bednarek,M,45488,9999-01-01
101294,Sakthirel,Speel,M,47843,9999-01-01
101470,Toshiki,Champarnaud,M,40000,9999-01-01
101477,Kenroku,Piazza,M,40000,9999-01-01
101312,Kamakshi,Auria,F,40000,9999-01-01
101490,Lein,Morrin,M,43463,9999-01-01
101321,Arvind,Beetstra,M,41130,9999-01-01
101501,Rosalie,Vecchi,F,59050,9999-01-01
101331,Tsz,Hagimont,M,51344,9999-01-01
101505,Dietrich,Gornas,F,74018,9999-01-01
101338,Nobuyoshi,Legleitner,F,41089,9999-01-01
101515,Nahid,Magalhaes,M,40000,9999-01-01
101346,Dinkar,Perfilyeva,M,61822,9999-01-01
101519,Marek,Macedo,M,61833,9999-01-01
101521,Debatosh,Soloway,M,47326,9999-01-01
101357,Baocai,Clemencon,M,40000,9999-01-01
101523,Vishv,Quadeer,M,56781,9999-01-01
101530,Sushant,Debuse,M,49869,9999-01-01
101364,Turgut,Poehlman,F,53032,9999-01-01
101537,Luigi,Cyre,F,43887,9999-01-01
101377,Jacqueline,Decaestecker,M,51803,9999-01-01
101558,Wojceich,Tischendorf,M,46986,9999-01-01
101380,Cullen,Ghazalie,F,65130,9999-01-01
101385,Maia,Vickson,F,53991,9999-01-01
101559,Rasiah,Kisuki,F,53702,9999-01-01
101774,Heekeun,Baba,M,41509,9999-01-01
101580,Lein,Bernardinello,F,40000,9999-01-01
101775,Tuval,Liedekerke,F,65939,9999-01-01
101778,Aamer,Peha,F,40000,9999-01-01
101587,Hironobu,Puppo,M,67686,9999-01-01
101787,Shunichi,Muhling,M,48195,9999-01-01
101588,Manu,Weedon,M,53259,9999-01-01
101800,Arlette,Iwayama,M,40000,9999-01-01
101608,Girolamo,Mundy,M,71012,9999-01-01
101808,Atreye,Hedayat,M,42707,9999-01-01
101813,Shai,Turnbull,F,40000,9999-01-01
101617,Serge,Maquelin,M,61499,9999-01-01
101816,Hongzhu,Claffy,M,41726,9999-01-01
101833,Cordelia,Couchot,F,63069,9999-01-01
101626,Moheb,Vrecion,M,40000,9999-01-01
101637,Subir,Azuma,M,46260,9999-01-01
101845,Giordano,Pouyioutas,M,40000,9999-01-01
101638,Gaurav,Conta,M,51982,9999-01-01
101848,Jouko,Kolinko,F,77758,9999-01-01
101651,Trygve,Templeman,F,40000,9999-01-01
101855,Sven,Majewski,M,59799,9999-01-01
101656,Yaghout,Kornyak,M,70589,9999-01-01
101657,Krisda,Herath,M,40000,9999-01-01
101858,Katsuyuki,Nourani,F,40000,9999-01-01
101869,Zhanqiu,Siprelle,F,84820,9999-01-01
101878,Tetsushi,Stroustrup,F,69019,9999-01-01
101681,Goh,Fasbender,F,40000,9999-01-01
101887,Zhonghua,McAlpine,F,40000,9999-01-01
101688,Bilhanan,Worfolk,M,40000,9999-01-01
101888,Eran,Ritcey,M,40000,9999-01-01
101690,Dante,Lally,M,75873,9999-01-01
101898,Mang,Schwartzbauer,F,56898,9999-01-01
101907,Jianhao,England,M,86139,9999-01-01
101915,Mayuri,Chenoweth,M,53504,9999-01-01
101713,Weiye,Erev,M,53543,9999-01-01
101719,Nadjib,Wolniewicz,F,51059,9999-01-01
101919,Mantis,Schahn,F,61916,9999-01-01
101721,Hidefumi,Cooke,M,40000,9999-01-01
101928,Avishai,Baezner,M,41357,9999-01-01
101932,Christophe,Hashii,F,46203,9999-01-01
101934,Roselyn,Rosin,M,54038,9999-01-01
101742,Tetsushi,Sessa,F,65726,9999-01-01
101949,Foong,Pettis,F,49621,9999-01-01
101973,Yucel,Kilgore,F,65051,9999-01-01
101989,JiYoung,Plavsic,M,52805,9999-01-01
102131,Gill,Aseltine,M,40653,9999-01-01
101993,Manohar,Perez,F,55620,9999-01-01
102144,Bernice,Karlin,F,40000,9999-01-01
102147,Kristen,Miyakawa,F,52372,9999-01-01
102153,Danel,Lukaszewicz,M,76845,9999-01-01
102162,Nevin,Fujisaki,F,40000,9999-01-01
102180,Demos,Waschkowski,F,51592,9999-01-01
102011,Genevieve,Lund,M,52456,9999-01-01
102187,Fumiya,Eickenmeyer,F,51190,9999-01-01
102191,Nikolaos,Menyhert,M,57701,9999-01-01
102019,Mohammad,Ullian,M,87038,9999-01-01
102027,Gladys,Isaak,F,40000,9999-01-01
102028,Yunming,Thiran,F,63152,9999-01-01
102045,Chandrasekaran,Berstel,M,46765,9999-01-01
102217,Christ,Luks,F,40000,9999-01-01
102220,Deborah,Poehlman,F,40000,9999-01-01
102221,Manibrata,Orlowska,M,42023,9999-01-01
102052,Shaunak,Krychniak,F,40281,9999-01-01
102228,Udaiprakash,Nannarelli,F,59418,9999-01-01
102061,Niclas,Nittel,M,75529,9999-01-01
102232,Roded,Kaiser,M,44706,9999-01-01
102062,Shigehiro,Lanteri,M,58715,9999-01-01
102240,Shmuel,Rodite,F,63672,9999-01-01
102068,Zhilian,Bergere,M,67377,9999-01-01
102079,Gay,Thiria,F,40000,9999-01-01
102257,Stella,Tsukune,M,41309,9999-01-01
102081,Gina,Bridgland,M,57925,9999-01-01
102090,Shaleah,Zizka,F,40000,9999-01-01
102105,Hironobu,Schwartzbauer,M,45137,9999-01-01
102110,Mang,Christ,M,58708,9999-01-01
102286,Cedric,Chachaty,F,46380,9999-01-01
102320,Bangqing,Sichman,M,40000,9999-01-01
102292,Fumiyo,Peltason,M,61172,9999-01-01
102298,Tianruo,Selenyi,M,40000,9999-01-01
102314,Anneli,Maliniak,F,40000,9999-01-01
102336,Frazer,Schlenzig,M,40000,9999-01-01
102514,Arne,Huttel,F,63125,9999-01-01
102520,Tetsurou,Remmers,M,40000,9999-01-01
102371,Chenxi,Chenoweth,F,56227,9999-01-01
102548,Tokuyasu,Kragelund,F,40000,9999-01-01
102552,Danai,Delgrande,M,40000,9999-01-01
102372,Maik,Jahnichen,M,98186,9999-01-01
102385,Mountaz,Sidou,F,73828,9999-01-01
102395,Kitty,Massonet,M,40000,9999-01-01
102405,Kagan,Danlos,M,42998,9999-01-01
102423,Kazuhiko,Sridhar,M,48201,9999-01-01
102597,Waiman,Vidal,M,50203,9999-01-01
102427,Idoia,Rindone,M,40000,9999-01-01
102609,Chaoyi,Felder,F,43987,9999-01-01
102433,Arch,Peek,M,92909,9999-01-01
102440,Yucai,Farrow,M,76306,9999-01-01
102627,Bedrich,Businaro,M,52225,9999-01-01
102450,Elgin,Krupka,M,66353,9999-01-01
102632,Caolyn,Radwan,F,40000,9999-01-01
102451,Vugranam,Harbusch,F,40000,9999-01-01
102465,IEEE,Chiola,M,40000,9999-01-01
102479,Serap,Facello,F,61615,9999-01-01
102654,Gregory,Makinen,M,50339,9999-01-01
102483,Qingxiang,Boissier,F,40000,9999-01-01
102496,Ayonca,Hiraishi,F,40000,9999-01-01
102673,Stamatina,Vigier,M,71501,9999-01-01
102677,Huei,Karcich,F,40000,9999-01-01
102692,Saniya,Lindenbaum,F,66030,9999-01-01
102682,Oscar,Reutenauer,M,71707,9999-01-01
102700,Juichirou,Hedayat,F,40000,9999-01-01
102704,Slavian,Andreotta,M,64223,9999-01-01
102708,Xinglin,Marletta,M,54392,9999-01-01
102710,Divier,Szmurlo,M,40000,9999-01-01
102728,Make,Jiang,M,59476,9999-01-01
102733,Marie,Angiulli,F,66824,9999-01-01
102737,Fabrizio,Mitina,M,56956,9999-01-01
102738,Ramya,Tchuente,M,40000,9999-01-01
102901,Constantino,Huttel,F,64409,9999-01-01
102740,Guenter,Gide,F,40000,9999-01-01
102741,Palash,Naumovich,M,54333,9999-01-01
102742,Raimond,Kruskal,F,51549,9999-01-01
102912,Teiji,Khalil,M,40000,9999-01-01
102754,Mohua,Huhdanpaa,M,48479,9999-01-01
102757,Arno,Pardalos,M,62091,9999-01-01
102762,Josyula,Setlzner,F,40000,9999-01-01
102765,Arnould,Lipner,M,65088,9999-01-01
102941,Luigi,Erni,M,47614,9999-01-01
102766,Guiseppe,Dechter,F,40000,9999-01-01
102942,Gretta,Vilarrasa,M,69181,9999-01-01
102777,Fumiko,Stille,F,41798,9999-01-01
102953,Woody,Terlouw,F,53852,9999-01-01
102778,Bernice,Mitchem,F,49949,9999-01-01
102793,Joydip,Benzaken,F,40000,9999-01-01
102962,Chirstian,Kobara,M,113013,9999-01-01
102801,Chanjung,Chachaty,M,40000,9999-01-01
102803,Giri,Servi,M,46315,9999-01-01
102808,Qingxiang,Eiter,M,48528,9999-01-01
102810,Jiafu,Birsak,F,69623,9999-01-01
102996,Patricio,Riesenhuber,F,60588,9999-01-01
102815,Shunichi,Scallan,F,60284,9999-01-01
102851,Xudong,Bruckman,M,40000,9999-01-01
103005,Rafael,Keustermans,M,69015,9999-01-01
103019,Jungsoon,Wissmann,M,59255,9999-01-01
103024,Patricio,Jakobus,M,40000,9999-01-01
102856,Bogdan,Peron,M,40000,9999-01-01
102870,Marsal,Alpay,F,48805,9999-01-01
103040,Kamran,Lorie,F,40000,9999-01-01
103058,Yongqiao,Zumaque,M,56772,9999-01-01
103042,Berthier,Masand,M,70417,9999-01-01
103059,Hatem,Mondadori,F,49110,9999-01-01
103061,Karlis,Delaune,M,40000,9999-01-01
103076,Thodoros,Stiles,F,78228,9999-01-01
103092,Mabry,Falby,M,63906,9999-01-01
103107,Bikash,Georgatos,F,40000,9999-01-01
103245,Sajjad,Cusworth,M,40000,9999-01-01
103252,Domenick,Baca,M,40000,9999-01-01
103128,Alenka,Crabtree,M,40000,9999-01-01
103258,Nathan,Baaz,M,40000,9999-01-01
103259,Remzi,Brattka,F,40000,9999-01-01
103270,Moty,Openshaw,F,53744,9999-01-01
103129,Jianhua,Munoz,M,40000,9999-01-01
103271,Trygve,Bamford,F,40000,9999-01-01
103130,Kiyokazu,Sundgren,F,57225,9999-01-01
103156,Yahiko,Schiper,M,71706,9999-01-01
103284,Guiseppe,Hofting,M,40000,9999-01-01
103159,Greger,Chandrasekhar,M,40000,9999-01-01
103294,Basant,Lodder,F,40000,9999-01-01
103296,Remzi,Siochi,F,40000,9999-01-01
103164,Valeska,Chiola,F,66173,9999-01-01
103176,Khue,Pelc,F,88569,9999-01-01
103178,Tetsurou,Argence,F,60955,9999-01-01
103184,Yongdong,Garnham,F,40000,9999-01-01
103198,Alois,Yeung,F,65725,9999-01-01
103332,Zhanqiu,Guerreiro,M,81180,9999-01-01
103338,Munir,Wilharm,M,40000,9999-01-01
103219,Guenter,Muchinsky,F,69296,9999-01-01
103344,Sanjeeva,Whittlesey,M,68040,9999-01-01
103349,Chiranjit,Saoudi,M,44988,9999-01-01
103350,George,Kranzdorf,F,40000,9999-01-01
103351,Stein,Junot,F,56479,9999-01-01
103358,Takushi,Legleitner,F,62439,9999-01-01
103367,Supot,Isaac,F,48288,9999-01-01
103375,Khue,Fioravanti,M,76982,9999-01-01
103398,Nikolaos,Schreiter,F,77932,9999-01-01
103415,Heng,Cronin,M,60614,9999-01-01
103419,Marjo,Pettit,F,46475,9999-01-01
103424,Geoffrey,Knightly,M,40000,9999-01-01
103223,Jongsuk,Papadias,F,49621,9999-01-01
103224,Zeljko,Seghrouchni,M,40000,9999-01-01
103235,Kazuhito,Acton,M,65899,9999-01-01
103621,Yuqun,Vidya,M,45719,9999-01-01
103426,Shigeaki,Koshiba,M,68664,9999-01-01
103427,Licheng,Dalton,M,49747,9999-01-01
103435,Sverrir,Ghazalie,M,46549,9999-01-01
103640,Valeska,Yetto,M,40000,9999-01-01
103641,Aamer,Loncour,M,56711,9999-01-01
103460,Rajmohan,Duclos,M,55681,9999-01-01
103644,Harjit,Erdi,M,65011,9999-01-01
103467,Kwangyoen,Glinert,F,69893,9999-01-01
103659,Remco,Feldmann,M,62404,9999-01-01
103661,Chinya,Rettelbach,M,40000,9999-01-01
103484,Niclas,Velardi,M,57461,9999-01-01
103663,Bezalel,Edelhoff,M,40000,9999-01-01
103488,Moheb,Conde,M,40000,9999-01-01
103665,Tomoyuki,Monarch,M,63183,9999-01-01
103490,Claudi,Kropatsch,M,40000,9999-01-01
103668,Remmert,Mitchem,F,40000,9999-01-01
103670,Bernice,Siepmann,M,66848,9999-01-01
103681,Toney,Rosiles,M,40000,9999-01-01
103682,Samphel,Shrader,F,46159,9999-01-01
103717,Kwangjo,Zhang,F,40000,9999-01-01
103523,Visit,Servieres,M,45367,9999-01-01
103529,Duke,Uhrik,F,47841,9999-01-01
103537,Adit,Grospietsch,M,79395,9999-01-01
103538,Mountaz,Ushiama,M,45573,9999-01-01
103723,Noritoshi,Geffroy,M,40000,9999-01-01
103731,Leandro,Cyre,M,40000,9999-01-01
103733,Paraskevi,Ravishankar,M,58383,9999-01-01
103558,Adel,Unni,M,68004,9999-01-01
103753,Faiza,Fortenbacher,F,40000,9999-01-01
103563,Fan,Msuda,F,40001,9999-01-01
103566,Fumino,Pouyioutas,M,41852,9999-01-01
103567,Eberhardt,Perl,M,62521,9999-01-01
103568,Peternela,Camarinopoulos,M,40000,9999-01-01
103569,Rayond,Rodier,M,40000,9999-01-01
103754,Ebru,Nicolson,F,43578,9999-01-01
103573,Mani,Erman,F,63857,9999-01-01
103575,Ugo,Verhaegen,M,60804,9999-01-01
103759,Rance,Rajaraman,M,47687,9999-01-01
103576,Suzette,Picci,M,40000,9999-01-01
103766,Ronghao,Monkewich,F,60020,9999-01-01
103583,Arno,Gulla,F,50256,9999-01-01
103585,Juichirou,Dusink,F,58728,9999-01-01
103772,Vidar,Pollacia,F,40000,9999-01-01
103586,Kwee,Veevers,F,42217,9999-01-01
103589,Ipke,Fujisaki,M,80369,9999-01-01
103776,Franziska,Ashish,M,75817,9999-01-01
103591,Moni,Vakili,M,69105,9999-01-01
103782,Sigeru,Baez,F,85804,9999-01-01
103595,Zhensheng,Hutton,M,68103,9999-01-01
103835,Masasuke,Cyre,M,53360,9999-01-01
103605,Alagu,Fraisse,M,51576,9999-01-01
103607,Yannis,Roccetti,F,69271,9999-01-01
103842,Stevo,Luef,M,40000,9999-01-01
103849,Luerbio,Bennet,F,58511,9999-01-01
103987,Aimee,Uhrik,F,69354,9999-01-01
103988,Mary,Griswold,M,76665,9999-01-01
103855,Christophe,Peres,F,46663,9999-01-01
103862,Christophe,Koblitz,F,40000,9999-01-01
103865,Eishiro,Pews,M,40000,9999-01-01
104005,Ibibia,Molenkamp,F,40000,9999-01-01
103869,Shaunak,Pollock,M,40000,9999-01-01
104011,Masanao,Journel,M,68704,9999-01-01
104014,Honglan,Krohn,M,48888,9999-01-01
103876,Mohammad,Suppi,M,40000,9999-01-01
104021,Yonghoan,Mondadori,M,40000,9999-01-01
103878,Uta,Brandsma,M,40000,9999-01-01
103892,Ohad,Bouloucos,F,45599,9999-01-01
104029,Alper,Pagter,M,78220,9999-01-01
104035,Sivanarayana,Chandrasekhar,F,77134,9999-01-01
104047,Girolamo,Zweizig,F,40000,9999-01-01
103897,Vivian,Munos,M,68733,9999-01-01
104054,Uinam,Rothe,F,51886,9999-01-01
104060,Moriyoshi,Baca,M,40000,9999-01-01
103898,Saeed,Rosin,M,89803,9999-01-01
103913,Shahid,Yurov,F,50892,9999-01-01
104073,Vitali,Peral,M,79549,9999-01-01
103918,Seshu,Jenevein,F,42579,9999-01-01
103926,Jiafu,Camarinopoulos,M,83559,9999-01-01
104091,Shrikanth,Mawatari,M,88769,9999-01-01
104092,Abdelaziz,Vitiello,M,48196,9999-01-01
104093,Cristinel,Streng,M,50592,9999-01-01
103936,Chikako,Bolsens,M,45650,9999-01-01
103938,Toshimi,Frolund,M,40000,9999-01-01
103939,Ugo,Begiun,M,74770,9999-01-01
103951,Eben,Luders,M,40000,9999-01-01
104122,Georg,Schreiter,M,40000,9999-01-01
104130,Kazuhira,Rodiger,M,40000,9999-01-01
103960,Fusako,Brobst,F,40000,9999-01-01
104135,Yaghout,Servi,M,80914,9999-01-01
103971,Gritta,Journel,M,40000,9999-01-01
104143,Gino,Morton,M,40000,9999-01-01
104144,Gilbert,Staelin,M,40000,9999-01-01
104145,Mang,Selvestrel,M,40000,9999-01-01
104184,Roselyn,Ventosa,M,40000,9999-01-01
104153,Almudena,Chaudhury,F,40000,9999-01-01
104160,Kotesh,Kamber,F,57764,9999-01-01
104163,Yishay,Ambroszkiewicz,M,49990,9999-01-01
104196,Dulce,Norsworthy,F,40000,9999-01-01
104203,Shigenori,Gyorkos,F,72926,9999-01-01
104210,Ziyad,Schaaf,F,40000,9999-01-01
104352,Xiaoheng,Samarati,F,59241,9999-01-01
104212,Bedrich,Driscoll,M,54803,9999-01-01
104361,Zhongwei,Msuda,F,40000,9999-01-01
104222,Gretta,Wursthorn,F,40000,9999-01-01
104363,Mansur,Xiaoshan,M,66971,9999-01-01
104366,Yaghout,Erman,M,40000,9999-01-01
104369,Elliott,Fandrianto,F,74877,9999-01-01
104223,Mantis,Waymire,M,71987,9999-01-01
104233,Cordelia,Kolvik,F,43781,9999-01-01
104254,Tuval,Lichtner,F,50220,9999-01-01
104399,Dipankar,Schnelling,F,40000,9999-01-01
104402,Gonzalo,Molenaar,M,74547,9999-01-01
104266,Kiyokazu,Antonakopoulos,F,42290,9999-01-01
104404,Yoshinari,Usery,M,73443,9999-01-01
104411,Zengping,Desikan,F,40000,9999-01-01
104294,Siddarth,Flowers,M,46683,9999-01-01
104431,Xuedong,Kenevan,F,45628,9999-01-01
104452,Paloma,Lorin,M,40000,9999-01-01
104312,Suzette,Hettesheimer,M,74364,9999-01-01
104462,Tomofumi,Randt,M,51689,9999-01-01
104467,Anoosh,Panwar,M,40000,9999-01-01
104478,Shrikanth,Goodrum,M,46511,9999-01-01
104480,Arif,Randt,M,87795,9999-01-01
104503,Poornachandra,Kalefeld,M,40000,9999-01-01
104504,Waiman,Kilgore,F,44682,9999-01-01
104508,Wilmer,Thummel,M,58000,9999-01-01
104510,Willard,Eppinger,M,74238,9999-01-01
104517,Kazuhide,Demri,F,66270,9999-01-01
104520,Vishv,Neimat,F,76708,9999-01-01
104536,Shooichi,Ernst,M,74153,9999-01-01
104537,Sadun,Schnelling,M,43916,9999-01-01
104549,Chaoyi,Sabnani,M,53559,9999-01-01
104557,Turgut,Kushnir,M,75651,9999-01-01
104313,Makato,Thisen,M,40000,9999-01-01
104315,Georgi,Woycyznski,M,40000,9999-01-01
104316,Kristian,Demeyer,M,43226,9999-01-01
104577,Kellyn,Ibel,M,40000,9999-01-01
104328,Luerbio,Setlzner,F,57862,9999-01-01
104592,Gift,Chinin,M,69015,9999-01-01
104593,Arno,Maksimenko,F,40000,9999-01-01
104336,Shigeu,Lagarias,M,41393,9999-01-01
104610,Fusako,Peak,M,61345,9999-01-01
104736,Shuky,Birke,M,43181,9999-01-01
104625,Odoardo,Vendrig,M,40000,9999-01-01
104626,Patricio,Zaiane,M,40000,9999-01-01
104637,Basant,dAstous,F,59793,9999-01-01
104640,Chaosheng,Conia,M,41338,9999-01-01
104644,Yuguang,Lieblein,F,49794,9999-01-01
104658,Mrinalini,Ratnakar,F,52965,9999-01-01
104670,Tzvetan,Cappelletti,M,40000,9999-01-01
104745,Hongzhu,Lichtner,F,40000,9999-01-01
104682,Toshimori,Speek,M,60251,9999-01-01
104748,Xianlong,Bennet,F,40000,9999-01-01
104696,Lansing,Aseltine,F,40000,9999-01-01
104753,Along,Zongker,F,40000,9999-01-01
104755,Tetsurou,Zschoche,M,48669,9999-01-01
104710,Munenori,Trogemann,M,88948,9999-01-01
104711,Herb,Vural,M,54612,9999-01-01
104760,Gian,Gulla,F,40000,9999-01-01
104718,Lorien,Brandsma,M,44493,9999-01-01
104767,Venkatesan,Hinsberger,F,44001,9999-01-01
104772,Yannik,VanScheik,M,63539,9999-01-01
104779,Sergi,Hartvigsen,F,71875,9999-01-01
104911,Sanjai,Kruskal,F,40000,9999-01-01
104921,Kellie,Chandrasekhar,F,47602,9999-01-01
104783,Lech,Mullainathan,F,46818,9999-01-01
104929,Radhia,Oppitz,M,40562,9999-01-01
104785,Przemyslawa,Porotnikoff,F,40000,9999-01-01
104931,Kristin,Delaune,F,98125,9999-01-01
104939,Armond,Masamoto,F,56152,9999-01-01
104801,Fatemeh,Hardjono,F,44627,9999-01-01
104941,Yonghong,Schaap,M,43708,9999-01-01
104945,Gro,Polupanov,F,52910,9999-01-01
104819,Rildo,Granlund,F,78003,9999-01-01
104977,Shounak,Yetim,F,52210,9999-01-01
104852,Theirry,Munawer,M,52882,9999-01-01
104993,Takahiro,Sluis,M,43732,9999-01-01
105002,Jingling,Millington,M,61818,9999-01-01
104866,Anestis,Gelosh,M,83471,9999-01-01
105033,Takahira,Quadeer,M,58325,9999-01-01
105040,Vojin,Erbe,M,58016,9999-01-01
104870,Nectarios,Peltason,M,94450,9999-01-01
105053,Gian,Vernadat,F,40000,9999-01-01
104875,Francesca,Schrooten,F,72081,9999-01-01
105060,Manu,Rosin,M,58083,9999-01-01
104877,Arif,DasSarma,F,40000,9999-01-01
105072,Gennadi,Atchley,F,40377,9999-01-01
105075,Kiyotoshi,Keohane,M,59902,9999-01-01
104882,Gererd,Asrin,M,48579,9999-01-01
105081,Yechezkel,Gyorkos,M,50813,9999-01-01
105085,Mamdouh,Bach,F,40000,9999-01-01
104894,Phule,Schaft,M,54118,9999-01-01
104897,Marl,Merks,M,81224,9999-01-01
105093,Lalit,Fontet,M,55151,9999-01-01
105095,Steen,Leppanen,F,45472,9999-01-01
105278,Hisao,Gyimothy,M,40000,9999-01-01
105100,Boguslaw,Fabrizio,M,40000,9999-01-01
105103,Elvis,Zambonelli,M,48862,9999-01-01
105120,Dannz,Litzler,M,40000,9999-01-01
105123,Bernd,Schwaller,M,40000,9999-01-01
105131,Sandeepan,Sidou,M,83618,9999-01-01
105291,Nagui,Goldhammer,F,40000,9999-01-01
105143,Tse,Dulli,M,60706,9999-01-01
105146,Martins,Katzenelson,M,45494,9999-01-01
105296,Conor,Peha,M,78182,9999-01-01
105152,Mikhail,Cesareni,M,47925,9999-01-01
105162,Heon,Alencar,M,46346,9999-01-01
105304,Nikolaus,Steinauer,F,42004,9999-01-01
105167,Lillian,Comyn,M,68908,9999-01-01
105311,Mohammad,Conry,F,62523,9999-01-01
105184,Mabo,Luck,F,67146,9999-01-01
105313,Richara,McFarlin,F,66797,9999-01-01
105319,Tru,Rebaine,M,40000,9999-01-01
105202,Susumu,Jording,F,48818,9999-01-01
105204,Ennio,Schaad,M,52936,9999-01-01
105208,Moon,Grospietsch,M,53701,9999-01-01
105326,Almudena,Comte,M,40000,9999-01-01
105222,Gaetan,Weiland,M,49060,9999-01-01
105223,Jiakeng,Manders,M,48708,9999-01-01
105226,Murthy,Menyhert,F,55174,9999-01-01
105328,Alain,Hoppenstand,M,40000,9999-01-01
105234,Frederique,Navazio,M,40000,9999-01-01
105239,Bartek,Perl,M,68174,9999-01-01
105241,Arra,Ulupinar,M,52992,9999-01-01
105346,Pradeep,Gluchowski,F,40000,9999-01-01
105259,Mohamadou,Wiegley,M,66711,9999-01-01
105261,Domenick,Rullman,M,40000,9999-01-01
105264,Chrisa,Simkin,F,56850,9999-01-01
105357,Martien,Billawala,M,40000,9999-01-01
105365,Iara,Backhouse,F,40000,9999-01-01
105466,Shih,Servi,M,40000,9999-01-01
105388,Sarita,Lorch,F,40748,9999-01-01
105485,Magy,Danner,F,40000,9999-01-01
105489,Jasminko,Sadowski,M,78258,9999-01-01
105498,Shuzo,Kohling,M,40000,9999-01-01
105391,Vidya,Peac,M,40000,9999-01-01
105515,Mototsugu,Kandlur,M,48243,9999-01-01
105396,Sajjan,Strehl,F,65691,9999-01-01
105521,Toshiko,Hofman,F,57333,9999-01-01
105401,Babette,Anguita,M,40000,9999-01-01
105532,Christophe,Sluis,F,47690,9999-01-01
105533,Zijian,Falby,M,40000,9999-01-01
105541,Otmar,Gils,M,40000,9999-01-01
105543,True,Fabrizio,F,60981,9999-01-01
105406,Hongzhu,Viele,M,40000,9999-01-01
105544,Feiyu,Mitsuhashi,M,40000,9999-01-01
105546,Dhritiman,Coombs,F,40000,9999-01-01
105408,Adit,Gihr,F,68754,9999-01-01
105560,Dmitri,Zeleznik,M,40000,9999-01-01
105561,Mariangiola,Baja,M,40000,9999-01-01
105564,Jaihie,Parhami,M,40000,9999-01-01
105410,Foong,Morton,F,40000,9999-01-01
105572,Vivian,Haldar,F,74472,9999-01-01
105417,Rajmohan,Matzel,M,65530,9999-01-01
105581,Rasikan,Hanabata,M,40000,9999-01-01
105587,Kwun,Demri,F,40000,9999-01-01
105593,Kankanahalli,Liesche,F,40000,9999-01-01
105595,Gino,Hmelo,M,69111,9999-01-01
105601,Shridhar,Skafidas,M,40000,9999-01-01
105603,Masoud,Sommer,M,101872,9999-01-01
105618,Kazunori,Bugaenko,M,40000,9999-01-01
105633,Dmitry,Androutsos,M,40000,9999-01-01
105634,Szabolcs,Mullainathan,F,50519,9999-01-01
105637,Remko,Tagansky,M,40000,9999-01-01
105662,Jinpo,Hoogerwoord,F,45070,9999-01-01
105665,Tonia,Falco,F,68953,9999-01-01
105670,Arumugam,Rijsenbrij,F,40000,9999-01-01
105674,Lalit,Kropatsch,M,54441,9999-01-01
105681,Pranav,Mikschl,F,57728,9999-01-01
105682,Kerhong,Juneja,F,71347,9999-01-01
105705,Ghassan,Mellouli,F,40000,9999-01-01
105716,Ipke,Milicia,M,52731,9999-01-01
105722,Maik,Riefers,M,71753,9999-01-01
105726,Jagoda,Randt,M,43572,9999-01-01
105738,Qiwen,Jenevein,M,47442,9999-01-01
105739,Zine,Journel,M,41695,9999-01-01
105766,Boutros,Callaway,F,40239,9999-01-01
105776,Lokesh,Chinen,M,40000,9999-01-01
105781,Billur,Rousseau,F,43821,9999-01-01
105786,Ymte,Goodrum,F,40000,9999-01-01
105789,Qingxiang,Fordan,M,59645,9999-01-01
105800,Golgen,Baig,M,85698,9999-01-01
105809,Remko,Frolund,M,40000,9999-01-01
105810,Subhankar,Shihab,F,49644,9999-01-01
105817,Mihalis,Junot,M,41926,9999-01-01
105839,Ziyad,Rosca,M,53442,9999-01-01
105852,Filipe,Beetstra,M,61179,9999-01-01
105860,Heeju,Juneja,F,40000,9999-01-01
105876,Eldridge,Junet,M,40000,9999-01-01
105878,Dhritiman,Malabarba,F,40000,9999-01-01
105884,Arvind,Esposito,F,54610,9999-01-01
105886,Stafford,Mitchem,M,79210,9999-01-01
105889,Constantino,Blokdijk,M,56143,9999-01-01
105910,Guozhong,Zaccaria,M,42079,9999-01-01
105915,Marsal,Pearson,M,47819,9999-01-01
105921,Willard,Gubsky,M,53323,9999-01-01
105926,Shahid,Mansanne,F,56038,9999-01-01
105934,Gor,Langford,M,43607,9999-01-01
105935,Danai,Koshiba,M,49967,9999-01-01
105965,Djelloul,Kolvik,F,60694,9999-01-01
105981,Bedir,Tyugu,M,67011,9999-01-01
105987,Vojin,Geffroy,F,40000,9999-01-01
105991,Ronnie,Raczkowsky,M,40000,9999-01-01
105998,Herb,Sanella,F,40508,9999-01-01
106003,Przemyslawa,Kemmerer,M,70147,9999-01-01
106007,Trygve,Ligten,F,68938,9999-01-01
106011,Youpyo,Takanami,M,73579,9999-01-01
106031,Hein,Peron,M,51827,9999-01-01
105421,Sadun,Schrooten,F,40000,9999-01-01
106040,Atreye,Terekhov,M,48790,9999-01-01
106042,Jiann,Calkin,F,40000,9999-01-01
106048,Urs,Schlumberger,F,76731,9999-01-01
105425,Minghong,Peir,F,56218,9999-01-01
106049,Tran,Zhang,M,82610,9999-01-01
105441,Abdelghani,Haldar,F,77975,9999-01-01
106063,Florian,Baaz,M,88281,9999-01-01
106206,Behnaam,Schlenzig,M,40000,9999-01-01
106083,Jacopo,Panangaden,M,73602,9999-01-01
106091,Mark,Nittel,F,50394,9999-01-01
106095,Zengping,Staelin,F,42341,9999-01-01
106107,Hidde,Undy,F,61234,9999-01-01
106212,Kristof,Pluym,F,51759,9999-01-01
106113,Shigenori,Gill,M,40000,9999-01-01
106214,Valdiodio,Demir,M,45338,9999-01-01
106222,Shim,Uludag,F,76443,9999-01-01
106121,Moni,Tiemann,M,40000,9999-01-01
106240,Shen,Ramras,F,46408,9999-01-01
106132,Yinlin,Schapiro,F,45501,9999-01-01
106133,Guadalupe,Heijenga,M,62184,9999-01-01
106254,Gian,Lowrie,M,78781,9999-01-01
106255,Luigi,Furedi,M,71684,9999-01-01
106161,Rafael,Baba,M,40000,9999-01-01
106163,Moto,Marwedel,M,40462,9999-01-01
106256,Yakichi,Michaeli,M,40000,9999-01-01
106166,Sahrah,Lukaszewicz,M,43575,9999-01-01
106278,Chanjung,Nooteboom,F,83509,9999-01-01
106177,Zongyan,DuCasse,M,40000,9999-01-01
106186,Gonzalo,Sewelson,M,102905,9999-01-01
106187,Kazuyasu,Rassart,F,72190,9999-01-01
106293,Froduald,Schicker,M,66303,9999-01-01
106190,Rosalyn,Kobuchi,M,68272,9999-01-01
106192,Alejandra,Calkin,M,40000,9999-01-01
106197,Geraldo,Ciolek,M,47431,9999-01-01
106198,Ayakannu,Uhrig,F,58620,9999-01-01
106307,Gil,Lunn,F,40000,9999-01-01
106317,Lein,Busillo,M,40831,9999-01-01
106319,Jayson,Azulay,M,70493,9999-01-01
106411,Anyuan,Marletta,F,40000,9999-01-01
106320,Lein,Gils,M,61408,9999-01-01
106417,Kwun,Clouatre,M,40000,9999-01-01
106425,Beshir,Rohrbach,M,47711,9999-01-01
106331,Fumiko,Lorch,F,40000,9999-01-01
106435,Collette,Christ,M,62696,9999-01-01
106340,Giordano,Plotkin,M,53526,9999-01-01
106441,Erzsebet,Narahari,M,68396,9999-01-01
106442,Mihalis,Yeung,F,61615,9999-01-01
106346,Perry,Cronan,M,40000,9999-01-01
106355,Lena,Schmiedel,M,63655,9999-01-01
106364,Bowen,Muhlberg,M,40000,9999-01-01
106383,Yechezkel,Denny,M,80175,9999-01-01
106582,Yinlin,Coney,F,43391,9999-01-01
106447,Tadanori,Herber,M,49865,9999-01-01
106451,Jiong,Tibblin,M,67407,9999-01-01
106457,Toshimitsu,Frezza,M,46491,9999-01-01
106462,Chanjung,Decaestecker,M,47904,9999-01-01
106463,Janalee,Poulakidas,F,41222,9999-01-01
106465,Nidapan,Guting,M,40000,9999-01-01
106466,Wayne,Anick,M,47606,9999-01-01
106584,Petter,Heydon,M,40000,9999-01-01
106587,Heekeun,Ranka,M,40000,9999-01-01
106482,Alselm,Selenyi,F,77323,9999-01-01
106589,Krister,Weedman,M,72652,9999-01-01
106487,Khalil,Ramsey,F,61975,9999-01-01
106592,Dipayan,Schade,M,40000,9999-01-01
106504,Tremaine,Panangaden,F,40000,9999-01-01
106606,Yuuichi,Wynblatt,M,40000,9999-01-01
106611,Shir,Vecchi,M,40000,9999-01-01
106531,Shuky,Eiron,M,51029,9999-01-01
106536,Ramachenga,Koblick,M,40000,9999-01-01
106616,Luigi,Braunschweig,F,40000,9999-01-01
106547,Quingbo,dAstous,M,62082,9999-01-01
106548,Nechama,Masada,M,40000,9999-01-01
106630,Vojin,Maliniak,M,101633,9999-01-01
106552,Abdulla,Schaap,F,49915,9999-01-01
106555,Rosalyn,Gaughan,F,72049,9999-01-01
106558,Otilia,Brobst,F,41656,9999-01-01
106560,Tsuneo,Baar,M,40000,9999-01-01
106633,Jinxi,Kugler,M,40000,9999-01-01
106567,Weiye,Chepyzhov,F,40000,9999-01-01
106634,Ingmar,Rettelbach,F,77974,9999-01-01
106645,Mechthild,Murtagh,F,59196,9999-01-01
106756,Arup,Suessmith,F,71811,9999-01-01
106764,Bedrich,Bernardinello,M,41988,9999-01-01
106773,Tokuyasu,Simmel,M,45174,9999-01-01
106795,Arlette,Binding,M,40858,9999-01-01
106797,Aran,Raoux,F,58863,9999-01-01
106798,Phillip,Dratva,M,59998,9999-01-01
106819,Takahira,Coombs,F,50336,9999-01-01
106836,Yurii,Ghemri,M,49410,9999-01-01
106838,Hatem,Luke,F,60711,9999-01-01
106843,Mansur,Miara,M,64995,9999-01-01
106845,Urs,Niizuma,M,43858,9999-01-01
106648,Khue,Masamoto,M,55524,9999-01-01
106667,Stabislas,Anick,M,50340,9999-01-01
106868,Roselyn,Tagansky,F,70730,9999-01-01
106869,Claudi,Mullainathan,F,43859,9999-01-01
106877,Temple,Hemaspaandra,F,56319,9999-01-01
106897,Susanna,Chaudhury,M,86978,9999-01-01
106670,Uli,Provine,M,53246,9999-01-01
106678,Vishwani,Oppitz,F,42908,9999-01-01
106914,Ayakannu,Zuberek,F,40000,9999-01-01
106679,Mahmut,Tasistro,F,40500,9999-01-01
106928,Hongzhu,Merks,F,50376,9999-01-01
106933,Moni,Rahimi,M,89360,9999-01-01
106684,Tayeb,Unno,M,70215,9999-01-01
106935,Kazuhiko,Farrow,F,78007,9999-01-01
106690,Shushma,Heyers,M,40963,9999-01-01
106703,Gennady,Kuzuoka,M,40000,9999-01-01
106942,Eckart,Klassen,M,50073,9999-01-01
106943,Fai,Pintelas,M,46746,9999-01-01
106946,Oksana,Luiz,M,100204,9999-01-01
106721,Shigehiro,Furedi,F,53043,9999-01-01
106953,Navid,Riesenhuber,F,51195,9999-01-01
106736,Marla,Raczkowsky,M,41285,9999-01-01
106981,Maren,Vilarrasa,M,40000,9999-01-01
106985,Adhemar,Pfau,F,40000,9999-01-01
106737,Shigeu,Rosay,M,56136,9999-01-01
106743,Alselm,Erez,M,40000,9999-01-01
106987,Naftali,Gist,F,40000,9999-01-01
107131,Lijie,Streng,M,45823,9999-01-01
106994,Becky,Penttonen,F,54805,9999-01-01
107134,Oscar,Rosti,M,40000,9999-01-01
107145,Munehiko,Zielinski,M,40000,9999-01-01
107160,Wayne,Christianini,F,48722,9999-01-01
107173,Kellie,Luga,F,66709,9999-01-01
107000,Bowen,Uchoa,F,58611,9999-01-01
107205,Kasturi,Granlund,F,56416,9999-01-01
107018,Temple,Braunmuhl,F,40000,9999-01-01
107019,Noritoshi,Majewski,M,81407,9999-01-01
107209,Leszek,Zaiane,F,40000,9999-01-01
107025,Geoff,Sidje,M,44790,9999-01-01
107245,Horward,Docker,M,68492,9999-01-01
107032,Navid,Schlenzig,F,84400,9999-01-01
107053,Chinho,Macedo,M,40000,9999-01-01
107077,Faiza,Dichev,M,40000,9999-01-01
107090,Stein,Ferretti,M,43398,9999-01-01
107246,Eran,Naudin,F,40000,9999-01-01
107101,Moni,Crabtree,M,40232,9999-01-01
107103,Ranga,Schapire,M,57771,9999-01-01
107254,Dmitry,Simmen,F,40000,9999-01-01
107110,Wonhee,Lodder,M,54147,9999-01-01
107113,Sushant,VanScheik,F,65971,9999-01-01
107118,Jordanka,Skogmar,M,40000,9999-01-01
107119,Brewster,Ouhyoung,F,40000,9999-01-01
107258,Parviz,Zaumen,F,87036,9999-01-01
107262,Feiyu,Butterworth,M,40000,9999-01-01
107264,Josyula,Chinin,M,40000,9999-01-01
107276,Maja,Badache,M,40000,9999-01-01
107285,Valeri,Alameldin,F,40981,9999-01-01
107290,Reinhard,Jakobus,M,48949,9999-01-01
107292,Lokesh,Weiland,M,64509,9999-01-01
107320,Giordano,Chepyzhov,F,40000,9999-01-01
107293,Haldon,Ballarin,M,91575,9999-01-01
107329,Shigenori,Kavvadias,M,58795,9999-01-01
107330,Navid,Bednarek,F,72573,9999-01-01
107332,Dmitry,Emmart,M,74461,9999-01-01
107340,JiYoung,Peroz,F,40000,9999-01-01
107341,Felicidad,Garnick,M,43265,9999-01-01
107346,Arto,Kobuchi,M,40000,9999-01-01
107307,Eberhardt,Boyle,M,48442,9999-01-01
107359,Xiong,Lamma,M,69866,9999-01-01
107380,Matt,Demos,F,43817,9999-01-01
107383,Heon,Pargas,M,73971,9999-01-01
107386,Nimmagadda,Uhrig,M,40000,9999-01-01
107391,Jaideep,Steinauer,M,75536,9999-01-01
107392,Chinho,Panangaden,F,40000,9999-01-01
107500,Karoline,Masada,F,76558,9999-01-01
107406,Chanjung,Bernick,M,61878,9999-01-01
107409,Junichi,Oskamp,M,78984,9999-01-01
107413,Val,Markovitch,F,40000,9999-01-01
107425,Khaled,Bojadziev,M,60401,9999-01-01
107504,Shao,Hoppenstand,F,40000,9999-01-01
107440,Shimshon,Dulli,F,55065,9999-01-01
107506,Kenroku,Guting,M,61252,9999-01-01
107508,Rajmohan,Mapelli,F,91591,9999-01-01
107452,Shridhar,Bharadwaj,M,40771,9999-01-01
107517,Haldon,Nannarelli,F,69243,9999-01-01
107458,Zengping,Taneja,M,40000,9999-01-01
107466,Goo,Champarnaud,F,40000,9999-01-01
107474,Taiji,Goodrum,M,90921,9999-01-01
107531,Marie,Kugler,F,69532,9999-01-01
107488,Moto,Swiler,M,40000,9999-01-01
107491,Paris,Dichev,F,49177,9999-01-01
107540,Jaques,Soloway,F,56139,9999-01-01
107550,Aris,DasSarma,F,48975,9999-01-01
107553,Janche,Nittel,M,40000,9999-01-01
107682,Georgi,Leonhardt,M,40000,9999-01-01
107684,Uma,Chandrasekhar,F,86795,9999-01-01
107554,Zvonko,Conry,M,77044,9999-01-01
107570,Zine,Lueh,M,40000,9999-01-01
107693,Kenton,Bharadwaj,M,74358,9999-01-01
107695,Babette,Cmelik,M,63683,9999-01-01
107712,Sumant,Birjandi,M,53298,9999-01-01
107718,Ibibia,Dehkordi,M,40000,9999-01-01
107593,Freyja,Schwaller,M,61143,9999-01-01
107732,Nigel,Encarnacion,F,44224,9999-01-01
107744,Arno,Karner,F,41042,9999-01-01
107746,Kish,Barbanera,M,65413,9999-01-01
107747,Cathie,Erman,M,61781,9999-01-01
107748,Serap,Picht,M,40000,9999-01-01
107759,Golgen,Coorg,M,52504,9999-01-01
107764,Moie,Mersereau,M,40000,9999-01-01
107780,Masasuke,Gewali,F,45786,9999-01-01
107782,Gadiel,Rajala,M,40000,9999-01-01
107597,Vasilis,Schaft,F,51414,9999-01-01
107797,Wayne,Strandh,M,43210,9999-01-01
107800,Goncalo,Stenning,M,66719,9999-01-01
107807,Narain,Granlund,F,90121,9999-01-01
107809,Mihalis,Facello,M,47582,9999-01-01
107810,Richara,Trogemann,M,55564,9999-01-01
107816,Xinyu,Validov,F,42366,9999-01-01
107620,Gift,Katiyar,F,43390,9999-01-01
107822,Hatem,Kroll,M,81854,9999-01-01
107823,Nimmagadda,Bail,M,63309,9999-01-01
107825,Shounak,Hemaspaandra,M,40000,9999-01-01
107840,Krister,Hettesheimer,M,74188,9999-01-01
107892,Aral,Ambroszkiewicz,M,40000,9999-01-01
107895,Toshimitsu,Pappas,M,40000,9999-01-01
107901,Munir,Honiden,M,65097,9999-01-01
107924,Achilleas,Georgakopoulos,F,55206,9999-01-01
107935,Odysseas,Walstra,F,40000,9999-01-01
107937,Apostol,Marzano,F,44197,9999-01-01
107950,Kagan,Birke,F,40000,9999-01-01
107955,Kauko,Zhang,M,40000,9999-01-01
107959,Kenton,Sankaranarayanan,M,53499,9999-01-01
107623,Yagil,Kilgour,F,40634,9999-01-01
107982,Tsuneo,Underwood,M,80070,9999-01-01
107985,Hausi,Cools,M,66727,9999-01-01
107990,Christoper,Puppo,F,57973,9999-01-01
107996,Licheng,Nitta,M,77034,9999-01-01
107997,Masoud,Perfilyeva,F,68517,9999-01-01
107625,Quingbo,Schwabacher,F,40000,9999-01-01
108018,Subhankar,Halevi,F,55142,9999-01-01
108020,Marin,Norsworthy,F,57973,9999-01-01
108028,Przemyslawa,Hagimont,M,40000,9999-01-01
107669,Shirish,Kermarrec,F,40000,9999-01-01
108048,Zhenhua,Dredge,F,70099,9999-01-01
108050,Hairong,Sommer,M,40421,9999-01-01
108053,Abdelghani,Nilsson,F,76316,9999-01-01
108064,Shimshon,Otillio,M,44249,9999-01-01
108070,Khoa,Bennis,F,58695,9999-01-01
108078,Horward,Demian,F,48361,9999-01-01
108081,Lucien,Dulli,F,40000,9999-01-01
108092,Uzi,Edelhoff,F,44220,9999-01-01
108096,Arun,Bazzichi,F,40000,9999-01-01
108109,Alassane,Holburn,M,49024,9999-01-01
108114,Leon,Kobara,F,46169,9999-01-01
107674,Xuejia,Saoudi,F,75985,9999-01-01
108119,Qingxiang,Melton,M,67495,9999-01-01
108122,Moti,Terkki,M,75832,9999-01-01
108126,Izaskun,Shackell,F,68011,9999-01-01
108137,Panayotis,Ermel,M,40000,9999-01-01
108138,Berto,Middleton,F,67590,9999-01-01
108148,Szabolcs,Tyugu,M,43395,9999-01-01
108150,Shrikanth,Peternell,M,40000,9999-01-01
108153,Lene,Puppo,F,57477,9999-01-01
108244,Torsten,Savasere,F,47637,9999-01-01
108176,Aksel,Piazza,M,40000,9999-01-01
108179,Constantijn,Crelier,M,54941,9999-01-01
108181,Ulises,Passino,M,54917,9999-01-01
108184,Kien,Merks,F,55766,9999-01-01
108212,Masali,Versino,F,75248,9999-01-01
108217,Mohan,Munoz,M,49154,9999-01-01
108218,Akeel,Piveteau,F,40000,9999-01-01
108223,Henk,Cangellaris,F,55782,9999-01-01
108246,Lijie,Spinelli,M,58573,9999-01-01
108251,Adhemar,Muhling,F,53380,9999-01-01
108262,Yannis,Alpay,F,44889,9999-01-01
108433,Henk,Schaad,F,40177,9999-01-01
108440,Xiaoqiang,Conta,M,60258,9999-01-01
108453,Ipke,Chappelet,M,40000,9999-01-01
108461,Aral,Sury,F,55988,9999-01-01
108279,Kellie,Chepyzhov,F,40000,9999-01-01
108474,Stella,Schaft,M,40000,9999-01-01
108503,Krisda,Badr,M,65149,9999-01-01
108505,Arvin,Iwayama,M,56139,9999-01-01
108507,Marsja,Lund,M,40000,9999-01-01
108300,Arlette,Gyimothy,F,47077,9999-01-01
108524,Radhia,Chinal,M,40000,9999-01-01
108536,Fumino,Baba,F,59777,9999-01-01
108541,Jordanka,Mapelli,M,40009,9999-01-01
108548,Sajjad,Aingworth,M,48304,9999-01-01
108561,Kasturi,Luft,M,40000,9999-01-01
108588,Shahaf,Coney,M,40000,9999-01-01
108307,Diederik,Suermann,M,94766,9999-01-01
108597,Kazuhira,Einsfeld,M,40000,9999-01-01
108325,Sudharsan,Puppo,F,47639,9999-01-01
108612,Ung,Joslin,M,40000,9999-01-01
108616,Fan,Feldmann,F,60258,9999-01-01
108624,Collette,Castellani,M,47672,9999-01-01
108627,Kenroku,Harbusch,F,56920,9999-01-01
108641,Atreye,Schueller,M,41036,9999-01-01
108332,Genevieve,Swick,M,68229,9999-01-01
108668,Maia,Staelin,F,40000,9999-01-01
108669,Jeanne,Garnham,M,40000,9999-01-01
108676,Alassane,Angot,M,40000,9999-01-01
108338,Sadok,Schauser,F,53224,9999-01-01
108686,Chenxi,Gadepally,F,40094,9999-01-01
108700,Sarita,Stanfel,F,41407,9999-01-01
108713,Yinghua,Heering,M,40000,9999-01-01
108363,Aloke,Luef,F,59999,9999-01-01
108717,Heng,Kitsuregawa,M,59855,9999-01-01
108729,Jiang,Vesel,M,82598,9999-01-01
108364,Jiafu,Chelton,M,59004,9999-01-01
108740,Eishiro,Szemeredi,M,88151,9999-01-01
108367,Rimon,Rouquie,M,75391,9999-01-01
108375,Greger,Ananiadou,M,41508,9999-01-01
108761,Nahid,Mandell,F,40000,9999-01-01
108763,Sadegh,Cooke,F,78160,9999-01-01
108391,Naftali,Pocchiola,M,60136,9999-01-01
108765,Nidapan,Fadgyas,M,55869,9999-01-01
108770,Ugo,Onuegbe,M,46874,9999-01-01
108410,Sanjai,Smailagic,F,40000,9999-01-01
108794,Basil,Bamford,F,40000,9999-01-01
108420,Baruch,Pietrzykowski,F,71215,9999-01-01
108822,Sachem,Senzako,F,55122,9999-01-01
108823,Teiji,Litzkow,F,57527,9999-01-01
108825,Kaijung,Danecki,M,65012,9999-01-01
108828,Arup,Denti,M,53688,9999-01-01
108833,Eirik,Milicic,F,55838,9999-01-01
108839,Denis,Felcyn,M,40000,9999-01-01
108841,Otmar,Dayang,M,40000,9999-01-01
108842,Giordano,Heijenga,F,94385,9999-01-01
108845,Randy,Hemaspaandra,M,40000,9999-01-01
108850,Soenke,Honiden,F,40000,9999-01-01
108977,Otilia,Rettelbach,M,40000,9999-01-01
108871,Terresa,Middleton,M,61250,9999-01-01
108884,Basant,Deverell,M,83699,9999-01-01
108985,Masanao,Bressoud,F,59458,9999-01-01
108911,Shaz,Ramaiah,M,40000,9999-01-01
108935,Heather,Wilharm,M,40000,9999-01-01
108940,Barna,Baumann,M,40000,9999-01-01
108947,Ottavia,Doering,F,40000,9999-01-01
108993,Yongmin,Mitchem,M,63698,9999-01-01
108954,Kellie,Vieri,M,42648,9999-01-01
108963,Sanjiv,Barvinok,M,53946,9999-01-01
108971,Clyde,Feinberg,F,41544,9999-01-01
108994,Shahar,Bashian,M,40222,9999-01-01
108997,Arch,Liesche,F,49656,9999-01-01
109167,Uli,Harllee,F,40000,9999-01-01
109010,Shaibal,Yavatkar,F,40000,9999-01-01
109174,Sanjiv,Zschoche,M,40000,9999-01-01
109175,Hatsukazu,Kornyak,M,40000,9999-01-01
109180,Nevin,Rousseau,F,57019,9999-01-01
109181,Rildo,Lally,F,64365,9999-01-01
109189,Billie,Codenie,M,73531,9999-01-01
109193,Garnet,Scharstein,M,66788,9999-01-01
109204,Paris,Ratnakar,F,40000,9999-01-01
109205,Shrikanth,Kuzuoka,M,40000,9999-01-01
109231,Jianwen,Schiper,M,40000,9999-01-01
109261,Marla,Undy,F,43490,9999-01-01
109263,Jessie,Erev,M,48514,9999-01-01
109267,Ziyad,Bardell,F,44179,9999-01-01
109281,Moni,Bahk,F,51008,9999-01-01
109284,Mingdong,Junot,F,40000,9999-01-01
109285,Xudong,Nicolson,F,40000,9999-01-01
109289,Jaewoo,Broomell,M,40000,9999-01-01
109291,Cullen,Theuretzbacher,F,62026,9999-01-01
109294,Udi,Savasere,M,67916,9999-01-01
109306,Isaac,Pietrzykowski,M,61192,9999-01-01
109311,Jianhui,Antonisse,F,65042,9999-01-01
109318,Gift,Brlek,M,83039,9999-01-01
109323,Shuho,Gomatam,M,40000,9999-01-01
109334,Tsutomu,Alameldin,M,123668,9999-01-01
109349,Stevo,Birrer,M,40000,9999-01-01
109052,Xianlong,McFarlin,F,65126,9999-01-01
109356,Carrsten,Puppo,F,40000,9999-01-01
109369,Jenwei,Dymetman,M,66914,9999-01-01
109373,Becky,Pesch,M,40000,9999-01-01
109379,Ramya,Rindone,M,81401,9999-01-01
109380,Kagan,Luan,M,91119,9999-01-01
109389,Kwun,Pramanik,F,82117,9999-01-01
109393,Bodo,Birrer,M,48912,9999-01-01
109400,Arumugam,Borstler,M,40000,9999-01-01
109425,Eric,Hettesheimer,M,85391,9999-01-01
109427,Tremaine,Standera,M,40000,9999-01-01
109436,Sanjit,Kamble,F,65589,9999-01-01
109448,Subhankar,Socorro,F,57727,9999-01-01
109451,Huei,Kropatsch,F,40000,9999-01-01
109465,Shaowei,Furedi,M,49234,9999-01-01
109470,Aram,Moffat,M,76886,9999-01-01
109481,Charmane,Heijenga,M,40000,9999-01-01
109483,Ziya,Schlumberger,M,58846,9999-01-01
109080,Demin,Dratva,M,43213,9999-01-01
109496,Mariusz,Esposito,M,61761,9999-01-01
109506,Divine,Kermarrec,F,40000,9999-01-01
109520,Rasikan,Lorin,M,40000,9999-01-01
109524,Mong,Merle,M,63277,9999-01-01
109528,Srinidhi,Kushnir,F,70277,9999-01-01
109083,Moto,Merel,M,81320,9999-01-01
109090,Mircea,Bale,F,57456,9999-01-01
109560,Ymte,Hoogerwoord,F,91629,9999-01-01
109561,Radhika,Makinen,M,40000,9999-01-01
109565,Halsur,Kavvadias,M,51822,9999-01-01
109575,Jinxi,Kusalik,M,44051,9999-01-01
109097,Maya,Jeong,M,52008,9999-01-01
109584,Baoqiu,Sewelson,F,40000,9999-01-01
109111,Dietrich,Veevers,M,49338,9999-01-01
109610,Kotesh,Pelc,F,40000,9999-01-01
109623,Parviz,Aingworth,F,60639,9999-01-01
109642,Aron,Nanard,F,40000,9999-01-01
109643,Faiza,Ratzlaff,M,55418,9999-01-01
109114,Kwangyoen,Azevdeo,M,50256,9999-01-01
109672,Maia,Zhiwei,F,43009,9999-01-01
109675,Peer,McConalogue,M,40000,9999-01-01
109678,Radhia,Onuegbe,F,40000,9999-01-01
109681,Marsal,Ramaiah,M,40000,9999-01-01
109687,Khedija,Gecseg,F,40000,9999-01-01
109117,Arnould,Garnier,F,70502,9999-01-01
109696,Poornachandra,Erdmenger,M,73870,9999-01-01
109699,Pintsang,Duclos,M,68285,9999-01-01
109125,Adly,Piveteau,M,72554,9999-01-01
109147,Tetsushi,Dengi,F,44103,9999-01-01
109729,Sorina,DiGiano,F,52488,9999-01-01
109730,Mats,Rubsam,M,40000,9999-01-01
109734,Maya,Plessier,M,74932,9999-01-01
109740,Jacqueline,Bahl,F,62950,9999-01-01
109747,Tadahiko,Rullman,F,61675,9999-01-01
109748,Dayanand,Suessmith,M,47780,9999-01-01
109775,Uli,Gill,M,40000,9999-01-01
109787,Shuho,Hebden,M,43871,9999-01-01
109790,Torsten,Ravishankar,M,51766,9999-01-01
109793,Zhanqiu,Oppitz,M,40000,9999-01-01
109795,Francoise,Fujisaki,F,73482,9999-01-01
109799,Bouchung,Stanger,F,40368,9999-01-01
109150,Jongsuk,Dayana,M,58114,9999-01-01
109809,Kazuhide,Cherinka,F,41558,9999-01-01
109811,Eric,Wendorf,F,40000,9999-01-01
109824,Aleksander,Luit,M,94388,9999-01-01
109827,Eckart,Strooper,F,40000,9999-01-01
109155,Serenella,Gill,M,70310,9999-01-01
109837,Qiwen,Kusakari,F,40000,9999-01-01
109851,Heping,Spell,F,49527,9999-01-01
109852,Adel,Kusakabe,F,77482,9999-01-01
109902,Kersti,Terlouw,M,64201,9999-01-01
109867,Conor,Merle,M,40000,9999-01-01
109878,Goetz,Goldhammer,M,57669,9999-01-01
109885,Mooi,Sessa,F,40000,9999-01-01
109898,Armond,Cardazo,M,40000,9999-01-01
109915,Abdelghani,Cannane,F,40025,9999-01-01
200069,Chuanyi,Maraist,M,48019,9999-01-01
200070,Yurii,Sury,F,40000,9999-01-01
200071,Karsten,Boyle,M,66862,9999-01-01
200074,Muzhong,Birjandi,F,72319,9999-01-01
200079,Candida,Riefers,M,63691,9999-01-01
200089,Sampalli,Kuhnemann,F,40000,9999-01-01
109938,Kinh,Isard,M,51333,9999-01-01
200108,Abdelwaheb,Chvatal,M,40000,9999-01-01
200116,Eben,Nivat,F,81381,9999-01-01
200148,Sajjan,Schapire,M,58462,9999-01-01
109949,Gian,Chinal,M,52796,9999-01-01
200166,Huan,Feldmann,F,77035,9999-01-01
200171,Hilari,Gyorkos,F,40000,9999-01-01
200185,Fay,Standera,M,47315,9999-01-01
109951,Nahla,Pell,F,40000,9999-01-01
200196,Xuejia,Akazan,F,58069,9999-01-01
200202,Maria,Radwan,M,63975,9999-01-01
200212,Erez,Suomi,M,64457,9999-01-01
200216,Jianhua,Merey,M,70351,9999-01-01
109966,Khatoun,Valette,F,87742,9999-01-01
200221,Hinrich,Marquardt,M,40000,9999-01-01
109970,Irene,Masaki,M,40000,9999-01-01
200247,Chaoyi,Beznosov,M,92900,9999-01-01
200251,King,Vasanthakumar,M,41507,9999-01-01
200256,Greger,Hockney,M,40000,9999-01-01
200260,Tse,Radivojevic,M,48903,9999-01-01
200264,Barna,Cusworth,M,40403,9999-01-01
200274,Heekeun,England,F,50639,9999-01-01
109990,Rosalie,Parfitt,M,40000,9999-01-01
200289,Thodoros,Schurmann,M,55063,9999-01-01
200317,Aleksandar,Angel,M,47715,9999-01-01
109991,Jinxi,Reistad,M,40000,9999-01-01
200324,Masamitsu,McDermid,F,40593,9999-01-01
200332,Feipei,Goldhammer,M,86090,9999-01-01
200333,Honesty,Kruskal,M,40000,9999-01-01
200334,Basem,Bojadziev,M,58014,9999-01-01
200342,Ger,Goldhammer,F,40000,9999-01-01
200348,Abdulla,Back,M,56392,9999-01-01
200352,Yucel,Jansen,M,44625,9999-01-01
109996,Dines,Gelosh,F,79341,9999-01-01
200365,Shiv,Tramer,M,62371,9999-01-01
200368,Yuichiro,Kornyak,F,41836,9999-01-01
200370,Rafail,Trumbly,M,51011,9999-01-01
200380,Foong,Kriebel,F,40000,9999-01-01
200382,Mansur,Pauthner,M,90953,9999-01-01
200399,Hairong,Krohn,M,40000,9999-01-01
200400,Goo,Negoita,F,52654,9999-01-01
200433,Gilbert,Bolotov,F,74513,9999-01-01
200434,Mabry,Boguraev,M,43852,9999-01-01
200443,Goh,Einsfeld,F,49111,9999-01-01
200455,Aksel,Businaro,F,69170,9999-01-01
200476,Vishwani,Frezza,M,43907,9999-01-01
109997,Miquel,Borovoy,M,47339,9999-01-01
200486,Vidar,Junet,F,40000,9999-01-01
200491,Chinhyun,Bain,M,75846,9999-01-01
200492,Mizuhito,Leonhardt,M,40000,9999-01-01
200499,Rafail,Bultermann,F,78425,9999-01-01
200503,Kersti,Schapire,M,40000,9999-01-01
109998,Mizuhito,Heping,M,59220,9999-01-01
200511,Duke,Gilg,M,70017,9999-01-01
200512,Christophe,Engberts,M,40000,9999-01-01
110183,Shirish,Ossenbruggen,F,48291,9999-01-01
200526,Divine,Czaja,F,40000,9999-01-01
110386,Shem,Kieras,M,40000,9999-01-01
200564,Elrique,Kenevan,F,47183,9999-01-01
111133,Hauke,Zhang,M,71148,9999-01-01
200575,Izaskun,Kuzuoka,F,52133,9999-01-01
200586,Geraldo,Beznosov,F,74919,9999-01-01
111534,Hilary,Kambil,F,48077,9999-01-01
200601,Susuma,Lindqvist,M,56423,9999-01-01
200605,Serenella,Rikino,F,59136,9999-01-01
200612,Dannz,Veevers,M,74722,9999-01-01
111692,Tonny,Butterworth,F,40000,9999-01-01
200008,Zeydy,Hutter,F,52321,9999-01-01
200618,Berna,Panienski,M,89477,9999-01-01
200030,LiMin,Schonegge,M,63520,9999-01-01
200645,Chuanyi,Guardalben,F,41267,9999-01-01
200658,Nathan,Gire,F,67624,9999-01-01
200666,Weicheng,Dusink,M,40000,9999-01-01
200687,Berto,Stassinopoulos,M,40000,9999-01-01
200047,Charlene,Miculan,M,40000,9999-01-01
200695,Geraldo,Zongker,F,40000,9999-01-01
200700,Krister,Ducloy,F,40000,9999-01-01
200702,Mary,Eldridge,M,42004,9999-01-01
200714,JoAnne,Sudbeck,M,42644,9999-01-01
200715,Gretta,Schwabacher,M,71476,9999-01-01
200716,Bodh,Billingsley,M,40000,9999-01-01
200722,Nahla,Delgrande,M,63586,9999-01-01
200743,Annemarie,Roohalamini,M,79979,9999-01-01
200048,Ronghao,Remmele,M,48983,9999-01-01
200749,Terresa,Haraldson,M,68283,9999-01-01
200750,Jeane,Kusakabe,M,74181,9999-01-01
200752,Hausi,Wiegley,M,58289,9999-01-01
200050,Kensyu,Thorelli,M,52901,9999-01-01
200768,Minghong,Schmittgen,F,64946,9999-01-01
200776,Sigeru,Merlo,F,54093,9999-01-01
200054,Rildo,Cronan,M,42684,9999-01-01
200785,Aemilian,Schlenzig,F,54217,9999-01-01
200797,Pragnesh,Kilgore,F,65682,9999-01-01
200798,Godehard,Kossowski,F,76330,9999-01-01
200999,Ger,Streng,M,40000,9999-01-01
200801,Tomokazu,Chorvat,F,40000,9999-01-01
200809,Arvin,Basawa,M,54821,9999-01-01
200814,Shai,Hegner,M,45791,9999-01-01
200864,Arco,Bhattacharjee,F,46632,9999-01-01
201014,Geoff,Siprelle,F,54629,9999-01-01
200880,Francesca,Matheson,M,48873,9999-01-01
200904,Ziva,Cincotta,F,50529,9999-01-01
200906,Pradeep,Kusakari,M,59829,9999-01-01
200909,Neven,Krogh,M,76993,9999-01-01
201034,Ioana,Montemayor,F,40000,9999-01-01
200951,Shalesh,Brender,F,55456,9999-01-01
200953,Tadahiro,Lagarias,M,40000,9999-01-01
200954,Bojan,Garnier,F,40000,9999-01-01
200956,Alassane,Kadhim,M,87972,9999-01-01
200958,Khatoun,Rabehasaina,F,62480,9999-01-01
200959,Dhritiman,Speek,M,40000,9999-01-01
200962,Goh,Melter,M,40000,9999-01-01
200984,Niranjan,Picht,M,40000,9999-01-01
200985,Shichao,Gecseg,M,76045,9999-01-01
201089,Felicidad,Luon,F,48618,9999-01-01
201171,Zhenhua,Hofmeyr,M,40000,9999-01-01
201173,Martien,Vecchi,M,40000,9999-01-01
201176,Masami,Auyong,F,63162,9999-01-01
201178,Kristof,Conta,M,60543,9999-01-01
201190,Zdislav,Melski,M,52202,9999-01-01
201191,Kitty,Basagni,F,69716,9999-01-01
201194,Oksana,Mersereau,F,63476,9999-01-01
201195,Torsten,Trogemann,M,78183,9999-01-01
201205,Shaunak,Haddadi,M,40000,9999-01-01
201213,Constantijn,Flexer,M,40000,9999-01-01
201228,Shem,Jayawardene,M,87250,9999-01-01
201238,Karlis,Makrucki,M,40000,9999-01-01
201246,Yucel,Marchesini,M,40000,9999-01-01
201250,Yuguang,Marchesini,M,57110,9999-01-01
201256,Takanari,Undy,M,56409,9999-01-01
201266,Uma,Rissanen,F,74676,9999-01-01
201269,Pranav,Brookman,F,47634,9999-01-01
201276,Jiang,Nittel,M,59254,9999-01-01
201278,Aloys,Cherinka,M,58097,9999-01-01
201280,Adit,Varley,F,55245,9999-01-01
201293,Danae,Yetim,M,40000,9999-01-01
201305,Byong,Khalid,F,49466,9999-01-01
201306,Mani,Landherr,M,53219,9999-01-01
201324,Zvonko,Stanfel,M,80344,9999-01-01
201327,Demos,Pluym,M,40000,9999-01-01
201331,Aleksandar,Mamelak,M,50143,9999-01-01
201333,Mircea,Perl,F,47424,9999-01-01
201342,Ramachenga,Maierhofer,M,41467,9999-01-01
201346,Bouchung,Orlowska,F,40000,9999-01-01
201348,Renee,Esposito,M,75576,9999-01-01
201092,Alejandro,Hedayat,F,40000,9999-01-01
201094,Martial,Passafiume,F,52093,9999-01-01
201098,Laurentiu,Kushner,M,40000,9999-01-01
201358,Toshimitsu,Erdmenger,M,87898,9999-01-01
201362,Pradeep,Luck,M,86354,9999-01-01
201368,Vishu,Baumann,F,42659,9999-01-01
201374,Luigi,Fendler,F,53659,9999-01-01
201379,Jagoda,Karnin,M,46684,9999-01-01
201383,Changho,Garnick,F,55929,9999-01-01
201104,Taegyun,Sadowski,F,44530,9999-01-01
201410,Renny,Gils,M,46676,9999-01-01
201122,Kristen,Camarinopoulos,F,61830,9999-01-01
201426,Garnet,Sudkamp,M,40000,9999-01-01
201429,Kristine,Gecsel,M,57495,9999-01-01
201433,Tonny,Journel,F,56043,9999-01-01
201444,Hongzhu,Businaro,F,44157,9999-01-01
201453,Guttorm,Hainaut,M,58347,9999-01-01
201462,Jolita,Erva,F,54790,9999-01-01
201465,Etsuo,Peyn,F,56714,9999-01-01
201126,Jaewoo,Kitsuregawa,F,59330,9999-01-01
201492,Shrikanth,Demizu,M,40000,9999-01-01
201127,Parke,Reeker,M,58428,9999-01-01
201517,Yoshinari,Jayawardene,M,74190,9999-01-01
201132,Tadahiko,Showalter,M,75406,9999-01-01
201524,Felicidad,Flasterstein,M,44027,9999-01-01
201536,Shalesh,Birke,F,60918,9999-01-01
201544,Krister,Zaiane,M,91768,9999-01-01
201547,Sampalli,Juneja,F,64402,9999-01-01
201560,Brendon,Varley,M,40000,9999-01-01
201573,Nikolaus,Herath,M,50948,9999-01-01
201583,Boutros,Woycyznski,M,40000,9999-01-01
201603,Vincent,Lores,M,40000,9999-01-01
201621,Kagan,Plump,M,86896,9999-01-01
201628,Chaoyi,Massonet,F,41834,9999-01-01
201633,Shigehito,Vidal,F,52698,9999-01-01
201645,Gino,Olano,F,78999,9999-01-01
201651,Isaac,Yetim,M,40000,9999-01-01
201662,Khalid,Cronau,M,67451,9999-01-01
201135,Shaw,Jahnichen,M,49387,9999-01-01
201678,Alper,McFarlan,F,40000,9999-01-01
201686,Brewster,Comte,F,40000,9999-01-01
201141,Jiafu,Zielinski,F,69788,9999-01-01
201701,Yishai,Tasistro,M,40346,9999-01-01
201714,Lokesh,Hinsberger,M,40000,9999-01-01
201150,Chaosheng,Miculan,F,69972,9999-01-01
201729,Fuqing,Nilsson,F,40000,9999-01-01
201733,Kirk,Melichar,F,40000,9999-01-01
201157,Jasminko,Fontan,F,46156,9999-01-01
201742,Dung,Erva,M,71622,9999-01-01
201911,Sanjay,Yeung,M,65051,9999-01-01
201777,Wonhee,Perl,F,73596,9999-01-01
201782,Nidapan,Provine,M,45207,9999-01-01
201796,Zengping,Poehlman,F,59063,9999-01-01
201810,Sadegh,Syang,M,58502,9999-01-01
201819,Jaihie,Taubman,M,40000,9999-01-01
201821,Arne,Eterovic,M,40000,9999-01-01
201848,Elvis,Ebeling,F,72206,9999-01-01
201854,Lunjin,Varman,M,47132,9999-01-01
201914,Mohamadou,Veccia,F,40000,9999-01-01
201860,Demin,Sewelson,M,69878,9999-01-01
201878,Mani,Binding,M,66841,9999-01-01
201879,Paloma,Crelier,M,51698,9999-01-01
201884,Chikara,Matzat,F,40000,9999-01-01
201931,Chirstian,Anily,M,40000,9999-01-01
201896,Fusako,Kohling,M,66598,9999-01-01
201936,Remmert,Ishibashi,F,60784,9999-01-01
201944,Shooichi,Guting,F,40000,9999-01-01
202111,Irene,Breugel,F,40000,9999-01-01
202119,Adib,Passino,F,57403,9999-01-01
201953,Hercules,Waeselynck,F,40000,9999-01-01
202142,LiMin,Varley,M,61522,9999-01-01
202144,Atreye,Reutenauer,M,40000,9999-01-01
202145,Lubomir,Ghandeharizadeh,M,40000,9999-01-01
202149,Pragnesh,Bridgland,F,86001,9999-01-01
201956,Kazuhito,Biron,M,47312,9999-01-01
202163,Fayez,Dayana,M,42545,9999-01-01
202173,Ekawit,Veeraraghavan,F,40000,9999-01-01
201957,Moheb,Iisaku,M,44985,9999-01-01
202175,Dzung,Akaboshi,F,54832,9999-01-01
202179,Emran,Munch,F,40000,9999-01-01
202190,Aemilian,Braccini,F,41116,9999-01-01
201959,Kazuhito,Yurek,M,40000,9999-01-01
201964,Val,Kropp,F,43436,9999-01-01
202211,Izaskun,Janocha,M,53954,9999-01-01
202223,Marit,Waschkowski,M,82928,9999-01-01
201974,Yuchang,Georgakopoulos,M,63134,9999-01-01
202232,Mack,Lalonde,F,40000,9999-01-01
202246,Froduald,Danecki,F,40000,9999-01-01
202257,Yakichi,Koshino,M,51345,9999-01-01
201976,Achilleas,Rosay,F,40000,9999-01-01
202271,Josyula,Benner,M,71249,9999-01-01
202276,Arif,Morrin,F,40000,9999-01-01
201983,Janche,Radhakrishnan,M,54957,9999-01-01
201992,Prasadram,Journel,F,40000,9999-01-01
202281,Serif,Ramras,M,40000,9999-01-01
202301,Charmane,Auyong,M,40000,9999-01-01
201997,Aran,Baez,M,54263,9999-01-01
202309,Sariel,Masand,F,45539,9999-01-01
202310,Krister,Perko,M,79767,9999-01-01
202315,Kirk,Mersereau,F,73130,9999-01-01
202328,Heather,Himler,M,40000,9999-01-01
202000,Erzsebet,Passino,M,52343,9999-01-01
202337,Horward,Passino,M,40956,9999-01-01
202339,Zine,Schaaf,F,71658,9999-01-01
202353,Zhiwei,Pashtan,F,40000,9999-01-01
202357,Make,Hedayat,F,43525,9999-01-01
202358,Martial,Whitcomb,M,40000,9999-01-01
202360,Indrajit,Jeong,M,48372,9999-01-01
202364,Alassane,Riefers,F,40000,9999-01-01
202006,Gritta,Peac,M,49739,9999-01-01
202372,Bernardo,Msuda,M,58626,9999-01-01
202375,Marke,Garnick,F,45256,9999-01-01
202386,Nadjib,Marshall,F,86296,9999-01-01
202393,Kazuhira,Butterworth,F,40000,9999-01-01
202013,Tremaine,Luders,F,43291,9999-01-01
202407,Oscal,Suessmith,F,40000,9999-01-01
202417,Mohan,DuBourdieux,F,61675,9999-01-01
202418,Xumin,Vuskovic,M,55459,9999-01-01
202423,Bikash,Veeraraghavan,M,65110,9999-01-01
202427,True,Ghandeharizadeh,M,40000,9999-01-01
202432,Aloys,Heering,M,56095,9999-01-01
202433,Baziley,Katzenelson,F,71691,9999-01-01
202435,Bokyung,Schonegge,F,57798,9999-01-01
202438,Abdulah,Antonisse,F,44429,9999-01-01
202446,Abdelghani,Rouquie,F,62097,9999-01-01
202449,Susumu,Baezner,M,48837,9999-01-01
202014,Mara,Bernatsky,F,61680,9999-01-01
202023,Mabhin,Radivojevic,F,64489,9999-01-01
202027,Arve,Puoti,M,69583,9999-01-01
202473,Sigeru,Perry,M,53685,9999-01-01
202033,Nishit,Oaver,F,40000,9999-01-01
202504,Caolyn,DasSarma,F,46287,9999-01-01
202507,Ziva,Marquardt,F,40000,9999-01-01
202516,Vishwani,Zykh,F,40000,9999-01-01
202521,Sanjai,Vickson,M,40000,9999-01-01
202042,Margareta,Strehl,F,73669,9999-01-01
202539,Fuqing,Brookman,M,40000,9999-01-01
202542,Valeri,Hiraishi,M,40000,9999-01-01
202549,Deborah,Thombley,F,54386,9999-01-01
202553,Limsoon,Krichel,M,64897,9999-01-01
202059,Kazuhide,Pietracaprina,M,40000,9999-01-01
202567,Visit,Capobianchi,F,48187,9999-01-01
202575,Wuxu,Christ,M,74183,9999-01-01
202599,Yechezkel,Stavenow,M,50947,9999-01-01
202606,Djenana,Jervis,M,53935,9999-01-01
202610,Berhard,Bage,F,49130,9999-01-01
202063,Xiaoqiu,Flanders,M,54353,9999-01-01
202625,Shuichi,Carrera,M,43366,9999-01-01
202626,Berna,Schreiter,F,62855,9999-01-01
202627,Katsuyuki,Reeker,M,40000,9999-01-01
202075,Stafford,Peternell,M,40000,9999-01-01
202083,Kwok,Heinisuo,F,40000,9999-01-01
202661,Luise,Schueller,F,53227,9999-01-01
202665,Mrinalini,Krider,M,40000,9999-01-01
202669,Percy,Chiodo,M,42616,9999-01-01
202677,LiMin,Decaestecker,F,40000,9999-01-01
202679,Persi,Birnbaum,F,40000,9999-01-01
202854,Mohamadou,Massonet,M,67865,9999-01-01
202691,Mohit,Kenevan,F,40000,9999-01-01
202701,Elgin,Molenkamp,M,40000,9999-01-01
202716,Georg,Murtha,M,40000,9999-01-01
202717,Moriyoshi,Wielonsky,M,40000,9999-01-01
202727,Fumiyo,Constantine,M,57828,9999-01-01
202736,Aloke,Asmuth,M,40000,9999-01-01
202750,Constantijn,Frolund,M,40000,9999-01-01
202809,Mariangiola,Anido,M,40000,9999-01-01
203021,Munenori,Chinin,M,40000,9999-01-01
203024,Billur,Zongker,M,43314,9999-01-01
203030,Mabhin,Schade,F,64484,9999-01-01
203033,Hugh,Hartvigsen,F,40000,9999-01-01
203050,Chandrasekaran,Georg,M,44513,9999-01-01
203051,Kiyotoshi,Meriste,F,40000,9999-01-01
203053,Shrikanth,Luke,F,86271,9999-01-01
203065,Weiwu,Matteis,F,41620,9999-01-01
203069,Hidekazu,DiGiano,M,85602,9999-01-01
203084,Cathie,Chelton,M,41377,9999-01-01
203085,George,Decleir,F,40000,9999-01-01
203088,Hairong,Braunschweig,M,87926,9999-01-01
202883,Mohd,Sluis,F,44784,9999-01-01
203101,Khaled,Waeselynck,F,40000,9999-01-01
203117,Genki,Mukaidono,M,50568,9999-01-01
203118,Aran,Lalonde,M,40000,9999-01-01
203124,Genta,Ranon,F,40000,9999-01-01
203125,Deniz,Prenel,M,40000,9999-01-01
203131,Ulises,Suwa,M,78174,9999-01-01
203149,Aleksandar,Borstler,M,52254,9999-01-01
203154,Ger,Baik,M,40000,9999-01-01
203159,Kristian,Przulj,F,40000,9999-01-01
203180,Faiza,Peac,F,74505,9999-01-01
203187,Xinan,Orsini,M,64706,9999-01-01
203188,Fox,Busillo,M,48114,9999-01-01
203189,Peternela,Rusterholz,F,57671,9999-01-01
203194,Mooi,Usery,M,40000,9999-01-01
202890,Aiman,Nicolson,M,40000,9999-01-01
203198,Fumiyo,Hertweck,M,44606,9999-01-01
202893,Hairong,Cappelli,M,40154,9999-01-01
202897,Gino,Mitsuhashi,M,40000,9999-01-01
203214,Paraskevi,Kilgour,M,76135,9999-01-01
203216,Seongbin,Hofman,M,67596,9999-01-01
203227,Nigel,Dalphin,M,42879,9999-01-01
203238,Fei,Zallocco,M,72195,9999-01-01
203244,Hitofumi,Sudbeck,M,40296,9999-01-01
203246,Fen,Schrift,M,40000,9999-01-01
203247,Anoosh,Heiserman,F,61596,9999-01-01
203258,Shaw,Garigliano,M,46816,9999-01-01
202905,Sham,Birdsall,M,40000,9999-01-01
203268,Uno,Poujol,F,77285,9999-01-01
203286,Hisao,Ginesta,M,40000,9999-01-01
202906,Sanjay,Reinhard,F,40000,9999-01-01
202915,Chiranjit,Spelt,M,49216,9999-01-01
203305,Naftali,Huttel,M,113050,9999-01-01
203308,Pantung,Stentiford,M,51513,9999-01-01
203309,Constantine,Tsukuda,M,58072,9999-01-01
203318,Xudong,Cooley,F,56536,9999-01-01
203319,Caolyn,Ramsay,F,64319,9999-01-01
203342,Uta,Wissmann,M,66230,9999-01-01
203346,Rildo,Liesche,M,44923,9999-01-01
202921,Frazer,Brookner,M,40000,9999-01-01
203360,Surveyors,Merks,M,40000,9999-01-01
203364,Spyrose,Herber,F,58905,9999-01-01
203376,Rajmohan,Curless,M,40000,9999-01-01
203377,Giordano,Lanteri,M,49783,9999-01-01
203385,Subhrajyoti,Maginnis,F,66717,9999-01-01
203388,Evgueni,Coorg,M,51364,9999-01-01
203390,Lech,Babu,F,66260,9999-01-01
202923,Kien,Leaver,F,49816,9999-01-01
202937,Heejo,Schlegelmilch,M,85624,9999-01-01
203398,Inderjeet,Ritzmann,F,40000,9999-01-01
203405,Alper,Giaccio,F,94090,9999-01-01
202941,Phuoc,Sinitsyn,M,52694,9999-01-01
203434,Yannik,Boreale,M,80359,9999-01-01
203436,Shushma,Usdin,M,40804,9999-01-01
203446,Kristen,Molenaar,M,51988,9999-01-01
203459,Lunjin,Juneja,M,40000,9999-01-01
203463,Ingmar,Nicolson,M,40000,9999-01-01
203465,Martina,Taneja,M,40000,9999-01-01
202944,Billur,Montemayor,M,54282,9999-01-01
203476,Abdulla,Flasterstein,M,40000,9999-01-01
203481,Chiradeep,Kriebel,F,59881,9999-01-01
203484,Guttorm,Gyimothy,M,57018,9999-01-01
203488,Stevo,Rosenbaum,F,46003,9999-01-01
203493,Ulf,Camarinopoulos,F,40000,9999-01-01
202948,Haldon,Bruckman,F,54557,9999-01-01
203522,Make,Biros,M,54630,9999-01-01
203525,Inderjeet,Snyers,M,40000,9999-01-01
202949,Jeanna,Bahr,M,40000,9999-01-01
203541,Youjian,Brookman,F,40000,9999-01-01
202963,Kinh,Chelton,F,40000,9999-01-01
203566,Thanasis,Zultner,F,40000,9999-01-01
202971,Fun,Dayana,M,66932,9999-01-01
203577,Niteen,Glowinski,F,61181,9999-01-01
203578,Vojin,Codenie,M,84216,9999-01-01
202977,Tomokazu,Matzen,M,40000,9999-01-01
203588,Youngkon,Hartvigsen,F,54513,9999-01-01
203593,Leszek,Kirkerud,M,71275,9999-01-01
203595,Aria,Ariola,M,68863,9999-01-01
203600,Fai,Journel,M,68032,9999-01-01
203608,Menkae,Kroll,F,57721,9999-01-01
203619,Shaibal,Awdeh,M,40000,9999-01-01
203627,Minghong,Bashian,F,52169,9999-01-01
202978,Valery,Solares,M,46766,9999-01-01
203639,Mircea,Farrag,M,40000,9999-01-01
203644,Oldrich,Onuegbe,F,43697,9999-01-01
203645,Tadahiro,Syang,M,51864,9999-01-01
202982,Takahito,Ritcey,M,43727,9999-01-01
203656,Chinhyun,Brodal,F,71705,9999-01-01
203657,Georg,Pocchiola,F,77463,9999-01-01
203667,Mabry,Conia,M,40000,9999-01-01
203672,Aram,Pettis,F,40000,9999-01-01
203673,Feixiong,Xiaoshan,M,40000,9999-01-01
202996,Tze,Hutter,M,54842,9999-01-01
203688,Hairong,Polajnar,F,93104,9999-01-01
203693,Sungwon,Pezzoli,F,40000,9999-01-01
203695,Teiji,Tasistro,M,60401,9999-01-01
203000,Tooru,Ibel,F,69892,9999-01-01
203007,Yunming,Lyonns,M,40000,9999-01-01
203759,Heon,Reutenauer,M,58729,9999-01-01
203013,Eran,Ritcey,M,47870,9999-01-01
203775,Shirish,Mitzlaff,M,40000,9999-01-01
203783,Luerbio,Bernini,F,64526,9999-01-01
203015,Giordano,Sury,M,40000,9999-01-01
203790,Jaewoo,Vecchio,F,41276,9999-01-01
203792,Hatim,Mahmud,M,64537,9999-01-01
203798,Nobuyoshi,Suomi,M,49539,9999-01-01
203808,Masaru,Atrawala,F,40000,9999-01-01
203816,Avishai,Akazan,M,40000,9999-01-01
203953,Lucian,Pokrovskii,M,72418,9999-01-01
203821,Ger,Gist,F,48348,9999-01-01
203831,Arunachalam,Angot,M,45995,9999-01-01
203839,Berthier,Hagimont,M,60338,9999-01-01
203848,Danel,Domenig,M,55657,9999-01-01
203856,Angel,Hiroyama,F,40000,9999-01-01
203883,Mart,Staylopatis,F,40000,9999-01-01
203896,Sumali,Ibel,M,52631,9999-01-01
203898,Odysseas,Mateescu,M,50377,9999-01-01
203914,George,Beutelspacher,M,40000,9999-01-01
203933,Bowen,Fortenbacher,M,66712,9999-01-01
204131,Kazuhira,Luit,F,40000,9999-01-01
204134,Xiaobin,Hofmeyr,M,82203,9999-01-01
204142,Xiping,Valette,F,62797,9999-01-01
204149,Moti,Kusakabe,M,48386,9999-01-01
204157,Danel,Gomatam,M,69648,9999-01-01
204159,Tzvetan,Shiratori,M,40000,9999-01-01
204160,Szabolcs,Carrere,F,43589,9999-01-01
204170,Rosalie,Marakhovsky,M,40000,9999-01-01
204172,Xuejun,Valette,F,40000,9999-01-01
204187,Wayne,Simmel,M,57986,9999-01-01
203963,Kiyotoshi,Shrader,M,53397,9999-01-01
204206,Nathalie,Picci,M,52432,9999-01-01
204219,Sakthirel,Halloran,M,76545,9999-01-01
204220,Xiaoshan,Bain,M,58868,9999-01-01
204237,Gay,Kumaresan,F,82183,9999-01-01
204242,Mansur,Ellozy,M,78173,9999-01-01
204248,Makato,Reghbati,F,59771,9999-01-01
204254,Billur,Famili,M,50770,9999-01-01
203967,Teiji,Genther,F,55531,9999-01-01
203972,Perla,Ebeling,M,71079,9999-01-01
204292,Khaled,Argence,M,82607,9999-01-01
203987,Apostol,Stanfel,M,48202,9999-01-01
204313,Hongzue,Khalil,M,40000,9999-01-01
204011,Kazuhiko,Massonet,F,78918,9999-01-01
204327,Jixiang,Simmen,M,53162,9999-01-01
204330,Danco,Stanfel,F,40000,9999-01-01
204337,Brewster,Erol,M,40000,9999-01-01
204367,Mitsuyuki,Henders,F,40000,9999-01-01
204378,Leaf,Stranks,F,40000,9999-01-01
204027,Alagu,Olano,M,52685,9999-01-01
204399,Uta,Peak,M,40000,9999-01-01
204409,Sushant,Chiola,M,45838,9999-01-01
204428,Yuping,Chandrasekhar,F,40000,9999-01-01
204029,Shaowen,Litzkow,M,83543,9999-01-01
204440,Gal,Kumaresan,M,40000,9999-01-01
204034,Arco,Botman,F,40000,9999-01-01
204463,Chanjung,Reghbati,M,55721,9999-01-01
204469,Ramya,Cmelik,M,84565,9999-01-01
204484,Baziley,Gruenwald,M,40000,9999-01-01
204055,Kauko,Stiles,M,60936,9999-01-01
204062,Kerhong,Fadgyas,M,81517,9999-01-01
204517,Aron,Polajnar,M,45784,9999-01-01
204518,Saeko,Selvestrel,F,59389,9999-01-01
204519,Utz,Haldar,F,40000,9999-01-01
204524,Mahendra,Schreiter,F,40000,9999-01-01
204526,Vojin,Kulisch,M,54338,9999-01-01
204528,Jessie,Smailagic,M,76997,9999-01-01
204530,Changho,Fritzsche,M,40000,9999-01-01
204534,Khalid,Melton,M,68426,9999-01-01
204540,Lene,Wroclawski,F,66456,9999-01-01
204542,Lucian,Bael,M,40000,9999-01-01
204560,Sariel,Badache,M,69114,9999-01-01
204567,Kristin,Plavsic,F,40000,9999-01-01
204571,Uli,Raczkowsky,F,40000,9999-01-01
204573,Kensei,Cmelik,F,75297,9999-01-01
204579,Yechezkel,Litzkow,M,40613,9999-01-01
204583,Richard,Setiz,F,50947,9999-01-01
204067,Brigham,Pews,F,81902,9999-01-01
204594,Elvis,Onuegbe,M,40000,9999-01-01
204090,Brigham,Collette,M,49175,9999-01-01
204645,Duangkaew,Gilg,F,57696,9999-01-01
204661,Doohun,Atchley,M,47903,9999-01-01
204664,Hatsukazu,Cools,M,40000,9999-01-01
204674,Barton,Kropp,F,45878,9999-01-01
204679,Masaru,Marchegay,M,63947,9999-01-01
204097,Ung,Staudhammer,F,40000,9999-01-01
204104,Patricio,Usdin,F,93010,9999-01-01
204692,Licheng,Pollacia,F,48636,9999-01-01
204693,Aran,Litzkow,M,43455,9999-01-01
204698,Fai,Lowrie,F,54451,9999-01-01
204703,Sreekrishna,Spataro,M,72587,9999-01-01
204706,Denis,Joslin,M,44348,9999-01-01
204708,Martial,Bazelow,F,40000,9999-01-01
204710,Gino,Cichocki,F,69801,9999-01-01
204110,Shaw,Kalsbeek,M,54596,9999-01-01
204734,Sungwon,Sifakis,M,69449,9999-01-01
204745,Oscar,Masaki,F,47379,9999-01-01
204747,Zita,Stenning,M,40000,9999-01-01
204114,Fayez,Poehlman,M,44277,9999-01-01
204871,Xiaoqiu,Knightly,F,44751,9999-01-01
204783,Zissis,Majewski,F,70977,9999-01-01
204784,Elvia,Manders,F,40000,9999-01-01
204792,Masoud,Falster,M,58793,9999-01-01
204793,Heejo,Vickson,M,40000,9999-01-01
204805,Nimmagadda,Crouzet,M,51734,9999-01-01
204812,Alexius,Zedlitz,M,40000,9999-01-01
204832,Eckart,Axelband,F,42981,9999-01-01
204837,Uzi,Menhoudj,M,40000,9999-01-01
204838,Kannan,Akazan,M,40000,9999-01-01
204842,Ramachenga,Zumaque,M,70665,9999-01-01
204852,Demos,Lupu,F,67867,9999-01-01
204877,Guther,Gornas,M,64613,9999-01-01
204880,Aris,Crouzet,M,58904,9999-01-01
205057,Mostafa,Usdin,M,40000,9999-01-01
205063,Dharmaraja,Butner,F,53157,9999-01-01
205075,Yunming,Piveteau,F,46492,9999-01-01
204881,Bodh,Zultner,M,40000,9999-01-01
205092,Masako,Spieker,F,72572,9999-01-01
204890,Kristin,Reistad,F,40000,9999-01-01
205112,Masanao,Quaggetto,F,48976,9999-01-01
205119,Chrisa,Kilgore,M,58993,9999-01-01
204902,Eric,Ruemmler,M,40000,9999-01-01
205150,Denis,Murthy,F,40000,9999-01-01
204913,Dines,Takanami,F,51808,9999-01-01
205202,Alagu,Stemann,M,40564,9999-01-01
205203,Yinlin,Gente,M,42046,9999-01-01
205206,Itzchak,Chappelet,F,67337,9999-01-01
205207,Ramalingam,Borstler,F,93909,9999-01-01
205212,Chaoyi,Ghalwash,M,40000,9999-01-01
205216,Jayesh,Hanratty,M,42889,9999-01-01
205223,Jianhao,Chenoweth,M,40000,9999-01-01
205225,Duro,Ouhyoung,F,40000,9999-01-01
204919,Nakhoon,Kavvadias,M,56821,9999-01-01
204920,Kellyn,Journel,F,63366,9999-01-01
204925,Danny,Lagarias,M,62972,9999-01-01
205244,Yonghoan,Heuter,F,40000,9999-01-01
205245,Angus,Raczkowsky,M,54462,9999-01-01
205248,Aamer,Imataki,F,40000,9999-01-01
205251,Fai,Mullainathan,M,87290,9999-01-01
205261,Oscar,Pusterhofer,F,45346,9999-01-01
205262,Sergi,Munch,M,59893,9999-01-01
205265,Vishwani,Onuegbe,M,40000,9999-01-01
205266,Volkmar,Marquardt,M,46466,9999-01-01
205272,Zhenbing,Kuhnemann,M,40000,9999-01-01
205283,Peternela,Eickenmeyer,M,40000,9999-01-01
204935,Sachio,Lamparter,M,54121,9999-01-01
205295,Kristinn,Jonsson,M,40000,9999-01-01
205297,Aral,Weedon,M,40000,9999-01-01
205304,Volkmar,Preusig,M,62879,9999-01-01
205313,Make,Duclos,F,53091,9999-01-01
205317,Percy,Milicic,M,72965,9999-01-01
205318,Bernd,Lakshmanan,F,57654,9999-01-01
205325,Serenella,Harllee,M,78973,9999-01-01
205331,Nigel,Melski,F,40000,9999-01-01
205332,Gita,Baar,M,59638,9999-01-01
205343,Kiyokazu,Brobst,M,40000,9999-01-01
205350,Masasuke,Murrill,F,40000,9999-01-01
205357,Radhia,Engelmann,F,40000,9999-01-01
205359,Serge,Bresenham,M,40000,9999-01-01
205361,Owen,Siepmann,M,75684,9999-01-01
205370,Geoffry,Marchesini,F,52849,9999-01-01
205381,Mana,Lung,M,40000,9999-01-01
204938,Collette,Verspoor,M,40000,9999-01-01
204943,Jiakeng,Hartvigsen,M,49036,9999-01-01
205469,Zsolt,Perko,M,61642,9999-01-01
205471,Bernd,Vasanthakumar,M,40000,9999-01-01
205472,Sudhanshu,Winter,F,52774,9999-01-01
205475,Ute,Schach,M,52504,9999-01-01
205476,Hairong,Ruemmler,M,40000,9999-01-01
205478,Reinhard,Nittel,M,40000,9999-01-01
205484,Atreye,Yoshimura,M,40000,9999-01-01
205489,Surveyors,Laventhal,M,67454,9999-01-01
205492,Wojceich,Lorch,M,78252,9999-01-01
204947,Yechiam,Wuwongse,F,42167,9999-01-01
205524,Dante,Reistad,F,44416,9999-01-01
205528,Shichao,Shiratori,M,40000,9999-01-01
205529,Troy,Karner,M,40000,9999-01-01
204952,Utpal,Plessier,F,45808,9999-01-01
205553,LiMin,Jeansoulin,M,40000,9999-01-01
205559,Herbert,Portugali,F,66031,9999-01-01
204967,Mohit,Menyhert,F,70391,9999-01-01
205568,Abdelghani,Aingworth,F,72325,9999-01-01
205582,Zhigen,Panienski,M,40000,9999-01-01
205592,Houman,Weisert,F,40000,9999-01-01
205597,Kwan,Schonegge,M,40000,9999-01-01
205608,Gilbert,Morris,F,40000,9999-01-01
204969,Yuqun,Gronowski,M,53517,9999-01-01
204977,Martina,Perl,M,76248,9999-01-01
205611,Ramya,Plump,M,57454,9999-01-01
205612,Yakichi,Yurov,M,61399,9999-01-01
205619,Souichi,Provine,M,40000,9999-01-01
205624,Jolita,Lally,M,41117,9999-01-01
205629,Guiseppe,Genin,M,66208,9999-01-01
205638,Lubomir,Peir,M,53088,9999-01-01
205645,Tonia,Stroustrup,F,40057,9999-01-01
204993,Szabolcs,Zucker,M,70974,9999-01-01
205653,Serif,Fiebach,M,63797,9999-01-01
205656,Hauke,Cairo,F,40000,9999-01-01
205670,Hidefumi,Jeong,M,40000,9999-01-01
205690,Toshimi,Warwick,F,40000,9999-01-01
205700,Gay,Luit,M,68397,9999-01-01
205004,Masadi,Lueh,F,40000,9999-01-01
205712,Susuma,Daescu,M,60666,9999-01-01
205713,Gennady,Makinen,M,42447,9999-01-01
205723,Josyula,Crooks,M,41928,9999-01-01
205728,Hatem,Marquardt,M,50503,9999-01-01
205733,Suzette,Tokunaga,M,54676,9999-01-01
205737,Nishit,Masamoto,F,40000,9999-01-01
205738,Mong,Stroustrup,F,42693,9999-01-01
205746,Laurentiu,Mitchem,M,46217,9999-01-01
205749,Mikhail,Viele,F,57123,9999-01-01
205753,Keiichiro,Gonthier,M,40000,9999-01-01
205760,Alexius,Hettesheimer,F,56892,9999-01-01
205761,Bowen,Melter,M,40000,9999-01-01
205013,Sasan,Wilfing,M,70795,9999-01-01
205778,Yakichi,Itzfeldt,M,54119,9999-01-01
205779,Adhemar,Kuhnemann,M,72876,9999-01-01
205782,Shen,Brandsma,M,59618,9999-01-01
205021,Mariangiola,Lally,F,40000,9999-01-01
205796,Arne,DuCasse,M,43604,9999-01-01
205810,Lenore,Chiola,M,40000,9999-01-01
205022,Gill,Rehfuss,M,44509,9999-01-01
205819,Stevo,Radwan,F,45192,9999-01-01
205826,Diederik,Schauser,M,40000,9999-01-01
205024,Amstein,Papastamatiou,M,48820,9999-01-01
205843,Chenye,Peek,M,40000,9999-01-01
205849,Masali,Walston,F,59694,9999-01-01
205850,Hiroyasu,Staudhammer,M,71453,9999-01-01
205026,Akeno,Kulisch,F,59911,9999-01-01
205860,Gopalakrishnan,Rosar,F,44908,9999-01-01
205872,Kitty,Greibach,F,40000,9999-01-01
205876,Gonzalo,Roccetti,F,44337,9999-01-01
205037,Ferdinand,Speek,M,81185,9999-01-01
205890,Georgi,Chenoweth,F,40000,9999-01-01
205899,Radoslaw,Mundy,M,46719,9999-01-01
205903,Xiong,Matzel,F,48650,9999-01-01
205038,Mari,Chvatal,M,55113,9999-01-01
205918,Lihong,Ghandeharizadeh,M,73846,9999-01-01
205920,Mechthild,Roccetti,M,41921,9999-01-01
205921,Bangqing,Chartres,M,73586,9999-01-01
205924,Alain,Ventosa,M,52775,9999-01-01
205928,Domenico,Esteva,M,53244,9999-01-01
205931,Renny,Escriba,F,45032,9999-01-01
205944,Kwangho,Nitsch,M,40000,9999-01-01
205945,Ottavia,Larfeldt,M,40000,9999-01-01
206168,Serap,Matzat,F,61158,9999-01-01
205962,Jouni,Miculan,F,67184,9999-01-01
205963,Yechiam,Curless,F,68076,9999-01-01
205968,Gilbert,Kuzuoka,M,46881,9999-01-01
205974,Mona,Gajiwala,F,40000,9999-01-01
206000,Atreye,Schapire,M,74177,9999-01-01
206014,Premsyl,Walstra,F,54123,9999-01-01
206016,Suzette,Garrabrants,F,57525,9999-01-01
206018,Takahiro,Baca,M,40000,9999-01-01
206035,Kinh,Eiron,F,65723,9999-01-01
206173,Chaosheng,Radivojevic,F,45556,9999-01-01
206053,Tsuneo,Alblas,M,74187,9999-01-01
206059,Jaana,Levergood,M,44383,9999-01-01
206067,Manton,Itzigehl,F,51514,9999-01-01
206185,Yolla,Gonthier,M,40000,9999-01-01
206091,Zhaofang,Knightly,M,44499,9999-01-01
206110,Shaz,Haddadi,F,40000,9999-01-01
206122,Munenori,Bazelow,F,40000,9999-01-01
206191,Chaitali,Asrin,M,53966,9999-01-01
206193,Kerryn,Senzako,F,51928,9999-01-01
206146,Becky,Merkl,M,40000,9999-01-01
206149,Yurii,Mellouli,M,40000,9999-01-01
206164,Minghong,Vernadat,M,80610,9999-01-01
206165,LiMin,Hmelo,M,40000,9999-01-01
206199,Rafail,Hashii,M,40000,9999-01-01
206211,Golgen,Schapire,F,40000,9999-01-01
206354,Gennadi,Kawashima,M,40000,9999-01-01
206355,Aleksander,Picci,F,45565,9999-01-01
206368,Kamakshi,Azadmanesh,M,40000,9999-01-01
206381,Horward,Peltason,M,40000,9999-01-01
206223,Masanao,Meszaros,M,40724,9999-01-01
206399,Macha,Hasham,F,59213,9999-01-01
206411,Shigeichiro,Vidal,F,55548,9999-01-01
206416,Ronnie,Kopetz,M,59918,9999-01-01
206418,Marco,Vickson,M,48442,9999-01-01
206427,Nobuyoshi,Otillio,M,46330,9999-01-01
206439,Atreye,Pellegrinelli,M,60245,9999-01-01
206227,Feixiong,Schmittgen,M,46624,9999-01-01
206230,Eckart,Gire,F,40000,9999-01-01
206468,Hidefumi,Crouzet,F,52322,9999-01-01
206501,Kamakshi,Vrecion,M,62934,9999-01-01
206507,Bernt,Gonthier,F,40000,9999-01-01
206520,Gor,Selenyi,M,40000,9999-01-01
206526,Hauke,Chepyzhov,M,58743,9999-01-01
206530,Xuedong,Roison,M,40819,9999-01-01
206539,Jaroslava,Eterovic,M,60385,9999-01-01
206559,Ronghao,Erde,M,40000,9999-01-01
206576,Chenxi,Chepyzhov,F,52912,9999-01-01
206578,Deborah,Onuegbe,M,65352,9999-01-01
206240,Oksana,Zykh,M,40000,9999-01-01
206599,Kwangjo,Demir,F,40000,9999-01-01
206604,Adil,Rajala,F,66204,9999-01-01
206611,Qingxiang,Isard,F,45677,9999-01-01
206634,Fumino,Jiang,M,58921,9999-01-01
206637,Jahangir,Schlenzig,M,51217,9999-01-01
206639,Gad,Openshaw,M,57678,9999-01-01
206241,Kazuhira,Danecki,F,90951,9999-01-01
206648,Dhritiman,Lindqvist,F,49157,9999-01-01
206653,Sumant,Landherr,M,71517,9999-01-01
206262,Alejandro,Bugrara,F,50021,9999-01-01
206668,Jaana,Rabejac,F,42919,9999-01-01
206686,Shin,Mondadori,F,68433,9999-01-01
206697,Billie,Quaggetto,M,84926,9999-01-01
206711,Visit,Oskamp,M,60092,9999-01-01
206713,Zhiguo,Orsini,M,40000,9999-01-01
206718,Koldo,Ramaiah,M,78058,9999-01-01
206272,Xinan,Miake,F,44442,9999-01-01
206731,Phuoc,Ramras,F,47835,9999-01-01
206732,Renny,Furedi,M,45866,9999-01-01
206737,Shalesh,Farrow,M,54889,9999-01-01
206744,Kenton,Radivojevic,M,88379,9999-01-01
206746,Khoa,Honiden,F,40000,9999-01-01
206277,Candida,Toyoshima,M,59339,9999-01-01
206760,Feixiong,Baumann,M,59363,9999-01-01
206763,Elvia,Schaad,F,55033,9999-01-01
206765,Alselm,Zobel,F,40000,9999-01-01
206771,Ferdinand,Lores,M,40000,9999-01-01
206286,Arno,Pocchiola,M,59202,9999-01-01
206804,Uinam,Pokrovskii,F,58123,9999-01-01
206813,Genta,Poujol,M,40000,9999-01-01
206815,Insup,Frolund,F,76749,9999-01-01
206816,Dharmaraja,Falby,M,52668,9999-01-01
206817,Xudong,Hiltgen,F,40000,9999-01-01
206288,Sverrir,Vrecion,M,56845,9999-01-01
206296,Kwangjo,Landherr,M,43632,9999-01-01
206847,Luise,Akazan,F,71871,9999-01-01
206848,Pintsang,Raney,F,40000,9999-01-01
206872,Marc,Stafford,F,88174,9999-01-01
206301,Huiqun,Yavatkar,M,40000,9999-01-01
206886,Radoslaw,Xiaoshan,M,50218,9999-01-01
206335,Katsuyuki,Eldridge,M,74814,9999-01-01
206921,Takushi,Castellani,M,68712,9999-01-01
206929,Shuzo,Weedon,M,53776,9999-01-01
206952,Jeanna,Kadhim,F,50622,9999-01-01
206339,Kamran,Emmart,M,41271,9999-01-01
206974,Maia,Sadowsky,M,40000,9999-01-01
206343,Aris,Erie,M,40545,9999-01-01
206995,Bernd,Nollmann,M,44524,9999-01-01
206999,Vivian,Colorni,F,40000,9999-01-01
206346,Syozo,Hitomi,F,41820,9999-01-01
207009,Moni,Angelov,M,48019,9999-01-01
207012,Masamitsu,Goodrum,M,42705,9999-01-01
207016,Lenore,Mondadori,M,66242,9999-01-01
207025,Barry,Hanratty,M,44732,9999-01-01
207092,Hein,Schwabacher,M,40000,9999-01-01
207050,Navin,Khasidashvili,M,48961,9999-01-01
207056,Volkmar,Lorcy,F,40309,9999-01-01
207078,Idoia,Highland,F,40000,9999-01-01
207087,Pranjal,Codenie,M,46104,9999-01-01
207090,Stein,Uhrig,F,64653,9999-01-01
207095,Jiann,Hashii,M,56749,9999-01-01
207118,Lijia,Siochi,F,49940,9999-01-01
207276,Ramalingam,Oaver,M,40000,9999-01-01
207279,Hugo,Zultner,M,40000,9999-01-01
207291,Van,Cronan,F,48515,9999-01-01
207295,Aiichiro,Motley,M,40000,9999-01-01
207311,Houman,Pietracaprina,M,40000,9999-01-01
207317,Francoise,Naudin,F,72504,9999-01-01
207323,Uli,Pehl,M,45423,9999-01-01
207148,Zhiguo,Ullian,F,40000,9999-01-01
207370,Morrie,Edelhoff,M,47219,9999-01-01
207381,Shridhar,Cooman,M,40000,9999-01-01
207383,Utz,Coullard,M,40000,9999-01-01
207392,Piyawadee,Denna,M,55932,9999-01-01
207416,Gaurav,Kuhnemann,M,40000,9999-01-01
207154,Almudena,Wendorf,M,61868,9999-01-01
207426,Mats,Panangaden,M,58946,9999-01-01
207434,Huan,Sevcikova,M,40000,9999-01-01
207439,Zongyan,Pouyioutas,M,50868,9999-01-01
207448,Kristof,Dredge,M,72983,9999-01-01
207454,Moon,Radivojevic,M,40000,9999-01-01
207455,Hyuckchul,Kisuki,F,40000,9999-01-01
207460,Sadok,Oskamp,M,58763,9999-01-01
207162,Yucai,Kruskal,M,40000,9999-01-01
207167,Mohd,Genin,F,55108,9999-01-01
207486,Vatsa,Badache,F,63725,9999-01-01
207489,Collette,Irland,M,44929,9999-01-01
207178,Masasuke,Muniz,M,40000,9999-01-01
207512,Valeska,Basagni,M,40000,9999-01-01
207514,Malu,Haumacher,M,40000,9999-01-01
207515,Danny,Puppo,M,40000,9999-01-01
207518,Jeanna,Reinhart,M,81445,9999-01-01
207523,Chaosheng,Picaronny,M,48169,9999-01-01
207532,Lidong,Jeansoulin,M,79260,9999-01-01
207539,Dzung,Lalonde,F,50536,9999-01-01
207190,Dinkar,Mitzlaff,F,44282,9999-01-01
207549,Youssef,Mattern,M,40000,9999-01-01
207558,Rance,Itschner,F,73029,9999-01-01
207580,Parto,Harbusch,M,56939,9999-01-01
207584,Basant,Schlumberger,F,53686,9999-01-01
207585,Limsoon,Picel,M,40000,9999-01-01
207587,Irena,Kitai,F,65311,9999-01-01
207590,Dipankar,Ferriere,M,61685,9999-01-01
207597,Murthy,Kusakari,F,47339,9999-01-01
207198,Shahaf,Heystek,M,70195,9999-01-01
207614,Nadjib,Ozeri,M,40000,9999-01-01
207208,Susanne,Shackel,F,40000,9999-01-01
207223,Garnet,Marshall,F,74726,9999-01-01
207658,Kiyokazu,Whitcomb,M,65434,9999-01-01
207661,Hairong,Leslie,M,84931,9999-01-01
207662,Mori,Narahari,M,40000,9999-01-01
207676,Yuqun,Casley,M,40000,9999-01-01
207679,Vasilis,Rosti,M,58593,9999-01-01
207683,Gilbert,Luft,M,49023,9999-01-01
207685,Christoph,Peltason,M,46762,9999-01-01
207688,Juichirou,Marshall,M,47682,9999-01-01
207691,Genevieve,Pena,F,43875,9999-01-01
207701,Yuping,Lodder,M,40000,9999-01-01
207263,Ult,Czaja,M,69619,9999-01-01
207711,Ayonca,Bratsberg,M,40000,9999-01-01
207733,Koichi,Hooghiemstra,M,45547,9999-01-01
207734,Kensei,Strooper,M,40000,9999-01-01
207746,LiMin,Etalle,M,40000,9999-01-01
207760,Hidde,Atchley,F,41061,9999-01-01
207761,Vatsa,Beeson,F,64255,9999-01-01
207762,Pohua,Bodoff,F,41923,9999-01-01
207769,Salvador,Marwedel,F,51661,9999-01-01
207774,KayLiang,Trachtenberg,M,53722,9999-01-01
207780,Dinah,Schade,F,61591,9999-01-01
207784,Lillian,Pardalos,F,57340,9999-01-01
207792,Shir,Himler,M,62550,9999-01-01
207793,Magdalena,Passafiume,M,40000,9999-01-01
207798,Munir,Gyorkos,M,80464,9999-01-01
207800,Arumugam,Chandrasekhar,M,40000,9999-01-01
207801,Navid,Plumb,F,45815,9999-01-01
207808,Alper,Peyn,M,40000,9999-01-01
207820,Caolyn,Buescher,F,50759,9999-01-01
207827,Remco,Tasistro,M,63979,9999-01-01
207840,Danel,Zuberek,F,50314,9999-01-01
208018,Shahar,Plump,F,40000,9999-01-01
207854,Kazuhito,Assaf,F,40000,9999-01-01
207856,Adit,Terkki,F,40000,9999-01-01
207860,Maja,Rodite,M,45090,9999-01-01
207861,Idoia,Picht,M,41493,9999-01-01
207864,Mingzeng,Steinauer,M,40000,9999-01-01
207877,Kazunori,Bresenham,M,41387,9999-01-01
208020,Adil,Boudaillier,F,40000,9999-01-01
208031,Ingemar,Hertweck,F,40000,9999-01-01
208035,Marco,Asser,F,40000,9999-01-01
208040,Mabo,Kadhim,F,66514,9999-01-01
208053,Marc,Zongker,M,40000,9999-01-01
208073,Kerryn,Yurek,M,40000,9999-01-01
208082,Giap,Ozeki,F,40000,9999-01-01
207905,Manibrata,Orsini,M,60467,9999-01-01
208086,Utpal,Barinka,M,45392,9999-01-01
207914,Dung,Broder,M,57980,9999-01-01
208087,Xianlong,Lueh,M,43147,9999-01-01
208093,Olivera,Leslie,M,44151,9999-01-01
207941,Florian,Emmerich,M,83811,9999-01-01
208107,Bikash,Fargier,F,53674,9999-01-01
207945,Arlette,Herber,M,40000,9999-01-01
207947,Basil,Lamma,M,40000,9999-01-01
207960,Aron,Uludag,M,76762,9999-01-01
208111,Volkmar,Rathonyi,M,54653,9999-01-01
208114,Kazunori,Denny,F,56662,9999-01-01
207976,Gritta,Champarnaud,M,46868,9999-01-01
208118,Noritoshi,Baek,M,40000,9999-01-01
207987,Caolyn,Bondorf,F,42231,9999-01-01
207988,Gianluca,Chenney,M,40000,9999-01-01
208119,Danny,Azulay,M,53494,9999-01-01
208134,Sangeeta,Crabtree,M,45213,9999-01-01
208171,Martial,Demke,M,40000,9999-01-01
208190,Marsja,Azuma,F,45142,9999-01-01
208209,Kersti,Matzat,M,51687,9999-01-01
208212,Bangqing,Lagarias,F,61687,9999-01-01
208213,Hidde,Brookner,F,44597,9999-01-01
208218,Masaru,Morrey,M,77242,9999-01-01
208220,Shigehito,Beidas,F,40000,9999-01-01
208227,Bodo,Merro,M,40000,9999-01-01
208200,Fabrizio,Linares,M,56600,9999-01-01
208244,Richara,Crelier,F,40000,9999-01-01
208249,Yuchang,Esposito,F,48238,9999-01-01
208256,Hugh,Mungall,F,40000,9999-01-01
208258,Nathalie,Remmers,M,57364,9999-01-01
208407,Arto,Kirkerud,M,63158,9999-01-01
208269,Yuguang,Sury,F,48629,9999-01-01
208293,Siddarth,Merks,M,40000,9999-01-01
208413,Takahira,Pena,F,93176,9999-01-01
208417,Mani,Ponthieu,M,40000,9999-01-01
208433,Jaewon,Serre,F,79122,9999-01-01
208346,Dharmaraja,Lorho,M,62536,9999-01-01
208354,Siamak,Boguraev,M,56707,9999-01-01
208358,Keung,Pokrovskii,M,50291,9999-01-01
208435,Arfst,Toyoshima,M,76615,9999-01-01
208436,Adhemar,Denny,M,63516,9999-01-01
208456,Stabislas,Herbst,M,40000,9999-01-01
208457,Pohua,Yoshimura,F,40000,9999-01-01
208463,Ipke,Pillow,M,73656,9999-01-01
208473,Toshimitsu,Msuda,M,67354,9999-01-01
208576,Alper,Rodham,F,40000,9999-01-01
208583,Utpal,Lorho,M,64989,9999-01-01
208586,Remko,Czap,F,40000,9999-01-01
208589,Sarita,Busillo,M,60409,9999-01-01
208479,Teiji,Chinal,F,40000,9999-01-01
208604,Rafail,Gulik,M,40000,9999-01-01
208482,Vasilii,Schwartzburd,M,40000,9999-01-01
208617,Nahla,Onuegbe,M,50496,9999-01-01
208619,Gererd,Danlos,M,46039,9999-01-01
208486,Chenye,Iwayama,M,53104,9999-01-01
208631,Amstein,Schlumberger,M,40000,9999-01-01
208490,Masasuke,Schicker,F,40000,9999-01-01
208638,Khatoun,Zobel,M,92152,9999-01-01
208494,Sumali,Pellegrinelli,M,60480,9999-01-01
208655,Yannik,Rodham,M,40000,9999-01-01
208659,Kristinn,Ventosa,F,40000,9999-01-01
208498,Avishai,Rosin,M,42344,9999-01-01
208500,Boaz,Yurek,M,40000,9999-01-01
208684,Kristin,Brizzi,M,40000,9999-01-01
208685,Lokesh,Morris,M,75255,9999-01-01
208686,Gadiel,Farrag,F,61183,9999-01-01
208688,Rosita,Peac,F,40000,9999-01-01
208501,Clyde,Chiodo,F,44866,9999-01-01
208689,Hideo,Barvinok,M,53552,9999-01-01
208692,Yoshinari,Brlek,F,40000,9999-01-01
208694,Padma,Famili,F,82173,9999-01-01
208511,Shai,Valtorta,F,40000,9999-01-01
208699,Sachio,Isaak,F,59967,9999-01-01
208710,Faiza,Schmezko,M,60554,9999-01-01
208525,Adam,DiGiano,F,79946,9999-01-01
208724,Yongdong,Schnelling,F,40000,9999-01-01
208725,Gilbert,Baig,M,41468,9999-01-01
208726,Mary,Barinka,M,49680,9999-01-01
208735,Niranjan,Narlikar,M,42006,9999-01-01
208528,Sukumar,Polupanov,M,46462,9999-01-01
208740,Gonzalo,Giveon,M,43199,9999-01-01
208742,Heather,Ruther,F,75944,9999-01-01
208746,Hatsukazu,Schaaf,M,50597,9999-01-01
208531,Dmitry,Peyn,F,52959,9999-01-01
208750,Leif,Thummel,F,41917,9999-01-01
208545,Chandrasekaran,Validov,M,56516,9999-01-01
208546,Piyush,Garnier,M,77403,9999-01-01
208557,Zhenhua,Servieres,M,42030,9999-01-01
208947,Danil,Hockney,M,40000,9999-01-01
208762,Chikara,Zwicker,F,40000,9999-01-01
208766,Masadi,Ashish,M,76829,9999-01-01
208771,Nidapan,Bellmore,M,57393,9999-01-01
208775,Kiyotoshi,Underwood,M,40000,9999-01-01
208795,Ayakannu,Pargas,M,40000,9999-01-01
208956,Kwok,Plump,M,50842,9999-01-01
208807,Zita,Shobatake,F,55395,9999-01-01
208969,Susuma,Beetstra,M,51255,9999-01-01
208826,Rance,Speckmann,M,40000,9999-01-01
208833,Bojan,Remmele,M,40000,9999-01-01
208842,Kien,Jansch,M,42213,9999-01-01
208972,Phuoc,Marwedel,M,66390,9999-01-01
208847,Shim,Demizu,M,60771,9999-01-01
208975,Giordano,Honglei,M,40000,9999-01-01
208865,Nirmal,Taubenfeld,M,66799,9999-01-01
208875,Syozo,Garnham,M,58489,9999-01-01
208877,Yinghua,Shihab,M,60635,9999-01-01
208878,Vitali,Tetzlaff,M,57584,9999-01-01
208883,Herb,Munos,M,42044,9999-01-01
208886,Huan,Isaac,M,43586,9999-01-01
208888,Radhika,Heuter,M,47189,9999-01-01
208894,Peer,Murtafg,F,40000,9999-01-01
208898,Ebru,Homond,M,58870,9999-01-01
208900,Jayson,Frezza,M,40000,9999-01-01
208902,Shigeaki,Thummel,F,40000,9999-01-01
208904,Bojan,Emden,F,53030,9999-01-01
208905,Chenye,Ramsey,M,100788,9999-01-01
208908,Girolamo,Uludag,M,60831,9999-01-01
208940,Hideo,Comte,M,46623,9999-01-01
208978,Shaowei,Provine,F,40000,9999-01-01
208979,Candida,Werthner,F,58956,9999-01-01
208980,Wanqing,Baak,F,50826,9999-01-01
208982,Rutger,Sinitsyn,F,40000,9999-01-01
208994,Haldon,Fujisaki,F,40000,9999-01-01
209127,Annemarie,Luon,M,40000,9999-01-01
209005,Kazunori,Iivonen,F,71571,9999-01-01
209146,Ziva,Rindone,M,40000,9999-01-01
209163,Moni,Verspoor,M,40000,9999-01-01
209008,Lidong,Ranft,F,50718,9999-01-01
209026,Szabolcs,Maksimenko,M,40000,9999-01-01
209033,Patricio,Percebois,M,40000,9999-01-01
209043,Seshu,Flexer,F,44557,9999-01-01
209046,Ennio,Kriebel,M,67525,9999-01-01
209061,Licheng,Zhang,M,41781,9999-01-01
209174,Kiam,Vidal,F,66485,9999-01-01
209179,Kazunori,Gaughan,F,55593,9999-01-01
209181,Basil,Strandh,M,40449,9999-01-01
209083,Kersti,Zaiane,F,42809,9999-01-01
209183,Susanne,Huttel,M,40000,9999-01-01
209187,Shigeaki,Usery,M,54680,9999-01-01
209194,Owen,Snedden,F,40000,9999-01-01
209094,Moriyoshi,Piancastelli,F,48438,9999-01-01
209212,Bouchung,Trumbly,F,46456,9999-01-01
209110,Filipe,Mullainathan,M,65416,9999-01-01
209215,Branimir,Janocha,M,51421,9999-01-01
209218,Utz,Kopetz,M,40000,9999-01-01
209219,Mitchel,Rohrbach,M,58687,9999-01-01
209222,Anyuan,Ginesta,M,57858,9999-01-01
209112,Nigel,Joslin,F,47064,9999-01-01
209121,Greger,Ramalingam,M,65907,9999-01-01
209252,Giordano,Bultermann,F,40000,9999-01-01
209312,Junichi,Colorni,M,43691,9999-01-01
209260,Maya,Ouhyoung,F,48647,9999-01-01
209279,Roddy,Bail,M,45126,9999-01-01
209313,Naraig,Lupu,M,41777,9999-01-01
209291,Hilari,Trogemann,F,40000,9999-01-01
209293,Jessie,Masada,M,40492,9999-01-01
209316,Jaana,Kuszyk,M,40000,9999-01-01
209300,Ronghao,Karner,M,40000,9999-01-01
209304,Marc,Stille,M,57522,9999-01-01
209306,Tadahiro,Honglei,F,40000,9999-01-01
209320,Candida,Piancastelli,M,49620,9999-01-01
209322,Xumin,Frezza,M,40000,9999-01-01
209325,Shih,Goldhammer,M,46376,9999-01-01
209345,Pohua,Linares,M,42121,9999-01-01
209502,Holgard,Sudbeck,M,46480,9999-01-01
209356,Tesuro,Jansen,F,66004,9999-01-01
209360,Duke,Stifter,F,75609,9999-01-01
209364,Manibrata,Casperson,F,40000,9999-01-01
209539,Aloys,Erde,M,43380,9999-01-01
209543,Heng,Porenta,M,70266,9999-01-01
209544,Fumiya,Kobuchi,M,40693,9999-01-01
209383,Elvia,Iisaku,M,44856,9999-01-01
209392,Elvis,Kandlur,F,40000,9999-01-01
209575,Zita,Kambil,F,40000,9999-01-01
209577,Shaz,Viele,M,91815,9999-01-01
209394,Tristan,Sundgren,M,49666,9999-01-01
209589,Genki,Baumann,M,40000,9999-01-01
209410,Subhash,Cronau,M,40000,9999-01-01
209602,Stamatina,Foong,F,43887,9999-01-01
209610,Deniz,Rouquie,M,54918,9999-01-01
209617,Sarita,Lund,F,74979,9999-01-01
209622,Radoslaw,Luit,F,55755,9999-01-01
209418,Faiza,Thimonier,M,70913,9999-01-01
209419,Vugranam,Kabayashi,M,40000,9999-01-01
209436,Barton,Benaini,F,63447,9999-01-01
209654,Aksel,Stiles,F,62499,9999-01-01
209656,Ger,Oehlmann,M,41393,9999-01-01
209657,Narain,Lunn,F,40000,9999-01-01
209670,Lubomir,Sewelson,M,71973,9999-01-01
209674,Krassimir,Kroft,M,57461,9999-01-01
209439,Gay,Hemaspaandra,M,47641,9999-01-01
209445,Zhiwei,Deville,M,44857,9999-01-01
209463,Arun,Masand,M,54340,9999-01-01
209478,Kasidit,Nitta,F,40000,9999-01-01
209703,Wuxu,Meszaros,M,40000,9999-01-01
209713,Nahla,Heping,F,40000,9999-01-01
209717,Thanasis,Mellouli,F,40000,9999-01-01
209719,Serap,DuBourdieux,F,41056,9999-01-01
209721,Shaw,Heemskerk,F,64592,9999-01-01
209724,Xianlong,Viele,F,69868,9999-01-01
209872,Breannda,Kaiser,F,69265,9999-01-01
209751,Cristinel,Rosch,F,40000,9999-01-01
209752,Amabile,Gulak,F,94327,9999-01-01
209771,Vitali,Muniz,M,64963,9999-01-01
209773,Jaques,Vendrig,M,42839,9999-01-01
209777,Ravishankar,Condotta,M,43700,9999-01-01
209778,Przemyslawa,Walstra,M,71487,9999-01-01
209791,Mabhin,Garnham,F,67938,9999-01-01
209792,Yoshinari,Bernick,M,58848,9999-01-01
209799,Honesty,Caine,M,47927,9999-01-01
209808,Reinhold,Calkin,M,45530,9999-01-01
209811,Gao,Turnbull,F,42848,9999-01-01
209817,Arunas,Vecchi,M,68582,9999-01-01
209828,Vatsa,Brender,M,40000,9999-01-01
209829,Froduald,Rosca,F,72139,9999-01-01
209832,Tru,Holburn,M,40000,9999-01-01
209834,Nitsan,Alvarado,M,60785,9999-01-01
209860,Perla,Engberts,M,49666,9999-01-01
209877,Kristian,Dredge,F,40000,9999-01-01
209890,Ronghao,Radivojevic,M,40000,9999-01-01
210067,Mark,Bresenham,M,58745,9999-01-01
210075,Kazuhiko,Pellegrinelli,M,40000,9999-01-01
210079,Junsik,Gustavson,F,50245,9999-01-01
210080,Premal,Perl,M,61598,9999-01-01
210090,Shigeu,Ladret,F,40000,9999-01-01
209899,Lucien,Nicolson,M,40000,9999-01-01
210096,Herbert,Karner,M,40000,9999-01-01
210097,Hercules,Bernatsky,M,68335,9999-01-01
210098,Mingzeng,Milicic,F,63442,9999-01-01
210110,Falguni,Jullig,F,40000,9999-01-01
210114,Phillip,Snedden,M,66715,9999-01-01
210116,Marlo,Bolsens,M,57904,9999-01-01
210126,Goa,Hartvigsen,M,47487,9999-01-01
210128,Olivera,Dayana,M,57028,9999-01-01
210129,Aamer,Frijda,F,40000,9999-01-01
210135,Karsten,Poulakidas,M,51522,9999-01-01
209906,Joydip,Fadgyas,M,62953,9999-01-01
210153,Unal,Lanteri,M,48262,9999-01-01
210154,Kristine,Salverda,F,61265,9999-01-01
210155,Eirik,Koblitz,M,86430,9999-01-01
210160,Byong,Trelles,M,40000,9999-01-01
210169,Georgi,Schaaf,F,40000,9999-01-01
210180,Jianhua,Vural,M,44234,9999-01-01
210181,Kasturi,Janocha,F,40000,9999-01-01
210182,Patricio,Junet,M,53784,9999-01-01
210187,Randi,Rosaz,F,54047,9999-01-01
210194,Sanjit,Flowers,M,40000,9999-01-01
210205,Richard,Cronan,F,74754,9999-01-01
210206,Bikash,Munck,F,40000,9999-01-01
210212,Jongsuk,Vitiello,F,40000,9999-01-01
210216,Fumitake,Feldmann,M,40000,9999-01-01
210219,Serif,Encarnacion,M,40000,9999-01-01
210230,Chikako,Bage,F,40000,9999-01-01
210233,Qunsheng,Gornas,F,77552,9999-01-01
210245,Alenka,Mungall,M,59617,9999-01-01
209915,Lillian,Pashtan,M,48608,9999-01-01
210246,Pradeep,Gecsei,F,51566,9999-01-01
210247,Giao,Sewelson,M,40000,9999-01-01
210251,Fay,Frezza,M,52279,9999-01-01
210252,Mohammed,Rissanen,F,40000,9999-01-01
210253,Jixiang,Scallan,M,40000,9999-01-01
209937,Erez,Bage,F,54704,9999-01-01
210277,Yoshimitsu,Carrere,F,40000,9999-01-01
210281,Slavian,Poupard,M,50119,9999-01-01
209949,Wanqing,Kornyak,F,65290,9999-01-01
209959,Zongyan,Markovitch,M,51615,9999-01-01
210284,Vasilis,Kavvadias,F,40000,9999-01-01
209997,Nevin,Servi,M,40000,9999-01-01
210010,Youssef,Linnainmaa,M,56441,9999-01-01
210287,Shushma,Krohm,F,45786,9999-01-01
210288,Oscar,DasSarma,F,76726,9999-01-01
210289,Roddy,Benantar,M,40000,9999-01-01
210291,Tze,Stenning,M,50481,9999-01-01
210301,Karoline,Suri,F,64879,9999-01-01
210302,Arun,Norsworthy,M,40961,9999-01-01
210033,Chanjung,Ghandeharizadeh,F,51049,9999-01-01
210315,Zhanqiu,Sabnani,F,40000,9999-01-01
210319,Mechthild,Roohalamini,M,63431,9999-01-01
210321,Izaskun,Picco,M,40000,9999-01-01
210323,Heng,Gluchowski,F,40000,9999-01-01
210042,Alejandra,Hitomi,F,84492,9999-01-01
210330,Bernardo,Andreotta,M,47523,9999-01-01
210332,Golgen,Beerel,F,40000,9999-01-01
210336,Noritoshi,Pero,F,40268,9999-01-01
210337,Utz,Rosch,M,65871,9999-01-01
210341,Tesuro,Ranon,F,76767,9999-01-01
210044,Ymte,Bergere,F,62132,9999-01-01
210431,Giao,Diderrich,F,51473,9999-01-01
210368,Jianhao,Peres,M,40000,9999-01-01
210374,Yuriy,Angot,F,40000,9999-01-01
210386,Chinho,Gustavson,F,40935,9999-01-01
210387,Elvia,Heuter,F,65877,9999-01-01
210434,Subhada,Swist,M,48797,9999-01-01
210437,Aleksandar,Pettis,M,44194,9999-01-01
210411,Lucian,Janetzko,M,43348,9999-01-01
210413,Idoia,Uehara,F,73520,9999-01-01
210418,Alejandro,Krogh,M,79798,9999-01-01
210450,Vitaly,Perfilyeva,F,40000,9999-01-01
210473,Aram,Terlouw,M,50760,9999-01-01
210477,DeForest,Keirsey,M,45640,9999-01-01
210478,Kwangsub,Mitina,F,71168,9999-01-01
210611,Soenke,Lupu,M,40000,9999-01-01
210480,Aloys,Brendel,M,40000,9999-01-01
210618,Shunichi,Wolniewicz,M,43309,9999-01-01
210620,Anyuan,Bierman,F,62398,9999-01-01
210624,Poornachandra,Aloia,M,40000,9999-01-01
210482,Chenye,Perfilyeva,M,74874,9999-01-01
210638,Xianlong,Bach,F,45958,9999-01-01
210644,Hsiangchu,Panangaden,F,48971,9999-01-01
210484,Masasuke,Gihr,M,42556,9999-01-01
210651,Toney,Eiron,F,62896,9999-01-01
210655,Naftaly,Gyorkos,F,64977,9999-01-01
210664,Reinhard,Garrabrants,M,51013,9999-01-01
210665,Billur,Hutton,M,40000,9999-01-01
210669,Kersti,Borovoy,M,72062,9999-01-01
210671,Serap,Tsukuda,M,40000,9999-01-01
210485,Mitchel,Codenie,F,98803,9999-01-01
210677,Gor,Oehlmann,F,69752,9999-01-01
210678,Subbu,Asmuth,F,59472,9999-01-01
210682,Bernardo,Jonsson,M,47284,9999-01-01
210685,Isamu,Christ,M,52906,9999-01-01
210493,Arie,Lieblein,F,48075,9999-01-01
210702,Carrsten,Jeong,F,40000,9999-01-01
210710,Nevio,Farrar,M,76571,9999-01-01
210718,Nikolaos,Kalafatis,M,40000,9999-01-01
210721,Ayonca,Oppitz,F,40000,9999-01-01
210723,Aria,Saoudi,F,40000,9999-01-01
210731,Renee,Benantar,M,43592,9999-01-01
210504,Xuedong,Falck,F,40000,9999-01-01
210747,Doohun,Bratten,F,64836,9999-01-01
210751,Sanjeeva,Syrotiuk,M,87726,9999-01-01
210758,Parviz,Chinen,M,68125,9999-01-01
210764,Eberhardt,Fujisaki,M,80622,9999-01-01
210765,Yuguang,Leppanen,F,59687,9999-01-01
210509,Shichao,Braunschweig,M,40000,9999-01-01
210772,Kotesh,Penttonen,M,48814,9999-01-01
210778,Kaijung,Tyugu,F,57474,9999-01-01
210781,Yongdong,Shigei,M,70547,9999-01-01
210787,Subhada,Setiz,M,58044,9999-01-01
210513,Shen,Heystek,M,64732,9999-01-01
210523,Taisook,Sabnani,M,40188,9999-01-01
210802,Christoph,Perz,F,43776,9999-01-01
210543,Zhensheng,Terwilliger,F,67687,9999-01-01
210821,Jayesh,Piancastelli,F,50133,9999-01-01
210837,Sailaja,Varman,M,40000,9999-01-01
210842,Demin,Iwayama,M,40000,9999-01-01
210545,Vincent,Waymire,F,40000,9999-01-01
210876,Wayne,Yamaashi,M,40000,9999-01-01
210888,Hidekazu,Argence,M,40000,9999-01-01
210889,Kiyokazu,Schmittgen,M,45595,9999-01-01
210891,Mahmut,Ranze,M,40000,9999-01-01
210897,Turgut,Snyers,F,44617,9999-01-01
210554,Piyawadee,Beidas,M,50035,9999-01-01
210911,Taisook,Diderrich,M,40000,9999-01-01
210915,Mong,Velasco,F,40390,9999-01-01
210931,Fumitake,Slutz,F,70540,9999-01-01
210935,JoAnna,Prochazka,M,56100,9999-01-01
210940,Pasqua,Akaboshi,M,40000,9999-01-01
210558,Bokyung,Sigstam,M,79255,9999-01-01
210563,Remco,Nastansky,M,40000,9999-01-01
210975,Erzsebet,Marzano,M,40000,9999-01-01
210568,Geraldo,Ertl,F,56937,9999-01-01
210976,Khue,Kinley,M,64103,9999-01-01
210984,Toshiki,Angel,M,54314,9999-01-01
210985,Reinhard,Bauknecht,M,93071,9999-01-01
210571,Hirochika,Peot,F,63757,9999-01-01
211008,Ziva,Vecchi,M,82570,9999-01-01
211009,Unal,Barriga,F,70089,9999-01-01
210575,Oscar,Lung,M,67936,9999-01-01
211040,Jaihie,Nitsch,F,64462,9999-01-01
211042,Hidekazu,Ertl,M,45800,9999-01-01
211047,Fayez,Plotkin,M,40000,9999-01-01
211063,Rafols,Mahmud,M,42707,9999-01-01
211098,Thanasis,Benaini,F,60846,9999-01-01
211109,Shaunak,Manderick,M,56001,9999-01-01
211133,Oscal,Ozery,M,53416,9999-01-01
211148,Valeri,Khamsi,F,40000,9999-01-01
211151,Gaetan,Hertweck,M,51895,9999-01-01
211157,Deniz,Levasseur,F,40000,9999-01-01
210580,Yahiko,Maliniak,F,65031,9999-01-01
211163,Ranga,Joslin,M,64665,9999-01-01
211170,Sakthirel,Tiemann,F,48209,9999-01-01
210590,Uli,Plavsic,M,40000,9999-01-01
211193,Yannis,Schapiro,F,40000,9999-01-01
211208,Radhia,Erie,M,46496,9999-01-01
211214,Heeju,Syang,F,40000,9999-01-01
211350,Deborah,Zeilberger,M,40000,9999-01-01
211234,Taisook,Rousseau,F,40989,9999-01-01
211238,Supot,Raney,M,64512,9999-01-01
211250,Paloma,Luca,M,40000,9999-01-01
211280,Masato,Rothenberg,M,57172,9999-01-01
211291,Pohua,Munoz,M,41880,9999-01-01
211293,Malu,Champarnaud,M,53383,9999-01-01
211299,Jaber,Molberg,M,67035,9999-01-01
211301,Khalid,Aingworth,F,87400,9999-01-01
211304,Bowen,Hainaut,M,76185,9999-01-01
211361,Garnet,Candan,F,56240,9999-01-01
211323,Margo,Collavizza,M,43884,9999-01-01
211333,Geoffry,Tetzlaff,M,55081,9999-01-01
211376,Sandeepan,Eiter,M,62973,9999-01-01
211534,Jianhua,Cardazo,F,67492,9999-01-01
211541,Perry,Albarhamtoshy,F,57371,9999-01-01
211389,Feiyu,Muniz,M,55704,9999-01-01
211559,Macha,Flowers,M,48523,9999-01-01
211568,Maha,Escriba,M,40000,9999-01-01
211576,Gilbert,Oaver,F,78240,9999-01-01
211584,Sangeeta,Jarecki,M,61013,9999-01-01
211589,Temple,Barbanera,F,40000,9999-01-01
211596,Indrajit,Naumovich,M,60413,9999-01-01
211599,Heekeun,Picaronny,F,69546,9999-01-01
211394,Huican,Nicolson,F,40307,9999-01-01
211618,Tetsurou,Rabehasaina,F,67175,9999-01-01
211398,Vishwani,Thorensen,M,52383,9999-01-01
211644,Menkae,Trogemann,M,76750,9999-01-01
211655,Giap,Aingworth,F,40000,9999-01-01
211410,Nevin,Pagter,M,59786,9999-01-01
211666,Nechama,Dratva,M,40000,9999-01-01
211668,Sigeru,Jarecki,F,63081,9999-01-01
211680,Teunis,Millington,M,63079,9999-01-01
211688,Hidefumi,Kobuchi,M,89680,9999-01-01
211698,Giao,Muniz,F,40000,9999-01-01
211710,Sigeru,Senzako,F,40000,9999-01-01
211427,Yechiam,Bala,M,40000,9999-01-01
211716,Roded,Lores,M,40000,9999-01-01
211735,Uwe,Busillo,F,40000,9999-01-01
211430,Udo,Gyimothy,M,93749,9999-01-01
211433,Fei,Vitiello,M,89214,9999-01-01
211764,Ziyad,Selenyi,M,40000,9999-01-01
211768,Aron,Avouris,F,58343,9999-01-01
211470,Domenico,Lorcy,M,44921,9999-01-01
211778,Srinidhi,Zallocco,M,40000,9999-01-01
211800,Remzi,Melter,M,46104,9999-01-01
211822,Duangkaew,Ellozy,F,52074,9999-01-01
211830,Sandeepan,Grospietsch,F,43062,9999-01-01
211837,Billur,Porotnikoff,M,40000,9999-01-01
211841,Zongyan,Arlazarov,F,50642,9999-01-01
211844,Naftali,Heyers,M,47449,9999-01-01
211854,Eishiro,Rosar,M,40000,9999-01-01
211859,Gill,Krybus,F,42358,9999-01-01
211872,Hiroyasu,Boudaillier,M,40000,9999-01-01
211875,Venkatesan,Azevdeo,M,55218,9999-01-01
211488,Zita,Awdeh,M,40000,9999-01-01
211897,Perry,Lalonde,M,55016,9999-01-01
211492,Arch,Openshaw,F,40518,9999-01-01
211901,Oscar,Birjandi,F,41972,9999-01-01
211494,Jasminko,Melichar,M,73876,9999-01-01
211925,Christophe,Rodiger,F,49833,9999-01-01
211931,Sailaja,Maksimenko,F,40000,9999-01-01
211498,Zsolt,Hambrick,F,56880,9999-01-01
211950,Suzette,Conde,F,52745,9999-01-01
211963,Giao,Janocha,M,65958,9999-01-01
211507,Yifei,Pelz,F,40000,9999-01-01
211975,Chaitali,Rosaz,M,65196,9999-01-01
211978,Ottavia,Ritcey,F,40000,9999-01-01
211984,Nimmagadda,Kalefeld,M,54891,9999-01-01
211990,Lenore,Farrar,M,40000,9999-01-01
211999,Frederique,Demian,F,44153,9999-01-01
212009,Shaowen,Boguraev,M,60138,9999-01-01
211510,Abdelkader,Demir,M,40000,9999-01-01
211517,Rance,Schapiro,F,40000,9999-01-01
212040,Bangqing,Lunt,M,97847,9999-01-01
212042,Sigeru,Brizzi,M,46054,9999-01-01
212050,Manton,Rissland,M,44409,9999-01-01
211524,Elgin,Xiaoshan,F,40000,9999-01-01
212056,Sangeeta,Perna,M,51891,9999-01-01
212064,Tayeb,Constantine,M,63309,9999-01-01
212072,Lorien,Billingsley,F,50871,9999-01-01
212291,Persi,Honiden,F,44783,9999-01-01
212094,Alassane,Schmezko,M,40000,9999-01-01
212102,Shahid,Stranks,M,40000,9999-01-01
212112,Radhakrishnan,Fraisse,M,40000,9999-01-01
212113,Leucio,Miara,M,47986,9999-01-01
212116,Shir,Leivant,M,58408,9999-01-01
212117,Gill,Hutter,F,95988,9999-01-01
212125,Xuedong,Rossi,M,40000,9999-01-01
212134,Halsur,Kalloufi,M,40810,9999-01-01
212136,IEEE,Muhlberg,M,40000,9999-01-01
212139,Nikolaus,Norsworthy,M,40000,9999-01-01
212141,Slavian,Leijenhorst,F,72249,9999-01-01
212157,Shrikanth,Binkley,F,74197,9999-01-01
212159,Hinrich,Heyers,M,40497,9999-01-01
212161,Inderjeet,Lukaszewicz,F,40000,9999-01-01
212168,Licheng,Rathonyi,M,46555,9999-01-01
212171,Valdiodio,Greibach,M,71987,9999-01-01
212178,Alagu,Lodder,F,60800,9999-01-01
212181,Zhiwei,Sundgren,M,47494,9999-01-01
212295,Shahid,Lukaszewicz,M,58712,9999-01-01
212191,Narain,Besancenot,F,40000,9999-01-01
212193,Kendra,Sadowski,M,40000,9999-01-01
212205,Golgen,Mungall,M,40616,9999-01-01
212210,Lokesh,Vakili,M,58893,9999-01-01
212213,Jaideep,Ozery,F,55352,9999-01-01
212219,Yahiko,Solovay,M,40000,9999-01-01
212307,Leni,Kirkerud,M,75603,9999-01-01
212243,Kwangho,Guenter,M,50515,9999-01-01
212258,Nevin,Menhardt,M,49374,9999-01-01
212259,Vishu,Slaats,M,53660,9999-01-01
212260,Hsiangchu,Baek,F,40000,9999-01-01
212268,Stamatina,Asser,F,60046,9999-01-01
212309,Ayakannu,Steinauer,M,52827,9999-01-01
212333,Parto,Keirsey,M,47743,9999-01-01
212479,Serge,Feldhoffer,F,56895,9999-01-01
212482,Lubomir,Angiulli,M,55971,9999-01-01
212334,Franziska,Bellmore,F,44884,9999-01-01
212521,Duangkaew,Borstler,F,40000,9999-01-01
212522,Amabile,Pavlopoulou,F,57870,9999-01-01
212535,Kiyotoshi,Sevcikova,F,40000,9999-01-01
212565,Dulce,Meriste,F,43007,9999-01-01
212567,Marjo,Veeraraghavan,M,40000,9999-01-01
212591,Sigeru,Ravishankar,M,46201,9999-01-01
212602,Tua,Chiodo,F,40000,9999-01-01
212618,Haldun,Anido,M,44446,9999-01-01
212635,Carrsten,Krichel,M,40923,9999-01-01
212643,Tetsurou,Malinowski,M,46432,9999-01-01
212644,Garnik,Theuretzbacher,M,81734,9999-01-01
212653,Geoffrey,Nyrup,M,58258,9999-01-01
212673,Utpal,Mundy,M,40000,9999-01-01
212677,Subbu,Demeyer,M,60964,9999-01-01
212336,Jacqueline,Litzkow,M,51444,9999-01-01
212687,Tomoyuki,Brlek,F,41918,9999-01-01
212692,Abdulah,Pardalos,F,47362,9999-01-01
212697,Yongmao,Raney,F,49640,9999-01-01
212699,Aleksander,Bierbaum,M,40000,9999-01-01
212706,Fai,Remmers,F,48652,9999-01-01
212338,Kamakshi,Leijenhorst,M,50350,9999-01-01
212723,Haldon,Nooteboom,M,40000,9999-01-01
212726,Frederique,Ramsey,M,40855,9999-01-01
212737,Eckart,Mitchem,F,72645,9999-01-01
212340,Kokou,Erol,F,40000,9999-01-01
212742,Gal,Melter,F,69846,9999-01-01
212750,Sajjan,Bednarek,M,41413,9999-01-01
212758,Phule,Stasinski,F,48546,9999-01-01
212762,Kauko,Lung,M,43095,9999-01-01
212765,Marco,Schaar,F,40000,9999-01-01
212346,Arve,Akaboshi,F,40000,9999-01-01
212780,Yuchang,Asser,F,91383,9999-01-01
212796,Troy,Eiron,M,63375,9999-01-01
212799,Abdelkader,Falby,F,40000,9999-01-01
212800,Lihong,Hardjono,M,55155,9999-01-01
212806,Keiichiro,Papadias,M,40000,9999-01-01
212348,Gad,Butterworth,F,40000,9999-01-01
212821,Atreye,Vingron,F,57263,9999-01-01
212355,Ortrun,Lubachevsky,F,55196,9999-01-01
212365,Leon,Champarnaud,M,86151,9999-01-01
212826,Leucio,Malabarba,M,40000,9999-01-01
212830,Dines,Lenart,F,44519,9999-01-01
212854,Pranay,Hennings,M,60287,9999-01-01
212856,Kayoko,Bach,M,40000,9999-01-01
212367,Khatoun,Krider,M,40819,9999-01-01
212876,Stepehn,Simmel,M,40000,9999-01-01
212880,Sreekrishna,Hofting,M,45936,9999-01-01
212883,Denis,Hedayat,M,46739,9999-01-01
212893,Perla,Conti,F,48380,9999-01-01
212409,Youpyo,Litzkow,M,46807,9999-01-01
212902,Shounak,Speckmann,F,51491,9999-01-01
212905,Zhonghui,McClure,M,56433,9999-01-01
212906,Sumant,Menhoudj,M,48271,9999-01-01
212911,Chiranjit,Griswold,F,54019,9999-01-01
212917,Weiye,Cesareni,F,40000,9999-01-01
212940,Nahid,Syrzycki,M,40000,9999-01-01
212946,Kwun,Eiter,M,40000,9999-01-01
212950,Udi,Schiettecatte,F,48767,9999-01-01
212969,Tzu,Ecklund,F,40000,9999-01-01
212989,Kasturi,Billawala,F,64210,9999-01-01
212992,Xiong,Ferretti,F,46681,9999-01-01
213001,Pragnesh,Cummings,F,40000,9999-01-01
213006,Gino,Biran,F,60804,9999-01-01
213010,Magy,Lupu,M,50252,9999-01-01
212413,Sanjiv,Limongiello,M,74133,9999-01-01
212423,Reinhold,Demke,M,72970,9999-01-01
213024,Dipankar,Levasseur,M,71898,9999-01-01
213025,Kinh,Nourani,M,40000,9999-01-01
213035,Shuichi,Nitsche,F,61301,9999-01-01
213039,Oldrich,Docker,M,92281,9999-01-01
213040,Rimon,Coors,F,54828,9999-01-01
213059,Mitchel,Seiwald,F,57043,9999-01-01
213061,Zeljko,Leuchs,M,40000,9999-01-01
213065,Aris,Zweizig,F,40000,9999-01-01
213066,Udi,Skogmar,F,40000,9999-01-01
213069,Sajjad,Mikschl,F,53589,9999-01-01
213071,Jacqueline,Demian,M,40000,9999-01-01
213073,Huai,Heemskerk,F,46858,9999-01-01
213083,Wonhee,Nishimukai,F,78667,9999-01-01
213090,Aleksandar,Sudkamp,F,40000,9999-01-01
213096,Mandell,Takanami,M,60355,9999-01-01
212433,Zhensheng,Brodal,F,51420,9999-01-01
213101,Sajjad,Benveniste,F,42562,9999-01-01
213105,Basim,Steenbeek,M,50295,9999-01-01
213126,Maia,Kolvik,F,62165,9999-01-01
212441,Masaru,Ouhyoung,M,40000,9999-01-01
213144,Patricio,Luon,F,94603,9999-01-01
213155,Mayuri,Kermarrec,M,53925,9999-01-01
213164,Tadahiko,Maccarone,M,40000,9999-01-01
213213,Zongyan,Rodite,M,60237,9999-01-01
213174,Muneo,Poupard,M,45959,9999-01-01
213180,Aiman,Heuser,M,46415,9999-01-01
213387,Jacopo,England,M,61176,9999-01-01
213393,Hauke,Rossi,F,43346,9999-01-01
213401,Branimir,Gulak,F,40000,9999-01-01
213407,Gino,Mandell,M,81139,9999-01-01
213426,Demin,Lenart,F,82945,9999-01-01
213228,Itzchak,Iwayama,F,57563,9999-01-01
213455,Chenye,Lorho,M,77465,9999-01-01
213237,Radhika,Tagansky,M,50346,9999-01-01
213480,Dinah,Srimani,M,69864,9999-01-01
213482,Huei,Chaudhury,M,50845,9999-01-01
213490,Gino,Bugrara,M,52928,9999-01-01
213491,Sashi,Kaiser,M,44775,9999-01-01
213508,Somnath,Binding,F,71099,9999-01-01
213513,Bluma,Zyda,M,48155,9999-01-01
213243,Shay,Marshall,M,50008,9999-01-01
213525,Kamran,Hellwagner,F,82437,9999-01-01
213526,Fox,Srimani,M,43307,9999-01-01
213529,Shaibal,Schusler,F,40000,9999-01-01
213271,Djenana,Acton,M,72791,9999-01-01
213558,Vidya,Gunderson,M,63918,9999-01-01
213567,Pasqua,Redmiles,M,40000,9999-01-01
213592,Kwok,Schaaf,F,45064,9999-01-01
213275,Chenxi,Sankaranarayanan,F,49580,9999-01-01
213293,Rafols,Streng,F,40000,9999-01-01
213623,Valeri,Hambrick,F,40000,9999-01-01
213631,Yongmin,Beilner,M,69987,9999-01-01
213647,Douadi,Sethi,M,52648,9999-01-01
213662,Parke,Rosen,F,48265,9999-01-01
213667,Martina,Birch,M,55288,9999-01-01
213670,Fei,Dolinsky,M,40000,9999-01-01
213305,Takahira,Farris,M,68091,9999-01-01
213310,Quingbo,Apsitis,M,42002,9999-01-01
213312,Aron,McFarlan,F,54703,9999-01-01
213734,Boaz,Sessa,M,56166,9999-01-01
213736,Selwyn,Reistad,F,40000,9999-01-01
213327,Shiv,Alpin,M,40000,9999-01-01
213756,Jaideep,Awdeh,F,40000,9999-01-01
213760,Moni,Greibach,F,55150,9999-01-01
213339,Zhigen,Slobodova,F,40000,9999-01-01
213778,Licheng,Pintelas,M,40000,9999-01-01
213779,Shooichi,Improta,M,60477,9999-01-01
213784,Premsyl,Takanami,F,44839,9999-01-01
213786,Adas,Deyuan,M,84123,9999-01-01
213798,Dzung,Randt,M,52599,9999-01-01
213801,Aruna,Alameldin,M,75543,9999-01-01
213810,Chuanti,Sommen,M,65919,9999-01-01
213823,Shih,Lorho,F,47683,9999-01-01
213826,Subhash,Chenoweth,M,71478,9999-01-01
213834,Shuji,Impagliazzo,M,84566,9999-01-01
213839,Danny,Kakkar,F,55963,9999-01-01
213843,Chaoyi,Plump,M,91586,9999-01-01
213849,Annemarie,Gilg,F,42930,9999-01-01
213851,Vivian,Fairtlough,F,48654,9999-01-01
213863,Nimmagadda,Saoudi,M,42252,9999-01-01
213864,Marl,Isard,F,56780,9999-01-01
213867,Leni,Thimonier,F,40000,9999-01-01
213904,Mari,Kropatsch,M,53772,9999-01-01
213906,Sven,Gerteisen,M,65282,9999-01-01
213935,Rosita,Kaminger,M,74775,9999-01-01
213342,Randy,Knightly,M,58687,9999-01-01
213944,Goetz,Bondorf,F,56986,9999-01-01
213955,Gianluca,Shackel,M,86201,9999-01-01
213961,Jaideep,Weedon,F,40000,9999-01-01
213962,Pranjal,Rahier,M,59793,9999-01-01
213964,Shawna,Limongiello,M,63483,9999-01-01
213965,Ramalingam,Denny,M,40000,9999-01-01
213966,Mayumi,Schade,M,40000,9999-01-01
213976,Leah,Sidou,M,42981,9999-01-01
213978,Jaewon,Eterovic,M,57074,9999-01-01
213981,Kazuyasu,Melski,F,82873,9999-01-01
213353,Diederik,Gecsel,F,68352,9999-01-01
213991,Miyeon,Erbe,M,66643,9999-01-01
213997,Kerhong,Lambe,M,47515,9999-01-01
214008,Zhigen,Thimonier,M,41736,9999-01-01
214010,Steen,Melski,F,40000,9999-01-01
214024,Zhilian,Kroll,F,70765,9999-01-01
214033,Genevieve,Junet,F,40000,9999-01-01
213357,Collette,Businaro,M,42262,9999-01-01
214059,Shahar,McFarlin,F,55646,9999-01-01
213360,Debaprosad,Antonakopoulos,F,64943,9999-01-01
214071,Jordanka,Goldhammer,F,61772,9999-01-01
214078,Surveyors,Merli,M,76255,9999-01-01
213362,Emdad,Vendrig,F,57813,9999-01-01
214090,Tsvetan,Janocha,M,48431,9999-01-01
214097,Hideyuki,Kroon,M,56332,9999-01-01
214099,Holgard,Prenel,F,59556,9999-01-01
214108,Chiradeep,Ellozy,F,57811,9999-01-01
214307,Adam,Lamma,M,40000,9999-01-01
214121,Saddek,Luks,F,44346,9999-01-01
214144,Duke,Oppitz,M,40000,9999-01-01
214145,Steen,Ravishankar,M,46858,9999-01-01
214161,Tsz,Strehl,F,40000,9999-01-01
214166,Goncalo,Worfolk,M,74831,9999-01-01
214167,Zvonko,Reinhart,M,40000,9999-01-01
214171,Sergi,Saoudi,M,40000,9999-01-01
214311,Bodh,Potthoff,M,45876,9999-01-01
214183,Nathalie,Parfitt,F,67539,9999-01-01
214189,Panayotis,Junot,M,40000,9999-01-01
214204,Alexius,Glowinski,F,68265,9999-01-01
214317,Thodoros,Kugler,M,46339,9999-01-01
214211,Miomir,Peres,F,56701,9999-01-01
214216,Stabislas,Billawala,M,40000,9999-01-01
214241,Toshimo,Strandh,M,66193,9999-01-01
214327,Jaewoo,Solares,F,40000,9999-01-01
214252,Katsuo,Granlund,M,66474,9999-01-01
214261,Terresa,Munch,M,40000,9999-01-01
214357,Uno,Coney,F,40000,9999-01-01
214302,Xiadong,Siegrist,M,40000,9999-01-01
214491,Ulf,Cromarty,M,67347,9999-01-01
214496,Gunilla,Halevi,M,59471,9999-01-01
214506,Vishv,Fortenbacher,F,57597,9999-01-01
214508,Arvin,Limongiello,M,46685,9999-01-01
214511,Masaki,Marquardt,F,40000,9999-01-01
214522,Otmar,Flanders,F,40000,9999-01-01
214535,Sampalli,Demir,F,40000,9999-01-01
214358,Ravishankar,Pileggi,M,40055,9999-01-01
214540,Boaz,Butner,M,41346,9999-01-01
214364,Kwangho,Siksek,M,61151,9999-01-01
214556,Yinghua,Tagansky,F,40000,9999-01-01
214560,Pradeep,Erez,M,49792,9999-01-01
214563,Basil,Ramras,F,51422,9999-01-01
214591,Mohua,Luders,F,45449,9999-01-01
214376,Jingling,Krogh,M,40000,9999-01-01
214605,Mario,Rosenbaum,M,40000,9999-01-01
214616,Phillip,Paciorek,M,48421,9999-01-01
214622,Shaw,Peha,F,74203,9999-01-01
214385,Mechthild,Yemenis,M,67345,9999-01-01
214657,Yurii,Papsdorf,M,47761,9999-01-01
214663,Bangqing,Baez,F,61240,9999-01-01
214665,Mana,Eickenmeyer,F,44406,9999-01-01
214394,Faiza,DeMori,F,48534,9999-01-01
214674,Zissis,Saoudi,F,68262,9999-01-01
214401,Jiakeng,Sanella,M,57072,9999-01-01
214681,Edwin,Dulli,M,50591,9999-01-01
214682,Jaroslava,Neimat,F,96068,9999-01-01
214693,Garnet,Kuzuoka,M,40000,9999-01-01
214706,Marlo,Kitai,F,53516,9999-01-01
214414,Xuedong,Koyama,F,66496,9999-01-01
214716,Hironobu,Makrucki,M,69425,9999-01-01
214719,Tristan,Skrikant,M,46065,9999-01-01
214727,Berthier,Koprowski,F,40000,9999-01-01
214738,Caolyn,Cunliffe,M,61076,9999-01-01
214741,Xiahua,Piazza,F,47215,9999-01-01
214746,Mohan,Ishibashi,M,40000,9999-01-01
214753,Stafford,dAstous,F,40000,9999-01-01
214758,Remmert,Bruckman,M,40000,9999-01-01
214765,Jongsuk,Keustermans,F,50057,9999-01-01
214768,Yakichi,Guardalben,F,53861,9999-01-01
214430,Kirk,Hofman,M,53401,9999-01-01
214779,Denis,Nitsche,M,50619,9999-01-01
214785,Arif,Sigstam,M,51268,9999-01-01
214788,Sadun,Zschoche,F,53892,9999-01-01
214791,Mana,Ligten,M,42838,9999-01-01
214794,Val,Ibel,M,76281,9999-01-01
214796,Leah,Cronau,M,77345,9999-01-01
214811,Serap,Kalloufi,M,42030,9999-01-01
214812,Marl,Nannarelli,M,50691,9999-01-01
214823,Aleksandar,Azulay,F,53102,9999-01-01
214826,Susuma,Merey,M,40000,9999-01-01
214858,Yongdong,Kushner,F,40000,9999-01-01
214436,Ashish,Panangaden,M,77215,9999-01-01
214862,Ziva,Basagni,F,74143,9999-01-01
214441,Padma,Sgarro,F,67417,9999-01-01
214874,Hironoby,Ventosa,M,48451,9999-01-01
214876,Shuho,Domenig,M,40000,9999-01-01
214445,Shaw,Decleir,M,40000,9999-01-01
214892,Shim,Ducloy,M,40000,9999-01-01
214446,Barry,Mersereau,M,71698,9999-01-01
214920,Ipke,Caine,M,48323,9999-01-01
214921,Hsiangchu,Byoun,F,51987,9999-01-01
214935,Makato,Hiroyama,M,40000,9999-01-01
214448,Gay,Baby,M,49449,9999-01-01
214954,Marko,Mandell,M,40000,9999-01-01
214955,Yunming,Puppo,F,88550,9999-01-01
214960,Yolla,Koblick,M,52879,9999-01-01
214965,Toshiki,Zeleznik,M,67789,9999-01-01
214970,Arfst,Belinskaya,M,91368,9999-01-01
214973,Susanta,Conde,M,46966,9999-01-01
214984,Tomofumi,Yurov,F,50677,9999-01-01
215007,Georgy,Radwan,M,56493,9999-01-01
215008,Mechthild,Alpin,M,56002,9999-01-01
215016,Uinam,Sullins,M,40000,9999-01-01
215021,Horward,Staylopatis,F,72531,9999-01-01
215029,Basant,Brender,M,43444,9999-01-01
215039,Boutros,Stellhorn,M,42497,9999-01-01
215055,Percy,Percebois,M,54947,9999-01-01
215102,Horward,Puoti,F,74527,9999-01-01
215104,Giap,Guting,F,64016,9999-01-01
215109,Irena,Matzke,F,40000,9999-01-01
215111,Sajjad,Dahlbom,M,64669,9999-01-01
215116,Val,Holburn,M,55843,9999-01-01
215123,Sangeeta,Angelopoulos,M,75252,9999-01-01
215124,Gaetan,Waschkowski,M,53301,9999-01-01
215132,Karoline,Perz,M,40000,9999-01-01
215142,Danil,Kushner,M,59412,9999-01-01
215155,Hideyuki,Erdi,M,60531,9999-01-01
215156,Kensei,Conti,M,40000,9999-01-01
215168,Houman,Hellwagner,M,61126,9999-01-01
215172,Sukumar,Vigier,M,49864,9999-01-01
215177,Siamak,Tomescu,F,40000,9999-01-01
215179,Aleksander,Soicher,M,56307,9999-01-01
215188,Temple,Zhiwei,F,40000,9999-01-01
215212,Sigeru,Birnbaum,F,66089,9999-01-01
215218,Shiv,Cappello,M,41418,9999-01-01
215228,Annemarie,Rando,M,40000,9999-01-01
215233,Constantijn,Schiettecatte,M,40000,9999-01-01
215244,Duangkaew,Farrow,F,43220,9999-01-01
215247,Tonny,Hellwagner,M,89998,9999-01-01
215248,Dmitri,Sinicrope,M,46523,9999-01-01
215262,Naraig,Meszaros,F,54118,9999-01-01
215277,Ewing,Bach,F,66950,9999-01-01
215281,Tomofumi,Onuegbe,F,60176,9999-01-01
215282,Panayotis,Stasinski,M,72349,9999-01-01
215285,Kazuhira,Osgood,M,61939,9999-01-01
215289,Eckart,Anger,M,49356,9999-01-01
215291,Haldun,Raoux,M,50804,9999-01-01
215310,Sampalli,Dalton,M,40000,9999-01-01
215326,Danae,Furudate,M,58948,9999-01-01
215329,Gregory,Doering,M,51181,9999-01-01
215335,Shuky,Kalafatis,F,71394,9999-01-01
215338,Hidde,Rodier,F,40000,9999-01-01
215345,Toshimori,Hertweck,F,52290,9999-01-01
215355,Amabile,Pehl,F,46588,9999-01-01
215360,Francesca,Meszaros,M,70479,9999-01-01
215370,Kristina,Leuchs,F,40000,9999-01-01
215371,Yahiko,Chinin,M,91866,9999-01-01
215373,Barry,Simmel,M,40000,9999-01-01
215374,Hatim,Szilard,M,40000,9999-01-01
215379,Martina,Muntz,F,42170,9999-01-01
215383,Xuejun,Kushner,M,40000,9999-01-01
215402,Sanjiv,Prochazka,F,64432,9999-01-01
215438,Bernd,Magalhaes,F,48133,9999-01-01
215467,Xinyu,Capobianchi,M,40000,9999-01-01
215471,Nechama,Dehkordi,M,40000,9999-01-01
215480,Guther,Perly,M,67527,9999-01-01
215482,Samphel,Peac,M,83478,9999-01-01
215483,Tayeb,Schieder,F,64051,9999-01-01
215499,Boriana,Cherinka,F,44326,9999-01-01
215511,Jaroslava,Waterhouse,F,40000,9999-01-01
215513,Sigeru,Litzkow,F,73090,9999-01-01
215523,Feixiong,Emmerich,M,59445,9999-01-01
215549,Mara,Georgatos,F,40000,9999-01-01
215567,Gennady,Bernick,M,58295,9999-01-01
215575,Tran,Hofting,M,65409,9999-01-01
215576,Takushi,Anger,F,93415,9999-01-01
215616,Sachar,Aloisi,M,40000,9999-01-01
215620,Aiichiro,Baik,M,40000,9999-01-01
215626,Murthy,Schusler,M,40000,9999-01-01
215643,Nidapan,Staelin,M,40000,9999-01-01
215648,Jeanna,Jahnichen,M,40000,9999-01-01
215654,Zvonko,Jakobus,F,40000,9999-01-01
215656,Shawna,Sankaranarayanan,M,40000,9999-01-01
215664,Aleksandar,Verhoeff,F,71444,9999-01-01
215680,Lokesh,Billingsley,M,40000,9999-01-01
215685,Filipe,Nooteboom,M,51499,9999-01-01
215693,Hidefumi,Emmart,M,43705,9999-01-01
215695,Jasminko,Wendorf,M,40000,9999-01-01
215696,Nigel,Iisaka,M,69942,9999-01-01
215697,Tooru,Bardell,F,42622,9999-01-01
215713,Radhakrishnan,Engberts,M,44365,9999-01-01
215718,Weiwu,Luan,M,46731,9999-01-01
215726,Khosrow,Michaels,M,40000,9999-01-01
215730,Amalendu,Peek,M,40000,9999-01-01
215731,Xiping,Emmerich,F,40000,9999-01-01
215734,Gina,Bahi,F,58963,9999-01-01
215739,Masaki,Scallan,F,40000,9999-01-01
215745,Lidong,Suppi,F,63254,9999-01-01
215747,Fan,Czap,M,41216,9999-01-01
215776,Adas,Ashish,M,43918,9999-01-01
215783,Sverrir,Prochazka,M,47789,9999-01-01
215785,Zita,Tetzlaff,F,45564,9999-01-01
215801,Alejandra,Underwood,F,54442,9999-01-01
215829,Boaz,Jumpertz,F,49791,9999-01-01
215831,Halsur,Ferriere,F,56380,9999-01-01
215848,Arnd,Chenoweth,M,45040,9999-01-01
215855,Fan,Snedden,M,56353,9999-01-01
215871,Naraig,Lores,M,40000,9999-01-01
215890,Denis,Kroon,M,40000,9999-01-01
215900,Yoshimitsu,Chvatal,M,41650,9999-01-01
215917,Mohua,Valette,F,45839,9999-01-01
215924,Bojan,Rotem,M,49791,9999-01-01
215941,Atilio,Herber,M,72226,9999-01-01
215946,Josyula,Barbanera,M,55323,9999-01-01
215963,Luigi,Chinen,F,68180,9999-01-01
215966,Kayoko,Angot,F,40000,9999-01-01
215974,Shay,Karlin,M,52265,9999-01-01
215980,Dipayan,Irland,F,70864,9999-01-01
215989,Kersti,Hofting,M,40000,9999-01-01
216016,Zhonghui,Schwaller,F,43247,9999-01-01
216020,Taiji,Gurbaxani,F,51803,9999-01-01
216028,Guadalupe,Hofmeyr,F,58490,9999-01-01
216032,Alain,Senzako,F,40225,9999-01-01
216034,Marit,Pollacia,F,60678,9999-01-01
216038,Nahla,Alameldin,M,40000,9999-01-01
216047,Gil,Cooke,M,40000,9999-01-01
216071,Guadalupe,Edelhoff,F,45421,9999-01-01
216075,Nimmagadda,Kranzdorf,F,69047,9999-01-01
216102,Baziley,Vingron,M,58493,9999-01-01
216116,Yuuichi,Petersohn,M,40000,9999-01-01
216127,Steve,Farrag,F,40000,9999-01-01
216128,Syozo,Schneeberger,F,40000,9999-01-01
216131,Paloma,Schaft,F,40000,9999-01-01
216132,Hironoby,Rodiger,M,49712,9999-01-01
216138,Giordano,Shanbhogue,F,40000,9999-01-01
216153,Masato,Boguraev,F,40000,9999-01-01
216160,Nathan,Kusakari,M,71625,9999-01-01
216177,Nagui,Mattern,M,40000,9999-01-01
216180,Kristin,Ranka,F,40118,9999-01-01
216181,Susuma,Biran,M,60016,9999-01-01
216186,Kazuhito,Schaar,M,46696,9999-01-01
216191,Yuuichi,Bernick,M,40000,9999-01-01
216193,Arne,Rosen,M,46439,9999-01-01
216230,Adib,Kabayashi,M,54257,9999-01-01
216233,Sushant,Crooks,F,41967,9999-01-01
216238,Weijing,Leppanen,M,80482,9999-01-01
216244,Hilari,Wursthorn,M,60307,9999-01-01
216250,Jaana,Zweizig,F,75580,9999-01-01
216270,Jeong,Kohling,M,40000,9999-01-01
216275,Shirish,Einsfeld,F,46107,9999-01-01
216284,Maris,Vigier,M,48462,9999-01-01
216291,Patricia,Kuszyk,F,40000,9999-01-01
216294,Keiichiro,Kalefeld,M,94349,9999-01-01
216295,Kerhong,Siegrist,M,71807,9999-01-01
216301,Yannis,Kilgour,M,77387,9999-01-01
216318,Guozhong,Maierhofer,M,49678,9999-01-01
216321,Masami,Lores,M,71487,9999-01-01
216326,Pantung,Zizka,M,52232,9999-01-01
216327,Morris,Heuter,F,67732,9999-01-01
216348,Gro,Ernst,M,40000,9999-01-01
216354,Nishit,Argence,M,40000,9999-01-01
216389,Garnik,Naudin,F,49848,9999-01-01
216390,Sergi,Keustermans,F,40000,9999-01-01
216392,Ziyad,Baer,M,69678,9999-01-01
216393,Masami,Hockney,M,100963,9999-01-01
216395,Sakthirel,Ohori,F,46157,9999-01-01
216397,Feixiong,Brodal,M,78066,9999-01-01
216415,Gererd,Vadhan,M,56965,9999-01-01
216422,Manibrata,Crooks,M,44140,9999-01-01
216423,Boaz,Lorcy,M,40000,9999-01-01
216443,Troy,Pero,F,40000,9999-01-01
216449,Radhika,Billingsley,F,47402,9999-01-01
216460,Tetsushi,Gerteisen,M,63038,9999-01-01
216468,Gila,Cronan,F,63596,9999-01-01
216474,Kristian,Swist,M,57708,9999-01-01
216496,Holgard,Shihab,M,40000,9999-01-01
216500,Angus,Eldridge,F,40000,9999-01-01
216530,Jiann,Marrakchi,F,40000,9999-01-01
216532,Dung,Merli,F,40000,9999-01-01
216545,Sorina,Danley,F,40000,9999-01-01
216549,Menkae,Raney,M,40000,9999-01-01
216554,Ewing,Litzler,M,50727,9999-01-01
216559,Munir,Heinisuo,F,40000,9999-01-01
216578,Koichi,Plesums,M,57321,9999-01-01
216580,Susuma,Facello,F,60025,9999-01-01
216583,Shir,Dehkordi,M,78543,9999-01-01
216599,Marsja,Pettey,M,57635,9999-01-01
216602,Stamatina,Peron,M,40000,9999-01-01
216615,Yechiam,Busillo,M,67628,9999-01-01
216619,Ulises,Reistad,M,60810,9999-01-01
216641,Florian,Ginneken,M,65018,9999-01-01
216642,Kazuhiko,Mondadori,M,60832,9999-01-01
216643,Luisa,Camurati,M,57260,9999-01-01
216658,Bogdan,Scallan,F,44379,9999-01-01
216659,Munehiko,Carrera,F,76394,9999-01-01
216668,Kellie,Rodite,M,62124,9999-01-01
216670,Sreenivas,Paludetto,F,40289,9999-01-01
214451,Tristan,Scallan,M,80944,9999-01-01
216678,Khatoun,Laurillard,M,40000,9999-01-01
216683,Mayuko,Rattan,F,40000,9999-01-01
216684,Sugwoo,Wendorf,F,40000,9999-01-01
216703,Visit,Zolotykh,M,61810,9999-01-01
216896,Suebskul,Pelc,M,40000,9999-01-01
216720,Xinan,Etalle,M,40000,9999-01-01
216722,Leen,Sudbeck,M,45474,9999-01-01
216734,Yakkov,Swist,M,40000,9999-01-01
216748,Salvador,Jervis,F,81672,9999-01-01
216750,Charmane,Farris,F,40838,9999-01-01
216778,Yunming,Wegerle,M,54340,9999-01-01
216789,Eben,Ghemri,F,56045,9999-01-01
216798,Rimon,Nitsch,M,40000,9999-01-01
216801,Heon,Vasanthakumar,F,69562,9999-01-01
216809,Moni,Winter,M,84785,9999-01-01
216813,Atreye,Lorys,M,40659,9999-01-01
216854,Kirk,Reeker,F,57151,9999-01-01
216860,Akeel,Monkewich,M,79394,9999-01-01
216904,Khosrow,Leivant,M,40000,9999-01-01
216885,Fumiya,Leuchs,F,42578,9999-01-01
216927,Susumu,Welham,M,40000,9999-01-01
217081,Mamdouh,Buescher,M,40000,9999-01-01
217099,Jolita,Cyne,F,45181,9999-01-01
217105,Khedija,Soloway,M,56232,9999-01-01
217106,Yuping,Cannane,M,49182,9999-01-01
217109,Arra,Ossenbruggen,F,40000,9999-01-01
217118,Goncalo,Seiwald,M,51389,9999-01-01
217125,Tuval,Maliniak,M,52147,9999-01-01
216934,Nagui,Krzyzanowski,M,59907,9999-01-01
217144,Aris,Picht,F,40000,9999-01-01
217156,Shaowen,Mansanne,M,40000,9999-01-01
216947,Utz,Vernadat,F,58691,9999-01-01
217163,Mohua,Schaap,M,53388,9999-01-01
217168,Mahmut,Heystek,F,48816,9999-01-01
217173,Torsten,Krichel,M,96811,9999-01-01
217179,Kerhong,Khasidashvili,M,40000,9999-01-01
217187,Duri,Hedayat,F,48653,9999-01-01
217188,Leszek,Bach,F,77842,9999-01-01
217198,Luigi,Chinen,M,49741,9999-01-01
217199,Miomir,Saoudi,M,76934,9999-01-01
217200,Xinyu,Hutter,F,45790,9999-01-01
216959,Shimshon,Reistad,M,54603,9999-01-01
216965,Badri,Birke,M,54761,9999-01-01
217265,Shimshon,Glinert,M,40000,9999-01-01
216975,Branimir,Salverda,M,63201,9999-01-01
217276,Billur,Schapire,F,40000,9999-01-01
217283,Khosrow,Falco,F,40000,9999-01-01
217299,Martins,Gill,M,56881,9999-01-01
216984,Maya,Swen,M,78524,9999-01-01
217312,Zorica,Rodham,M,46049,9999-01-01
217315,Garnik,Neimat,M,40000,9999-01-01
217319,Uzi,Makrucki,M,47990,9999-01-01
217322,Pascal,Munro,M,40000,9999-01-01
217332,Jahangir,Olivero,M,40000,9999-01-01
217336,Jungsoon,Usdin,M,76034,9999-01-01
217342,Paris,Perng,F,40000,9999-01-01
217347,Mechthild,Perri,M,59309,9999-01-01
217349,Atreyi,Zeleznik,M,46378,9999-01-01
217350,Bernardo,Bauknecht,F,80707,9999-01-01
216988,Abdulla,Hempstead,M,57486,9999-01-01
217377,Zhaofang,Gecsei,M,48248,9999-01-01
217385,Sadun,Smailagic,M,80436,9999-01-01
217386,Uzi,Dengi,M,69048,9999-01-01
217396,Soenke,Flowers,F,40000,9999-01-01
216996,Gift,Jansen,M,52640,9999-01-01
217418,Nikolaos,Puppo,F,60671,9999-01-01
217008,Mokhtar,Makinen,M,40000,9999-01-01
217434,Kwun,Unno,M,48867,9999-01-01
217024,Valdiodio,Peternell,F,43810,9999-01-01
217451,Sanjoy,Giarratana,M,57706,9999-01-01
217453,Goo,Ishibashi,F,40000,9999-01-01
217062,Candido,Cappello,F,43533,9999-01-01
217471,Josyula,Coors,F,71548,9999-01-01
217484,Subhrajyoti,Nivat,M,48138,9999-01-01
217497,Karsten,Monarch,M,40000,9999-01-01
217509,Saeed,Beutelspacher,F,41867,9999-01-01
217070,Aksel,Gargeya,F,58281,9999-01-01
217523,Abdulla,Zolotykh,F,60944,9999-01-01
217528,Inderjeet,Lalonde,F,40000,9999-01-01
217534,Emran,Guting,F,40000,9999-01-01
217549,Mitchel,Serna,F,40000,9999-01-01
217558,Oldrich,Bugaenko,M,41674,9999-01-01
217559,Taizo,Cappelli,F,69842,9999-01-01
217561,Kiyotoshi,Ananiadou,M,62988,9999-01-01
217564,Marie,Schnabel,F,91217,9999-01-01
217565,Fai,Lorin,M,40000,9999-01-01
217574,Roded,Gelosh,M,48288,9999-01-01
217598,Piyawadee,Przulj,M,40000,9999-01-01
217606,Khalid,Luit,M,40000,9999-01-01
217624,Guadalupe,Rajaraman,M,40000,9999-01-01
217078,Parviz,Huhdanpaa,M,45432,9999-01-01
217824,Tomofumi,Ranai,F,64556,9999-01-01
217844,Hideo,Munch,M,40000,9999-01-01
217642,Nectarios,Lieberherr,F,45507,9999-01-01
217643,Guangming,Oxman,F,55919,9999-01-01
217649,Lidong,Potthoff,M,96052,9999-01-01
217653,Jackson,Awdeh,F,40000,9999-01-01
217661,Chenxi,Janetzko,F,77430,9999-01-01
217662,Marla,Parveen,M,51565,9999-01-01
217687,Georg,Schwabacher,M,57614,9999-01-01
217699,Khue,Vesna,F,40000,9999-01-01
217845,Deborah,Matheson,F,40000,9999-01-01
217714,Sajjad,Coors,F,40000,9999-01-01
217856,Toshimi,Gimarc,M,49405,9999-01-01
217734,Tayeb,Eldridge,F,66838,9999-01-01
217746,Shih,Pelc,M,66943,9999-01-01
217753,Maria,Birge,M,42519,9999-01-01
217764,Ingmar,Massonet,M,40000,9999-01-01
217768,Bikash,Merro,M,45602,9999-01-01
217775,Becky,Pusterhofer,F,40000,9999-01-01
217870,JoAnna,Simmel,F,42348,9999-01-01
217813,Seongbin,Linnainmaa,M,59531,9999-01-01
217820,Beshir,Crabtree,M,54939,9999-01-01
217873,Gro,Uchoa,M,47044,9999-01-01
217876,Leah,Kossowski,F,40000,9999-01-01
217879,Dmitry,Manders,M,40000,9999-01-01
217888,Parke,Speer,M,52292,9999-01-01
218029,Vivian,Lortz,M,40000,9999-01-01
218044,Maia,Veevers,M,67174,9999-01-01
218048,Michaela,Kaiserswerth,F,42520,9999-01-01
218051,Seongbin,Czap,M,69947,9999-01-01
218061,Adas,Rusterholz,M,51836,9999-01-01
217928,Yishay,Showalter,M,43014,9999-01-01
218083,Ashish,Cannata,M,40000,9999-01-01
218098,Shietung,Conia,F,40000,9999-01-01
218119,Giri,Mahmud,M,42629,9999-01-01
218128,Saeed,Bierbaum,F,49705,9999-01-01
218138,Kazunori,Malabarba,F,60962,9999-01-01
218158,Goh,Siksek,F,40000,9999-01-01
218167,Diederik,Fargier,M,70655,9999-01-01
218178,JiYoung,Brickell,M,40000,9999-01-01
218183,Zsolt,Papastamatiou,M,66813,9999-01-01
218189,Vishv,Rindone,M,64144,9999-01-01
217939,Constantine,Masada,F,46439,9999-01-01
218192,Mandell,Paludetto,M,43674,9999-01-01
218195,Niteen,Poujol,F,69549,9999-01-01
218200,Martien,Szilard,M,54740,9999-01-01
218201,Harjit,Ashish,F,55865,9999-01-01
218210,Kinh,Nitto,F,41874,9999-01-01
218212,Navin,Cheshire,M,81958,9999-01-01
218214,Tonia,Montresor,F,69259,9999-01-01
218215,Subhrajyoti,Pargaonkar,M,87679,9999-01-01
218217,Wuxu,Bernick,M,53539,9999-01-01
217945,Shmuel,Georg,M,88260,9999-01-01
218228,Francesca,Auyong,F,64688,9999-01-01
218254,Susanna,Eugenio,F,66006,9999-01-01
217955,Marit,Cairo,F,44693,9999-01-01
218264,Kenton,Uludag,F,43602,9999-01-01
218267,Dzung,Terekhov,F,40000,9999-01-01
218272,Gay,Boreale,F,40000,9999-01-01
218275,Mayuri,Furudate,M,40000,9999-01-01
218276,Youjian,Ranze,M,40000,9999-01-01
218280,Olivera,Gist,M,40000,9999-01-01
218291,Martine,Kalloufi,F,64682,9999-01-01
218303,Oscal,Thorensen,M,57902,9999-01-01
218319,Kitty,Speer,F,53536,9999-01-01
217961,Makato,Fortenbacher,F,55578,9999-01-01
217963,Vojin,Badache,M,40000,9999-01-01
218358,Takushi,Picel,M,40000,9999-01-01
217967,Candido,Merli,M,80085,9999-01-01
217969,Irena,Hardjono,F,40000,9999-01-01
217970,Frazer,Escriba,F,72123,9999-01-01
217973,Geoffry,Underwood,M,40000,9999-01-01
217977,Shahaf,Eldridge,M,40000,9999-01-01
218408,Alair,McClurg,M,64391,9999-01-01
218414,Shay,Basagni,F,40000,9999-01-01
218415,Arto,Farris,F,40000,9999-01-01
218417,Moto,Aamodt,F,64792,9999-01-01
218423,Arlette,Munro,M,40000,9999-01-01
218432,Eran,Pettit,F,66847,9999-01-01
218435,Sanjiv,Mayerwieser,F,40000,9999-01-01
218439,Amstein,Jonsson,M,67512,9999-01-01
218441,Yechezkel,Lundstrom,M,40000,9999-01-01
218442,Hausi,Neiman,F,43307,9999-01-01
218445,Duro,Schaar,M,69888,9999-01-01
217986,Aiichiro,Auria,F,41943,9999-01-01
218459,Xiaoqiu,Casley,F,46773,9999-01-01
218466,Bernt,Kadhim,F,40000,9999-01-01
218475,Doowon,Ranst,F,40000,9999-01-01
218477,Vishwani,Kornatzky,M,40000,9999-01-01
218491,Kannan,Baez,M,40000,9999-01-01
218494,Ronghao,Bultermann,M,40000,9999-01-01
218497,Toshimo,Boyle,F,40000,9999-01-01
218503,Urs,Berztiss,F,40484,9999-01-01
218504,Adil,Shobatake,M,65027,9999-01-01
217991,Kenton,Reinhard,F,80840,9999-01-01
218522,Ulises,Verhaegen,F,44277,9999-01-01
218528,Heeju,Matzat,M,41666,9999-01-01
218535,Yurij,Pleszkun,F,40000,9999-01-01
218540,Nathalie,Trelles,M,47975,9999-01-01
217998,Dipankar,Murthy,M,40000,9999-01-01
218560,Charmane,Ramamoorthy,F,54540,9999-01-01
218755,Zengping,Usery,M,58850,9999-01-01
218562,Arvin,Furudate,F,40000,9999-01-01
218565,Shunichi,Servi,F,40000,9999-01-01
218574,Shiv,Sessa,F,56631,9999-01-01
218580,Kwee,Speek,M,40000,9999-01-01
218583,Ulises,Baumann,M,40000,9999-01-01
218592,Shalesh,McDermid,F,67463,9999-01-01
218593,Arunas,Lamba,F,57787,9999-01-01
218595,Murthy,Brodal,M,40000,9999-01-01
218598,Kristen,Mandell,F,40000,9999-01-01
218608,Udi,McClurg,M,53984,9999-01-01
218619,Theirry,Unni,F,41559,9999-01-01
218629,Ingmar,Perry,M,40000,9999-01-01
218631,Feixiong,Zhiwei,F,40000,9999-01-01
218758,Mariangiola,Krichel,F,52807,9999-01-01
218653,Abdulla,Siochi,F,40000,9999-01-01
218655,Kiyotoshi,Lakshmanan,M,55401,9999-01-01
218656,Valeska,Simmel,F,70473,9999-01-01
218661,Haldon,Nitta,M,46618,9999-01-01
218665,Ibibia,Schmiedel,M,40000,9999-01-01
218674,Toshiko,Lipner,F,68093,9999-01-01
218675,Yoshimitsu,Taubenfeld,F,69566,9999-01-01
218676,Shichao,Kowalchuk,M,49242,9999-01-01
218682,Elrique,Delgrande,F,40000,9999-01-01
218685,Sarita,Yavatkar,F,52081,9999-01-01
218691,Marsha,Simmen,F,49314,9999-01-01
218693,Sanjiv,Pashtan,M,40000,9999-01-01
218694,Giri,Honglei,M,40000,9999-01-01
218713,Akeel,Glowinski,M,75289,9999-01-01
218717,Ayonca,Werthner,M,51053,9999-01-01
218722,Becky,Zirintsis,M,52881,9999-01-01
218724,Sanjai,Panangaden,M,40000,9999-01-01
218725,Genevieve,Hatcliff,M,72411,9999-01-01
218731,Youjian,Diderrich,M,83451,9999-01-01
218732,Odoardo,Suessmith,M,92493,9999-01-01
218739,Dannz,Vadhan,M,75940,9999-01-01
218933,Kazunori,Heiserman,M,58805,9999-01-01
218946,Pramod,Begiun,M,80348,9999-01-01
218949,Arumugam,Milicic,F,40000,9999-01-01
218952,Zeljko,Sommer,M,40000,9999-01-01
218965,Jiakeng,Uludag,M,67406,9999-01-01
218978,Babette,Danlos,F,73133,9999-01-01
218983,Yannis,Tasistro,M,40000,9999-01-01
218991,Falguni,Pusterhofer,F,40000,9999-01-01
218998,Kristian,Hennebert,M,53486,9999-01-01
219000,Dayanand,Yetim,F,50887,9999-01-01
219007,Khun,Gide,M,40000,9999-01-01
219008,Claudi,Staelin,F,47639,9999-01-01
219010,Ymte,Cannard,M,54671,9999-01-01
219017,Atilio,Cangellaris,M,76158,9999-01-01
219026,Nathalie,Quittner,M,87345,9999-01-01
219031,Padma,Luon,M,40000,9999-01-01
219034,Danai,Doering,F,55825,9999-01-01
219036,Toney,Keohane,F,43897,9999-01-01
219046,Insup,Birsak,M,40000,9999-01-01
219051,Percy,Luck,F,65627,9999-01-01
219071,Inderjeet,Gips,M,40000,9999-01-01
219080,Jamaludin,Pappas,M,70257,9999-01-01
219082,Mary,Baalen,F,40000,9999-01-01
219095,Ymte,Guting,M,41027,9999-01-01
219102,Xiaoheng,Arlazarov,M,74072,9999-01-01
218763,Tesuro,Danecki,M,40000,9999-01-01
218766,Janalee,Ozery,F,52090,9999-01-01
219116,Jinxi,Sgarro,F,69429,9999-01-01
219117,Shirish,Baalen,F,41916,9999-01-01
219131,Yechiam,Raoux,F,54657,9999-01-01
219138,Yoshimitsu,Barinka,M,40000,9999-01-01
219141,Mari,Hofting,M,40000,9999-01-01
218768,Yurij,Gaughan,F,40000,9999-01-01
219152,Kristen,Pouyioutas,M,76409,9999-01-01
219170,Shugo,Granlund,F,71440,9999-01-01
218783,Keiichiro,Polupanov,F,40000,9999-01-01
219185,Yuqun,Rosca,F,58972,9999-01-01
219211,Nakhoon,Weedon,F,57272,9999-01-01
219219,Maya,Gerlach,M,40000,9999-01-01
218796,Elzbieta,Thiria,F,40132,9999-01-01
219236,Jinya,Onuegbe,M,40000,9999-01-01
219237,Alair,Driscoll,M,40000,9999-01-01
219251,Gian,Braunschweig,F,57521,9999-01-01
219265,Masanao,Koshino,F,52758,9999-01-01
219267,Aloys,Tibblin,F,44139,9999-01-01
219275,Weidon,Rando,M,46304,9999-01-01
218812,Rildo,Seuren,F,40000,9999-01-01
219295,Michaela,Knightly,F,64419,9999-01-01
218828,Indrajit,Weiland,M,64276,9999-01-01
219306,Kaijung,Otillio,M,46165,9999-01-01
219329,Holgard,Heiserman,M,79250,9999-01-01
219347,Barton,Butterworth,M,40000,9999-01-01
218840,Insup,Bennis,M,76104,9999-01-01
219370,Khedija,Nergos,F,52077,9999-01-01
219383,Lijie,Biron,F,77931,9999-01-01
219396,Miomir,Flanders,M,40000,9999-01-01
219399,Dmitri,Perin,M,46663,9999-01-01
218842,Bedrich,Sinicrope,F,59048,9999-01-01
219406,Aiichiro,Beerel,M,51707,9999-01-01
219414,Nahum,Hegner,F,40000,9999-01-01
219423,Aluzio,Lanzelotte,M,46875,9999-01-01
218855,Elvia,Bratsberg,F,40000,9999-01-01
219436,Berto,Zambonelli,F,43209,9999-01-01
219438,Saeko,Awdeh,F,54835,9999-01-01
219448,Boguslaw,Picco,M,40000,9999-01-01
219459,Chriss,Granlund,M,46169,9999-01-01
219462,Quingbo,Uludag,M,83880,9999-01-01
219466,Hatem,Asmuth,F,76939,9999-01-01
219478,Froduald,Malinowski,M,56595,9999-01-01
219479,Freyja,Llado,F,48276,9999-01-01
218856,Haldon,Rattan,F,40000,9999-01-01
218861,Leen,Georg,F,40000,9999-01-01
219488,Nalini,Luca,M,61107,9999-01-01
219489,Tsutomu,Ramalingam,F,40000,9999-01-01
219498,Randy,Qiwen,F,40000,9999-01-01
219499,Jinya,Deville,F,40000,9999-01-01
219509,Sanjay,Garnick,M,46512,9999-01-01
219519,Kazunori,Mitzlaff,M,71206,9999-01-01
218864,Anestis,Taubenfeld,F,40000,9999-01-01
219529,Takahira,Brender,M,68483,9999-01-01
218877,Mahmut,Wendorf,M,40000,9999-01-01
219544,Sungwon,Tzvieli,M,63960,9999-01-01
219545,Fayez,Harbusch,M,51282,9999-01-01
219548,Anestis,Naumovich,F,86218,9999-01-01
219568,Shunichi,Osgood,F,42276,9999-01-01
219573,Sampalli,Walstra,M,74564,9999-01-01
219581,Akhilish,Mansanne,F,40000,9999-01-01
219584,Parto,Oehlmann,M,41093,9999-01-01
219589,Supot,Worfolk,M,48399,9999-01-01
219597,Genevieve,Marciano,F,44560,9999-01-01
219602,Niclas,Schmiedel,M,40000,9999-01-01
219603,Florian,Gomatam,F,40000,9999-01-01
219604,Mari,Borstler,M,46178,9999-01-01
219609,Karlis,Sanella,F,40000,9999-01-01
218878,Pranay,Fujisawa,F,49188,9999-01-01
219621,Constantino,Brookman,M,63325,9999-01-01
219622,Werner,Swist,F,40000,9999-01-01
219629,Rosella,Kolinko,M,43247,9999-01-01
219646,Huai,Reghbati,M,45872,9999-01-01
219650,Gennady,Willoner,M,40000,9999-01-01
219654,Shir,Puppo,F,50373,9999-01-01
218879,Somnath,Irland,M,40000,9999-01-01
219661,Jayson,Cronin,M,49179,9999-01-01
218883,Yongqiao,Erie,F,70125,9999-01-01
218885,Rosine,Gimarc,M,51064,9999-01-01
219674,Martina,Snedden,F,43728,9999-01-01
219678,Yechiam,Kalloufi,F,42679,9999-01-01
218889,Geoffrey,Schaft,M,40000,9999-01-01
218916,Iara,Cronan,F,67382,9999-01-01
219716,Shuji,Linares,F,48528,9999-01-01
219739,Xiaobin,Shinomoto,F,43495,9999-01-01
219742,Jahangir,Orsini,M,41229,9999-01-01
219746,Gennady,Hegner,M,40000,9999-01-01
219757,Gita,Emmerich,F,40000,9999-01-01
219761,Moss,Lupu,F,71411,9999-01-01
219767,Cedric,Haraldson,M,40000,9999-01-01
219775,Sachio,Ranze,M,50422,9999-01-01
219778,Chuanti,Ishibashi,F,96826,9999-01-01
219794,Collette,Rodiger,M,40000,9999-01-01
219809,Kauko,Mansanne,F,40000,9999-01-01
219823,Ewing,Debuse,M,54945,9999-01-01
219824,Marko,Taubman,F,46494,9999-01-01
219825,Shen,Gladwell,F,52280,9999-01-01
219827,Hairong,Range,M,40000,9999-01-01
219829,Shaz,Kuszyk,F,40000,9999-01-01
219831,Marsal,Rijckaert,F,77893,9999-01-01
219839,Sugwoo,Swiler,M,72837,9999-01-01
219850,Yishai,Syrzycki,M,40000,9999-01-01
219860,Taisook,Quaggetto,M,74095,9999-01-01
219870,Leif,Kushner,M,61421,9999-01-01
219877,Amalendu,Penn,M,40000,9999-01-01
219898,Tonny,Felcyn,F,78634,9999-01-01
219907,Huan,Tyugu,M,81334,9999-01-01
219908,Baziley,Jeansoulin,F,73122,9999-01-01
218924,Apostol,Hiraishi,M,70406,9999-01-01
219959,Tzu,Dymetman,M,41963,9999-01-01
219962,Goncalo,Gill,M,55585,9999-01-01
218927,Saddek,Jenevein,F,60013,9999-01-01
219973,Carrsten,Eickenmeyer,F,78526,9999-01-01
219977,Honglan,Escriba,F,44866,9999-01-01
219978,Janche,Attimonelli,M,40000,9999-01-01
219985,Luisa,Ranka,M,41944,9999-01-01
219994,Akemi,Broomell,M,85955,9999-01-01
220051,JoAnne,Matheson,F,105213,9999-01-01
220004,Erzsebet,Karnin,F,81344,9999-01-01
220007,Maren,Molenkamp,F,47413,9999-01-01
220009,Billie,Kakkad,F,49553,9999-01-01
220019,Rafael,Lamba,M,77363,9999-01-01
220060,Neelam,Slaats,F,40000,9999-01-01
220234,Nobuyoshi,Viele,M,70448,9999-01-01
220237,Nalini,Renear,M,40000,9999-01-01
220238,Luise,Stille,M,43563,9999-01-01
220258,Sajjad,Erez,M,46764,9999-01-01
220271,Hideo,Motley,M,56301,9999-01-01
220276,Subhada,Kuzuoka,M,55555,9999-01-01
220280,Marsal,Jervis,F,54257,9999-01-01
220064,Mark,Ramras,F,41717,9999-01-01
220082,Paraskevi,Kaminger,M,60879,9999-01-01
220312,Kristina,Karner,F,71283,9999-01-01
220316,Sanjoy,Backhouse,M,41887,9999-01-01
220320,Chiranjit,Gaughan,M,40000,9999-01-01
220323,Tomoyuki,Hainaut,M,86454,9999-01-01
220331,Danai,Middleton,F,89445,9999-01-01
220334,Sakthirel,Cappello,M,62615,9999-01-01
220343,Siamak,Msuda,M,74696,9999-01-01
220352,Christoper,Magliocco,F,40000,9999-01-01
220358,Geraldo,Magliocco,M,66903,9999-01-01
220359,Charmane,Peltason,M,90400,9999-01-01
220369,Sedat,Poupard,M,42623,9999-01-01
220374,Yurij,Ohori,F,43956,9999-01-01
220112,Masasuke,Castellani,F,50372,9999-01-01
220412,Odinaldo,Hutter,M,40000,9999-01-01
220413,Jordanka,Akazan,M,40000,9999-01-01
220417,Lidong,Marrakchi,M,40000,9999-01-01
220419,Adhemar,Seuren,M,40000,9999-01-01
220425,Golgen,Mitchem,M,40000,9999-01-01
220428,Ult,Ranft,F,40000,9999-01-01
220431,Tomokazu,Dusink,M,55914,9999-01-01
220434,Moss,Linnainmaa,M,66466,9999-01-01
220439,Rosella,Schurmann,F,40000,9999-01-01
220442,Shuzo,Improta,F,46348,9999-01-01
220119,Kauko,Basagni,F,53831,9999-01-01
220121,Mari,Cochrane,M,40000,9999-01-01
220488,Arvind,Weisert,F,67180,9999-01-01
220143,Fei,Mungall,M,48015,9999-01-01
220512,Gretta,Basagni,M,42056,9999-01-01
220526,Aram,Shiratori,F,40000,9999-01-01
220549,Gal,Cusworth,M,40000,9999-01-01
220555,Poornachandra,Luby,M,40000,9999-01-01
220568,Xuejia,Talmon,M,40000,9999-01-01
220170,Aamer,McFarlan,M,51722,9999-01-01
220590,Zita,Luit,M,53481,9999-01-01
220184,Mahendra,Emiris,F,73053,9999-01-01
220617,Turgut,Millington,F,56064,9999-01-01
220619,Gor,Jahnichen,F,40000,9999-01-01
220622,Tsuneo,Bernardinello,M,40000,9999-01-01
220624,Lakshmi,Marakhovsky,M,58001,9999-01-01
220641,Taegyun,Ozery,F,41724,9999-01-01
220642,Cathie,Srimani,M,62944,9999-01-01
220650,Dines,Katzenelson,M,63482,9999-01-01
220657,Krisda,Sinitsyn,M,40000,9999-01-01
220667,Turgut,Lyonns,M,55723,9999-01-01
220671,Ult,Birta,F,52184,9999-01-01
220672,Genta,Caine,F,40000,9999-01-01
220674,Irene,Bruckman,M,62580,9999-01-01
220692,Monique,Remmele,F,40000,9999-01-01
220702,Steen,Crabtree,M,59381,9999-01-01
220195,Berhard,Brickell,M,55635,9999-01-01
220718,KayLiang,Polajnar,M,59267,9999-01-01
220728,Sashi,Halevi,F,42434,9999-01-01
220729,Shimshon,Kamber,F,60241,9999-01-01
220756,Krister,Billingsley,F,44476,9999-01-01
220202,Mats,Menhardt,F,47322,9999-01-01
220762,Pramod,Schreiter,M,40000,9999-01-01
220763,Chandrasekaran,Sherertz,F,52041,9999-01-01
220765,Ekawit,Merel,M,67976,9999-01-01
220770,Jayson,Eiron,F,40000,9999-01-01
220772,Ingmar,Ranka,M,54119,9999-01-01
220203,Shigenori,Schueller,M,40000,9999-01-01
220208,Karlis,Sgarro,F,47281,9999-01-01
220785,Sugwoo,Redmiles,F,40000,9999-01-01
220210,Siamak,Mersereau,F,54024,9999-01-01
220795,Cedric,Holburn,F,70856,9999-01-01
220804,Aral,Uludag,F,40502,9999-01-01
220211,Hironoby,Reinhart,F,59110,9999-01-01
220834,Leandro,Fujisaki,M,53637,9999-01-01
220216,Quingbo,Wendorf,M,58121,9999-01-01
220850,KayLiang,Lipner,F,40000,9999-01-01
220868,Christoph,Lovengreen,M,67650,9999-01-01
220872,Soenke,Berztiss,M,40000,9999-01-01
220877,Baruch,Christ,M,46313,9999-01-01
220881,Subbu,Wissmann,M,49042,9999-01-01
220222,Chikara,Verhoeff,M,40000,9999-01-01
220888,Sadok,Szilard,F,42617,9999-01-01
220896,Berna,Lalonde,F,50771,9999-01-01
220897,Kwangjo,Serot,F,64886,9999-01-01
220901,Stevo,Zumaque,F,60143,9999-01-01
220903,Marlo,Domenig,F,72872,9999-01-01
220904,Kwee,Boudaillier,F,40000,9999-01-01
220918,Kankanahalli,Melski,M,40000,9999-01-01
220925,Muneo,Piancastelli,F,87356,9999-01-01
220926,Xiahua,Brobst,M,44496,9999-01-01
220932,Hinrich,Bisiani,M,56885,9999-01-01
220934,Jiafu,Rattan,F,40000,9999-01-01
220224,Tua,Zykh,M,47583,9999-01-01
220955,Houman,Nicolson,M,40000,9999-01-01
220956,Dannz,Beerel,M,82373,9999-01-01
221161,Panayotis,Perng,F,70687,9999-01-01
220981,Jinpo,Denti,M,43506,9999-01-01
220998,Eckart,Bael,M,81524,9999-01-01
221004,Gro,Curless,M,61800,9999-01-01
221008,Shrikanth,Ramalingam,F,47121,9999-01-01
221014,Arunachalam,Baca,F,46559,9999-01-01
221027,Yongdong,Hofstetter,M,40000,9999-01-01
221035,Troy,Facello,M,40000,9999-01-01
221040,Susanta,Socorro,F,40000,9999-01-01
221047,Arch,Basawa,F,43603,9999-01-01
221052,Claudi,Godskesen,F,40000,9999-01-01
221060,Zhonghui,Zobel,M,41270,9999-01-01
221065,Ulises,Remmers,F,44918,9999-01-01
221075,Sajjad,Makrucki,M,40000,9999-01-01
221076,Richard,Prenel,M,40000,9999-01-01
221080,Tesuya,Rosaz,M,40000,9999-01-01
221085,Chaosheng,Ramaiah,F,40000,9999-01-01
221086,Baziley,Motley,M,40000,9999-01-01
221088,Danae,Kawashima,M,54640,9999-01-01
221109,Arch,Pardalos,M,40970,9999-01-01
221118,Nimmagadda,Klyachko,F,40000,9999-01-01
221127,Ziva,Morrin,M,59951,9999-01-01
221130,Tomofumi,Kornatzky,F,40000,9999-01-01
221139,Harngdar,Pietracaprina,M,40000,9999-01-01
221142,Marin,Kambil,F,53221,9999-01-01
221337,Ramachenga,Jiang,M,90853,9999-01-01
221351,Odoardo,Chepyzhov,M,88868,9999-01-01
221354,Van,Schaar,M,40000,9999-01-01
221356,Pradeep,Hagimont,M,43732,9999-01-01
221361,Aron,Krichel,M,40000,9999-01-01
221166,Jaana,Isaac,F,69469,9999-01-01
221380,Chiranjit,Schneeberger,M,64199,9999-01-01
221385,Nalini,Randi,M,40000,9999-01-01
221388,Gao,Lund,F,57948,9999-01-01
221396,Leandro,Caine,F,51031,9999-01-01
221398,Hiroyasu,Cochrane,M,69046,9999-01-01
221404,Constantino,Butner,F,55785,9999-01-01
221417,Bezalel,Kisuki,F,40000,9999-01-01
221167,Yishay,Meszaros,F,40000,9999-01-01
221427,Bouchung,Picht,M,40000,9999-01-01
221172,DAIDA,Bugaenko,M,91106,9999-01-01
221453,Abdulla,Staylopatis,M,40000,9999-01-01
221188,Masaki,Jansen,F,55588,9999-01-01
221463,Ayakannu,Takkinen,F,40000,9999-01-01
221474,Hatsukazu,Berztiss,M,45059,9999-01-01
221475,Wilmer,Engelmann,M,43027,9999-01-01
221485,Nahum,Szmurlo,F,46915,9999-01-01
221487,Rutger,Kambil,M,40000,9999-01-01
221515,Weicheng,Hutter,M,40000,9999-01-01
221199,Sandeepan,Danlos,M,40000,9999-01-01
221528,Jixiang,Molenkamp,M,40000,9999-01-01
221207,Jinxi,Bierman,F,46662,9999-01-01
221561,Shigeichiro,Plump,M,54092,9999-01-01
221221,Billur,Sewelson,F,66923,9999-01-01
221571,Siddarth,Candan,M,83844,9999-01-01
221577,Gita,Capobianchi,M,87547,9999-01-01
221583,Atreyi,Heusch,M,40000,9999-01-01
221592,Gift,Adachi,M,40673,9999-01-01
221594,Niteen,Strooper,F,51715,9999-01-01
221599,Juyoung,Serot,M,64036,9999-01-01
221600,Weiwu,Yemenis,F,40000,9999-01-01
221609,Naftaly,Champarnaud,M,71656,9999-01-01
221631,Fusako,Ponthieu,M,40000,9999-01-01
221634,Tze,Anido,F,40000,9999-01-01
221230,Yaghout,Curless,F,70861,9999-01-01
221644,Jeong,Peyn,M,40000,9999-01-01
221645,Pradeep,Rabehasaina,M,72769,9999-01-01
221649,Uinam,Fiebach,M,85683,9999-01-01
221659,Hailing,Montemayor,F,72042,9999-01-01
221663,Parto,Pileggi,M,40000,9999-01-01
221683,Gritta,Osgood,M,40000,9999-01-01
221235,Shen,Gimarc,M,41864,9999-01-01
221688,Cedric,Gecsel,F,50449,9999-01-01
221691,Udi,Munke,M,42491,9999-01-01
221240,Vitali,Plump,M,54813,9999-01-01
221262,Chenxi,Alpay,F,40000,9999-01-01
221708,Zijian,Selenyi,M,40000,9999-01-01
221709,Edwin,Parascandalo,M,65839,9999-01-01
221715,Rayond,Noriega,F,40000,9999-01-01
221736,Yolla,Warwick,F,56213,9999-01-01
221748,Miomir,Denos,M,40000,9999-01-01
221755,Luerbio,Sudbeck,F,40663,9999-01-01
221758,Sivanarayana,Coullard,F,57842,9999-01-01
221759,Jingling,Luders,F,47959,9999-01-01
221760,Marko,Ellozy,M,49351,9999-01-01
221766,Tzvetan,Karunanithi,F,46031,9999-01-01
221770,Jayesh,Winter,M,73211,9999-01-01
221772,Ronghao,Kaiserswerth,F,66713,9999-01-01
221777,Eben,Kavraki,F,58074,9999-01-01
221794,Nevin,Talmon,F,58925,9999-01-01
221799,Tran,Lorys,F,40000,9999-01-01
221800,Youpyo,Schaad,M,40000,9999-01-01
221801,Kristinn,Rahimi,F,56232,9999-01-01
221805,Yucai,Luders,M,40000,9999-01-01
221272,Duangkaew,Makinen,F,67248,9999-01-01
221814,Sukumar,Leppanen,M,40000,9999-01-01
221824,Parviz,Orsini,F,42331,9999-01-01
221274,Mingdong,Gargeya,M,61597,9999-01-01
221829,Nectarios,Smeets,M,40000,9999-01-01
221276,Alassane,Weedman,M,65368,9999-01-01
221850,Mitsuyuki,Ritzmann,M,40000,9999-01-01
221286,Marl,Matzen,F,40000,9999-01-01
221863,Radhia,Schlegelmilch,F,45526,9999-01-01
221878,Phillip,Albarhamtoshy,M,40000,9999-01-01
221881,Subhash,Cyne,M,79504,9999-01-01
221882,Sahrah,Aloia,M,76346,9999-01-01
221888,Nathalie,Frolund,M,52851,9999-01-01
221287,Chandrasekaran,Orsini,M,51589,9999-01-01
221288,Lalit,Bridgland,M,56135,9999-01-01
221894,Ohad,Birjandi,F,40171,9999-01-01
221297,Thanasis,Unno,M,76677,9999-01-01
221904,Sastry,Feldhoffer,M,60619,9999-01-01
221908,Wayne,Vieri,F,40000,9999-01-01
221916,Kristine,Theuretzbacher,M,41600,9999-01-01
221927,Teunis,Usdin,M,57856,9999-01-01
221302,Tomokazu,Lieblein,F,40000,9999-01-01
221946,Kazuhira,Foote,M,53906,9999-01-01
221959,Krassimir,Lueh,M,40000,9999-01-01
221308,Shounak,Kroft,F,40000,9999-01-01
221984,Manibrata,Assaf,F,41945,9999-01-01
221989,Jiakeng,Terekhov,M,40000,9999-01-01
221990,Adel,Hiyoshi,M,54446,9999-01-01
221324,Elgin,Trumbly,M,40000,9999-01-01
222008,Shuji,Lamba,M,60586,9999-01-01
222013,Remko,Ohori,M,40000,9999-01-01
222019,Kristian,Edelhoff,M,65347,9999-01-01
222022,Dung,Mayerwieser,F,59367,9999-01-01
222036,Serenella,Thiria,M,40000,9999-01-01
222046,Nahla,Driscoll,M,64510,9999-01-01
222048,Gen,Sidhu,F,40000,9999-01-01
222067,Gift,Gaughan,M,40000,9999-01-01
222268,Guadalupe,Hedayat,F,40000,9999-01-01
222076,Richard,Zwicker,M,40000,9999-01-01
222077,Gor,Kilgour,M,81203,9999-01-01
222079,Bojan,Streng,F,40000,9999-01-01
222085,Peternela,Staelin,M,45595,9999-01-01
222104,Alois,Liesche,M,75132,9999-01-01
222105,Qingxiang,Koblick,F,52840,9999-01-01
222109,Souichi,Fargier,M,40000,9999-01-01
222110,Maria,Warwick,M,66475,9999-01-01
222111,Kazuhide,Honiden,M,50290,9999-01-01
222113,Lobel,Gilg,M,80725,9999-01-01
222122,Weidon,Henseler,M,58782,9999-01-01
222125,Elvia,Oehlmann,M,73353,9999-01-01
222145,Zhiwei,Huttel,F,50472,9999-01-01
222147,Hitomi,Bernatsky,F,69683,9999-01-01
222155,Kellie,Delgrande,F,60471,9999-01-01
222159,Hatem,Mattern,F,49815,9999-01-01
222173,Feiyu,Esteva,F,40000,9999-01-01
222180,Maia,Feinberg,M,95537,9999-01-01
222192,Wuxu,Esteva,M,63500,9999-01-01
222196,Takahito,Yurek,M,40826,9999-01-01
222205,Ayonca,Validov,M,49821,9999-01-01
222213,Salvador,Wielonsky,M,72784,9999-01-01
222239,Zhiguo,Kilgour,M,40000,9999-01-01
222242,Michaela,Baer,M,44636,9999-01-01
222244,Basant,Petereit,M,45166,9999-01-01
222251,Jagoda,Leivant,M,40000,9999-01-01
222446,Yonghong,Gente,M,45648,9999-01-01
222456,Wilmer,Peek,M,41496,9999-01-01
222470,Jaques,Velardi,M,50210,9999-01-01
222475,Xinyu,Petereit,F,40000,9999-01-01
222496,Shao,Etalle,F,40000,9999-01-01
222279,Syozo,Peroz,M,40038,9999-01-01
222506,Xudong,Alpay,M,67952,9999-01-01
222510,Honglan,Speckmann,M,48136,9999-01-01
222512,Fumitake,Murtafg,F,40000,9999-01-01
222515,Miquel,Anger,M,71101,9999-01-01
222536,Feipei,Merel,F,80780,9999-01-01
222538,Cullen,Carrere,F,42182,9999-01-01
222550,Sadok,Wroclawski,F,40000,9999-01-01
222552,Shaowei,Deyuan,M,66045,9999-01-01
222558,Hinrich,Ducloy,F,53453,9999-01-01
222559,Arvind,Mitina,M,63539,9999-01-01
222567,Katsuyuki,Bultermann,M,40000,9999-01-01
222577,Parviz,Gniady,M,40419,9999-01-01
222281,Nikolaus,DuBourdieux,M,40000,9999-01-01
222587,Kiyokazu,Chiola,F,68268,9999-01-01
222595,Becky,Kavvadias,M,42485,9999-01-01
222598,Lokesh,Bade,M,42312,9999-01-01
222602,Amstein,Randi,M,51218,9999-01-01
222295,Maha,Ermel,F,55594,9999-01-01
222621,Xudong,Melter,F,55850,9999-01-01
222624,Kenton,Birdsall,F,76725,9999-01-01
222627,Candido,Dulay,M,40000,9999-01-01
222314,Mingzeng,Rothenberg,F,40000,9999-01-01
222643,Shounak,Landherr,M,46572,9999-01-01
222653,Zissis,Schahn,M,40000,9999-01-01
222660,Moriyoshi,Swiss,M,40000,9999-01-01
222667,Shigenori,Mattern,M,81842,9999-01-01
222674,Turgut,Kitsuregawa,F,57551,9999-01-01
222685,Anneli,Lagarias,M,40000,9999-01-01
222690,Takahiro,Boreale,M,40000,9999-01-01
222702,Dmitry,Barbanera,M,63011,9999-01-01
222709,Teruyuki,Wossner,M,65008,9999-01-01
222720,Dayanand,Montresor,M,40671,9999-01-01
222726,Kristina,Steenbeek,M,40000,9999-01-01
222326,DeForest,Heyers,M,40000,9999-01-01
222736,Nevin,Sevcikova,M,40000,9999-01-01
222738,Arne,Bauknecht,M,40000,9999-01-01
222744,Theirry,Nitsch,M,40000,9999-01-01
222764,Kristina,Francisci,M,56576,9999-01-01
222768,Shimshon,Beetstra,M,40000,9999-01-01
222330,Gor,Bellone,M,79868,9999-01-01
222802,Emdad,Siksek,M,67181,9999-01-01
222339,Junichi,Grabner,M,44548,9999-01-01
222341,Arie,Birge,M,50997,9999-01-01
222346,Muneo,Gadepally,M,40000,9999-01-01
222832,Gopalakrishnan,Kalorkoti,M,42353,9999-01-01
222836,Ishfaq,Aloia,M,76341,9999-01-01
222843,Morris,Schnabel,F,40000,9999-01-01
222358,Vishv,Pramanik,F,82959,9999-01-01
222359,Kristen,Murtafg,F,47481,9999-01-01
222899,Yoshimitsu,Peres,M,59584,9999-01-01
222364,Shao,Benzmuller,M,40000,9999-01-01
222915,Teiji,McFarlan,M,86833,9999-01-01
222922,Mingzeng,Mungall,M,42542,9999-01-01
222925,Shrikanth,Karunanithi,F,63035,9999-01-01
222929,Shigehiro,Murtha,M,75129,9999-01-01
222935,Aiichiro,Chiola,F,40000,9999-01-01
222954,Persi,Pleszkun,M,67327,9999-01-01
222960,Jaroslava,Garnick,M,52411,9999-01-01
222964,Shugo,Pappas,M,60670,9999-01-01
222369,Mingsen,Mellouli,M,40000,9999-01-01
222979,Subhankar,Markovitch,M,55942,9999-01-01
222371,Tsutomu,Brender,M,40000,9999-01-01
222375,Somnath,Rajcani,M,40000,9999-01-01
222994,Valeska,Munawer,M,62439,9999-01-01
222392,Gunilla,Pardalos,M,41149,9999-01-01
223009,Xinan,Codenie,F,40000,9999-01-01
223016,Gro,Chaudhuri,M,40000,9999-01-01
222403,Djenana,Lyonns,M,40000,9999-01-01
223032,Alselm,Rodite,M,71229,9999-01-01
222404,Fusako,Kilgour,M,81977,9999-01-01
222410,Jianhao,Erie,F,63212,9999-01-01
223078,Georg,Vieri,F,56561,9999-01-01
223079,Radhakrishnan,Trelles,F,40030,9999-01-01
223081,Nalini,Rusterholz,M,40000,9999-01-01
223091,Xinglin,Babb,F,67382,9999-01-01
223100,Mayumi,Speel,M,40000,9999-01-01
223103,Zeljko,Picaronny,F,49371,9999-01-01
223108,Jouko,Rodier,F,43311,9999-01-01
222427,Roselyn,Schaft,F,73514,9999-01-01
223130,Rafols,Hockney,F,57393,9999-01-01
223137,Khedija,Coorg,F,51112,9999-01-01
223140,Horward,Vadhan,M,52782,9999-01-01
223152,Kshitij,Conry,M,46174,9999-01-01
222430,Guoxiang,Dolinsky,M,63252,9999-01-01
222433,Munehiro,Serna,M,40000,9999-01-01
223196,Paloma,Sidhu,M,72254,9999-01-01
223198,Seshu,Pusterhofer,M,52116,9999-01-01
222437,Miquel,Zongker,M,40000,9999-01-01
223213,Halsur,Legleitner,M,40000,9999-01-01
223222,Chinya,Krzyzanowski,F,42045,9999-01-01
222438,Nishit,Sridhar,M,40975,9999-01-01
222439,Arve,Kirkerud,M,53188,9999-01-01
223266,Selwyn,Terlouw,F,41831,9999-01-01
223379,Nahum,Dehkordi,M,54234,9999-01-01
223284,Sedat,Streng,F,54259,9999-01-01
223292,Kasidit,Savasere,F,76243,9999-01-01
223299,Doowon,Bressoud,F,74816,9999-01-01
223305,Manohar,Deville,F,40000,9999-01-01
223310,Jolita,Erdi,F,73898,9999-01-01
223314,Tamiya,Rahier,M,49113,9999-01-01
223319,Ronnie,Terlouw,M,40541,9999-01-01
223327,Teunis,Peron,M,84926,9999-01-01
223344,Perla,Eiter,M,81568,9999-01-01
223352,Jeanna,Milicic,F,40000,9999-01-01
223355,Hauke,Marletta,M,40000,9999-01-01
223381,Masadi,Schnelling,F,40000,9999-01-01
223557,Nishit,Polajnar,F,54176,9999-01-01
223559,Claude,Bresenham,F,46132,9999-01-01
223565,Ymte,Waleschkowski,M,40000,9999-01-01
223581,Luise,Skrikant,M,43449,9999-01-01
223594,Janalee,Acton,M,40000,9999-01-01
223619,Uwe,Orlowski,F,69736,9999-01-01
223620,Kazuyasu,Marshall,F,56248,9999-01-01
223645,Tomokazu,Shumilov,M,46019,9999-01-01
223652,Amalendu,Vidya,M,52731,9999-01-01
223656,Eishiro,Oskamp,M,49224,9999-01-01
223657,Kazuhide,Luca,M,59727,9999-01-01
223672,Ibibia,Deville,F,46015,9999-01-01
223703,Kokou,Bottner,F,94441,9999-01-01
223711,Moti,Peroz,F,40000,9999-01-01
223729,Nahla,Mitchem,F,62174,9999-01-01
223731,Tsutomu,Restivo,M,40000,9999-01-01
223732,Bowen,Perng,M,40102,9999-01-01
223382,Zito,Beilner,M,50193,9999-01-01
223384,Rimon,Khalil,M,40000,9999-01-01
223742,Arlette,Salvesen,F,40000,9999-01-01
223745,Jenwei,Jeansoulin,M,56912,9999-01-01
223750,Shaibal,Dayana,F,57729,9999-01-01
223385,Ziya,Chinen,M,43170,9999-01-01
223768,Mani,Stifter,M,63956,9999-01-01
223779,Jianhao,Ghalwash,F,50721,9999-01-01
223387,Duke,Curless,M,40000,9999-01-01
223788,Jinya,Olivero,M,50891,9999-01-01
223790,Aron,Rubsam,M,40000,9999-01-01
223389,Shuho,Adachi,M,82793,9999-01-01
223827,Bernice,Driscoll,M,54389,9999-01-01
223830,Huican,Biros,F,52074,9999-01-01
223390,Rasiah,Falck,M,40000,9999-01-01
223850,Mamdouh,Rossi,F,58632,9999-01-01
223397,Jamaludin,Morris,M,57458,9999-01-01
223856,Anestis,Vidya,F,76523,9999-01-01
223869,Udaiprakash,Woycyznski,F,40000,9999-01-01
223870,Youssef,Kobara,F,40000,9999-01-01
223872,Supot,Penttonen,M,64205,9999-01-01
223888,Gino,Stentiford,M,44973,9999-01-01
223398,Geoff,Denos,M,43424,9999-01-01
223910,Sverrir,Peltason,M,72167,9999-01-01
223399,Aamer,Radivojevic,M,45792,9999-01-01
223406,Gift,Yoshimura,F,59178,9999-01-01
223927,Bernice,Furudate,M,40000,9999-01-01
223934,Lihong,Yurek,M,40651,9999-01-01
223937,Heekeun,Schoegge,M,40000,9999-01-01
223942,Elgin,Plessier,M,41353,9999-01-01
223407,Susuma,Rande,F,40000,9999-01-01
223970,Marjo,Jansen,M,40000,9999-01-01
223971,Mikhail,Bisiani,M,40000,9999-01-01
223972,Phillip,Peng,M,62310,9999-01-01
223975,Yongmin,Kusakabe,M,78467,9999-01-01
223981,Christoph,Cheshire,M,63502,9999-01-01
223987,Wayne,Lorch,F,40000,9999-01-01
223995,Hyuckchul,Beilner,F,40000,9999-01-01
223413,Jingling,Gist,F,50239,9999-01-01
224002,Gaurav,Barinka,F,64556,9999-01-01
224004,Sastry,Ballarin,F,40000,9999-01-01
224006,Mohamadou,Monarch,M,58492,9999-01-01
224014,Perry,Beetstra,F,40661,9999-01-01
224030,Atreyi,Sommen,F,51252,9999-01-01
224035,Inderjeet,Picaronny,M,85466,9999-01-01
224044,Ingemar,Mitchem,F,47874,9999-01-01
223418,Moni,Markovitch,M,89878,9999-01-01
224051,Mark,Syrzycki,F,40000,9999-01-01
224067,Lene,Ruther,F,75167,9999-01-01
224070,Chrisa,Krzyzanowski,M,57261,9999-01-01
223423,Supot,Rullman,M,40000,9999-01-01
224085,Uri,Klerer,M,40000,9999-01-01
224102,Lokesh,Hoogerwoord,F,40000,9999-01-01
223425,Billur,Weedon,M,44352,9999-01-01
223431,Weicheng,Billingsley,M,40000,9999-01-01
224111,Naftali,Dulay,M,40506,9999-01-01
224117,Weiru,Khasidashvili,F,42789,9999-01-01
224119,Morrie,Terwilliger,F,40000,9999-01-01
224139,Sachem,Heuter,M,40432,9999-01-01
224141,Pranjal,Chenoweth,F,40000,9999-01-01
224142,Zhiguo,McClure,F,49448,9999-01-01
223443,JoAnna,Birke,M,40000,9999-01-01
224162,Munenori,Olano,M,54217,9999-01-01
224166,Mary,Baaz,F,48862,9999-01-01
224171,Chaitali,Ramamoorthy,F,67175,9999-01-01
224180,Goncalo,Hartvigsen,F,40000,9999-01-01
224181,Sadun,Zongker,M,47635,9999-01-01
224197,Murthy,Neiman,M,65238,9999-01-01
224206,Bilhanan,Ciolek,F,64536,9999-01-01
224207,Youssef,Khalil,M,40000,9999-01-01
224211,Amstein,Schreiter,F,46610,9999-01-01
224214,Alassane,Mateescu,F,40000,9999-01-01
224219,Murthy,Knightly,M,56833,9999-01-01
224222,Sumant,Thorensen,M,65250,9999-01-01
223450,Teunis,Albarhamtoshy,M,54832,9999-01-01
224234,Maha,Slobodova,F,53929,9999-01-01
224251,Kensei,Juneja,F,58573,9999-01-01
224253,Conal,Monkewich,M,40000,9999-01-01
224255,Hatem,Pews,F,40000,9999-01-01
224264,Weiwu,Lorch,M,51638,9999-01-01
224269,Makato,Kornatzky,M,84375,9999-01-01
223456,Stabislas,Stassinopoulos,M,67303,9999-01-01
224288,Kazunori,Meriste,F,46194,9999-01-01
224291,Christophe,Rosca,M,70661,9999-01-01
224294,Shmuel,Tyugu,F,52395,9999-01-01
223461,Manibrata,Kusalik,F,76441,9999-01-01
224309,Valeri,Shackell,M,40000,9999-01-01
223476,Carrsten,Avouris,F,60688,9999-01-01
224317,Felicidad,Broomell,M,49535,9999-01-01
224319,Mona,Middleton,M,40000,9999-01-01
224321,Shooichi,Ritcey,F,51584,9999-01-01
224356,Giri,Tischendorf,F,58048,9999-01-01
224368,Aksel,Ventosa,M,40000,9999-01-01
224375,Zhilian,Bain,M,51803,9999-01-01
224378,Selwyn,Gips,M,43187,9999-01-01
224387,Sajjan,Emiris,M,74567,9999-01-01
223483,Nahla,Danley,M,40000,9999-01-01
224398,Duangkaew,Perly,F,58635,9999-01-01
224410,Mara,Polajnar,M,63858,9999-01-01
223486,Mang,England,F,76578,9999-01-01
224431,Xiadong,Bruckman,M,63194,9999-01-01
223491,Diederik,Snyers,F,40000,9999-01-01
224456,Kwok,Stasinski,M,51146,9999-01-01
224460,Danai,Dayana,F,44527,9999-01-01
224467,Gad,Miyakawa,M,40000,9999-01-01
224472,Marla,Birta,F,40101,9999-01-01
223493,Maja,Frolund,F,44318,9999-01-01
223501,Gennady,Cappelletti,M,61742,9999-01-01
224497,Yechiam,Range,M,50332,9999-01-01
224498,Mary,Khalil,F,89315,9999-01-01
224505,Shuji,Stanger,F,73620,9999-01-01
224511,Elzbieta,Einsfeld,M,52159,9999-01-01
223509,Haldon,Osgood,F,44276,9999-01-01
224526,Haldun,Uehara,M,46371,9999-01-01
223525,Toong,Kropf,F,48624,9999-01-01
224553,Dung,Ibel,F,40000,9999-01-01
224582,Xudong,Ruemmler,F,46302,9999-01-01
224595,Menkae,Langford,F,56852,9999-01-01
224597,Dipayan,Genther,M,64164,9999-01-01
224612,Marsha,Munck,F,48493,9999-01-01
224622,Tetsurou,Lipner,M,40000,9999-01-01
224665,Lobel,Castellani,M,40000,9999-01-01
224675,Barna,Cappello,M,40000,9999-01-01
224676,Souichi,Cesareni,F,74901,9999-01-01
224679,Mats,Simmel,M,85540,9999-01-01
224680,Beshir,Liedekerke,M,81138,9999-01-01
224692,Candida,Perng,F,49012,9999-01-01
224694,Arfst,Collette,F,76188,9999-01-01
224699,Charlene,Ponthieu,M,40000,9999-01-01
224701,Keung,Vakili,M,40000,9999-01-01
224723,Guadalupe,Alpay,M,40000,9999-01-01
224724,Gretta,Wroclawski,M,40000,9999-01-01
224728,Atreye,Casley,M,40000,9999-01-01
224755,Xumin,Heping,F,58594,9999-01-01
224764,Utpal,Nastansky,F,49706,9999-01-01
223526,Tommaso,Anily,M,40000,9999-01-01
224776,Thanasis,Salinas,M,71802,9999-01-01
224781,Rosli,Soloway,M,40000,9999-01-01
224785,Yaghout,Beetstra,F,47555,9999-01-01
224791,Jenwei,Besancenot,F,40000,9999-01-01
224795,Chaitali,Shokrollahi,M,84880,9999-01-01
223539,Samphel,Kamber,M,51517,9999-01-01
224810,Muneo,Cappello,M,40000,9999-01-01
224818,Zhensheng,Rosis,M,52913,9999-01-01
224820,Shalesh,Plesums,F,65227,9999-01-01
224824,Leaf,Zedlitz,M,56558,9999-01-01
224828,Zhigen,Versino,F,40000,9999-01-01
224831,Arunas,Ermel,F,58536,9999-01-01
224837,Yahiko,Ambroszkiewicz,M,40723,9999-01-01
224843,Janalee,Openshaw,F,40000,9999-01-01
224848,LiMin,Waterhouse,M,42579,9999-01-01
224853,Djelloul,Randi,F,52325,9999-01-01
223543,Basil,Peres,M,61263,9999-01-01
224871,Fumitaka,Conry,F,82685,9999-01-01
224875,Yongmao,Gewali,F,40000,9999-01-01
224880,Angus,Ramsay,M,54266,9999-01-01
224885,Hercules,Matheson,M,40000,9999-01-01
223547,Gaetan,Heijenga,M,43319,9999-01-01
224899,Taisook,Taubman,M,40000,9999-01-01
224901,Naftali,Pero,M,67869,9999-01-01
224907,Holgard,Matzke,F,79549,9999-01-01
224917,Danae,Pollock,M,40000,9999-01-01
224920,Xiaocheng,Sigstam,F,64184,9999-01-01
224927,Conrado,Serna,F,63311,9999-01-01
223550,Seongbae,McFarlan,M,41715,9999-01-01
224937,Demin,Solovay,M,64958,9999-01-01
224942,Dayanand,Swab,F,57813,9999-01-01
224951,Susanna,Hartvigsen,F,58466,9999-01-01
224959,Guoxiang,Swen,F,40000,9999-01-01
223555,Ortrun,Verhaegen,M,48596,9999-01-01
224973,Steve,Gire,M,40000,9999-01-01
224988,Claude,Steinauer,M,40000,9999-01-01
224995,Chikara,Kadhim,M,70270,9999-01-01
224997,Sailaja,Coors,M,55320,9999-01-01
225009,Chuanti,Rouquie,M,60433,9999-01-01
225037,Uzi,Karnin,F,48528,9999-01-01
225017,Goh,Bruckman,F,64040,9999-01-01
225030,Leszek,Spell,M,54903,9999-01-01
225033,Naraig,Camurati,M,40000,9999-01-01
225059,Tuval,Vernadat,M,40000,9999-01-01
225230,Berthier,Montresor,F,62063,9999-01-01
225231,Ibibia,Marakhovsky,M,54055,9999-01-01
225242,Ute,Weiland,F,40471,9999-01-01
225253,Uinam,Swiss,M,73217,9999-01-01
225254,Sanjoy,Tzvieli,F,78234,9999-01-01
225255,Dharmaraja,Shumilov,M,65388,9999-01-01
225277,Hercules,Harbusch,M,40000,9999-01-01
225280,Perry,Miara,M,67970,9999-01-01
225287,Ronnie,Decleir,M,67212,9999-01-01
225290,Hidekazu,Vecchi,F,44397,9999-01-01
225301,Huican,Collavizza,M,56397,9999-01-01
225306,Wonhee,Pagter,M,101630,9999-01-01
225307,Shiv,Angel,M,62289,9999-01-01
225313,Luisa,Eiron,M,40000,9999-01-01
225315,Piyawadee,Choobineh,F,41223,9999-01-01
225323,Morrie,Sidhu,M,88201,9999-01-01
225324,Quingbo,Oppitz,F,71867,9999-01-01
225327,Vishwani,Kalloufi,M,53568,9999-01-01
225085,Niclas,Mungall,F,62536,9999-01-01
225349,Panayotis,Mahmud,F,56987,9999-01-01
225357,Perry,Papastamatiou,M,51027,9999-01-01
225363,Adamantios,Cullers,M,40000,9999-01-01
225364,Souichi,Merle,M,40000,9999-01-01
225373,Danel,Rodite,M,48151,9999-01-01
225105,Palash,Hempstead,F,82772,9999-01-01
225426,Zhenbing,Ibel,M,40000,9999-01-01
225439,Gian,Koblick,F,40000,9999-01-01
225444,Masanao,Vural,F,40000,9999-01-01
225446,Masako,Poupard,F,40000,9999-01-01
225450,Jiann,Famili,M,62260,9999-01-01
225453,Huan,Rothenberg,M,40000,9999-01-01
225455,Eldridge,Papadias,F,45813,9999-01-01
225463,Temple,Masada,M,55466,9999-01-01
225464,Tetsurou,Vieth,F,40000,9999-01-01
225468,Vasilii,Munawer,M,40106,9999-01-01
225480,Sorina,Gimarc,M,66471,9999-01-01
225492,Guangming,Deville,F,40000,9999-01-01
225503,Kayoko,Kropf,M,55526,9999-01-01
225509,Rajmohan,Leaver,F,40000,9999-01-01
225116,Josyula,Uhrig,F,75291,9999-01-01
225515,Jenwei,Herber,M,85832,9999-01-01
225518,Owen,Zyda,F,78445,9999-01-01
225533,Feiyu,Oehlmann,F,50918,9999-01-01
225541,Baruch,Brodal,F,57368,9999-01-01
225546,Marl,Albarhamtoshy,F,55122,9999-01-01
225552,Sariel,Lalonde,F,48598,9999-01-01
225123,Makato,Gide,F,40000,9999-01-01
225587,Chenyi,Orlowska,M,48280,9999-01-01
225158,Siddarth,Shrader,M,40000,9999-01-01
225594,Mariusz,Emmerich,F,54347,9999-01-01
225595,Marla,Rosti,F,40000,9999-01-01
225606,Jixiang,Rosen,M,40000,9999-01-01
225610,Vishv,Morris,M,47681,9999-01-01
225613,Alenka,Markovitch,M,55299,9999-01-01
225615,Zhonghui,Clouatre,M,70692,9999-01-01
225617,Tommaso,Pettit,F,40000,9999-01-01
225618,Shuho,Duclos,M,40000,9999-01-01
225621,Erez,Hempstead,M,40000,9999-01-01
225623,Arunas,Taubenfeld,M,40000,9999-01-01
225628,Tze,Pokrovskii,M,64174,9999-01-01
225630,Jiann,Levasseur,F,40000,9999-01-01
225650,Magy,McClure,M,43295,9999-01-01
225652,Along,Seiwald,M,40920,9999-01-01
225654,Rosita,Riexinger,F,40000,9999-01-01
225655,Geoff,Pelz,M,49094,9999-01-01
225658,Danai,Kakkar,M,66251,9999-01-01
225661,Hairong,Baer,M,71991,9999-01-01
225681,Xinglin,Guerreiro,F,40000,9999-01-01
225699,Jaewoo,Menhoudj,M,66127,9999-01-01
225709,Eirik,Validov,M,68158,9999-01-01
225711,Vasiliy,Steinauer,M,46542,9999-01-01
225713,Jinxi,Maierhofer,M,45237,9999-01-01
225714,Gadiel,Dayang,M,43894,9999-01-01
225719,Kolar,Himler,M,40000,9999-01-01
225747,Tadahiko,Tiemann,M,48836,9999-01-01
225760,Subhrajyoti,Adachi,M,47857,9999-01-01
225766,Lalit,Peyn,M,59428,9999-01-01
225770,Visit,Khasidashvili,M,61565,9999-01-01
225779,Suzette,Huhdanpaa,M,40000,9999-01-01
225811,Takushi,Zallocco,F,40000,9999-01-01
225816,Bader,Jansen,M,65039,9999-01-01
225818,Tomoyuki,Shihab,M,46786,9999-01-01
225829,Takahito,Peak,M,61516,9999-01-01
225840,Moti,Rodier,M,44564,9999-01-01
225843,Remco,Codenie,M,68660,9999-01-01
225871,Ronghao,Kavraki,M,59319,9999-01-01
225885,Mingzeng,Simmel,M,40000,9999-01-01
225890,Alois,Oxenboll,M,40829,9999-01-01
225891,Mohd,Mondadori,F,71743,9999-01-01
225899,Pradeep,Penttonen,M,49109,9999-01-01
225900,Tse,Roisin,M,40000,9999-01-01
225902,Ayonca,Schusler,M,40000,9999-01-01
225170,Kersti,Waschkowski,M,64474,9999-01-01
225919,Christfried,Dayang,M,40000,9999-01-01
225928,Kasturi,Huxford,M,62596,9999-01-01
225941,Alenka,Angelopoulos,M,86425,9999-01-01
225952,Venkatesan,Serre,M,40000,9999-01-01
225955,Radhia,Bernini,M,41623,9999-01-01
225956,Mads,Parhami,M,40000,9999-01-01
225179,Domenick,Sridhar,M,40000,9999-01-01
225965,Dhritiman,Alpay,M,47118,9999-01-01
225968,Domenico,Brickell,F,40000,9999-01-01
225979,Malu,Hoogerwoord,F,40000,9999-01-01
225980,Luigi,Antonakopoulos,M,40000,9999-01-01
225981,Niclas,Hopewell,F,43157,9999-01-01
225982,Susanta,Zaiane,F,40000,9999-01-01
225992,Sverrir,Zedlitz,F,58236,9999-01-01
225995,Khoa,Gniady,F,47674,9999-01-01
225185,Xuejia,Thiria,M,40000,9999-01-01
226012,Sahrah,Katalagarianos,M,41595,9999-01-01
226017,Badri,Orlowski,M,59682,9999-01-01
226019,Billie,Bellmore,M,65392,9999-01-01
226032,Sadegh,Vernadat,F,50063,9999-01-01
225186,Sachin,Lipner,M,48335,9999-01-01
226067,Baruch,Benner,F,101626,9999-01-01
225188,Honglan,Malabarba,M,60290,9999-01-01
226079,Naraig,Badache,M,40000,9999-01-01
226080,Fabrizio,Decleir,F,40000,9999-01-01
226092,Chinho,Nyanchama,F,52800,9999-01-01
226093,Werner,Iacovou,F,60634,9999-01-01
226095,Unal,Kalsbeek,F,70075,9999-01-01
226099,Malu,Chandrasekhar,M,52718,9999-01-01
226110,Shuji,Stasinski,F,44301,9999-01-01
226112,Susanna,Gomatam,M,84125,9999-01-01
226121,Vidar,Narahara,F,40000,9999-01-01
225198,Zhongwei,Plavsic,M,40000,9999-01-01
225211,Barry,Krichel,M,47446,9999-01-01
226146,Shichao,Syrzycki,M,54916,9999-01-01
226166,Selwyn,Mapelli,F,92501,9999-01-01
226367,Ung,Munro,F,71742,9999-01-01
226181,Maris,Sudbeck,M,40000,9999-01-01
226191,Toong,Jakobus,M,64241,9999-01-01
226231,Heekeun,Raoux,F,40000,9999-01-01
226263,Rajmohan,Attimonelli,M,55117,9999-01-01
226269,Collette,Zhiwei,M,85775,9999-01-01
226270,Uwe,Honiden,M,50466,9999-01-01
226275,Alain,Katiyar,F,77454,9999-01-01
226281,Doowon,Kragelund,F,40000,9999-01-01
226282,Emdad,Krzyzanowski,M,73665,9999-01-01
226299,Reuven,McDermid,F,40000,9999-01-01
226302,Danae,Braunmuhl,F,40000,9999-01-01
226309,Youngkon,Portugali,M,66316,9999-01-01
226313,Aiichiro,Christ,M,44417,9999-01-01
226325,Leni,Avouris,F,97594,9999-01-01
226369,Kensei,Heping,M,113188,9999-01-01
226382,Moss,Khasidashvili,M,71601,9999-01-01
226526,Lobel,Fiutem,M,66607,9999-01-01
226529,Padma,Lamparter,M,41558,9999-01-01
226568,Deniz,Frezza,M,52504,9999-01-01
226573,Nathan,Penn,M,40000,9999-01-01
226574,Hatem,Coors,M,40772,9999-01-01
226581,Baoqiu,Nannarelli,F,64324,9999-01-01
226582,Reinhard,Serre,M,86736,9999-01-01
226587,Serap,Mitina,M,43012,9999-01-01
226384,Hausi,Makinen,F,73273,9999-01-01
226601,Faiza,Strehl,M,57186,9999-01-01
226603,Spyrose,Pokrovskii,F,40000,9999-01-01
226611,Kersti,Nourani,M,40000,9999-01-01
226385,Xiaoshan,Broomell,M,53530,9999-01-01
226614,Valery,Fargier,M,71457,9999-01-01
226616,Zine,Unno,F,49421,9999-01-01
226619,Masanao,Strandh,M,77008,9999-01-01
226627,Hilari,Serdy,M,48830,9999-01-01
226628,Nishit,Matteis,M,40000,9999-01-01
226643,Hauke,Marshall,M,40000,9999-01-01
226398,Girolamo,Copas,M,40000,9999-01-01
226661,Kannan,Rosenbaum,M,40000,9999-01-01
226671,Mostafa,Coullard,F,40000,9999-01-01
226681,Persi,Coullard,F,59351,9999-01-01
226699,Zsolt,Bolsens,F,70711,9999-01-01
226410,Gio,Sifakis,F,66894,9999-01-01
226708,Bikash,Zedlitz,F,52976,9999-01-01
226424,Siddarth,Constantine,M,53661,9999-01-01
226715,Paloma,Sullins,M,60689,9999-01-01
226733,Taizo,Pezzoli,M,40000,9999-01-01
226752,Rajmohan,Luit,M,49176,9999-01-01
226431,Alassane,Budinsky,F,60732,9999-01-01
226765,Ayakannu,Luby,M,72065,9999-01-01
226772,Heping,Koshino,F,40000,9999-01-01
226774,Sumali,Remmers,M,49096,9999-01-01
226782,Jaber,Beerel,F,98193,9999-01-01
226792,Siamak,Shackel,F,42586,9999-01-01
226796,Aksel,Baar,M,58510,9999-01-01
226801,Xuejia,Roohalamini,M,40000,9999-01-01
226808,Giordano,Marchegay,M,45104,9999-01-01
226814,Zhenbing,Pollock,F,46745,9999-01-01
226435,Radhika,Llado,M,40000,9999-01-01
226829,Godehard,Gihr,F,45223,9999-01-01
226438,Subhada,Kambil,F,85348,9999-01-01
226846,Ortrud,Carrere,M,40000,9999-01-01
226853,Wuxu,Bail,F,40624,9999-01-01
226452,Patricio,Stellhorn,F,89305,9999-01-01
226878,Abdulah,Furedi,F,86694,9999-01-01
226884,Adam,Fortenbacher,M,40000,9999-01-01
226886,Divine,Bojadziev,M,70459,9999-01-01
226453,Saniya,Leonhardt,M,49755,9999-01-01
226896,Yurij,Akaboshi,M,63030,9999-01-01
226899,Shigehito,Syrotiuk,F,40000,9999-01-01
226905,Koldo,Barreiro,M,61167,9999-01-01
226910,Kristen,Rosay,M,63664,9999-01-01
226919,Adamantios,Rehfuss,M,47422,9999-01-01
226456,Phule,Kabayashi,M,63756,9999-01-01
226932,Gen,Bridgland,F,49749,9999-01-01
226942,Satoru,Rattan,F,68024,9999-01-01
226954,Shushma,Pietrzykowski,M,42442,9999-01-01
226987,Arif,Delgrossi,M,55209,9999-01-01
226991,Maha,Schreiter,F,62976,9999-01-01
226993,Thanasis,Peot,F,48229,9999-01-01
227015,Rance,Trogemann,M,40000,9999-01-01
227042,Gay,Templeman,M,75976,9999-01-01
227048,Arco,Cincotta,F,46956,9999-01-01
227059,Supot,Benzmuller,M,40000,9999-01-01
227069,Shigeichiro,Marshall,F,66933,9999-01-01
226466,Atilio,Baek,F,51580,9999-01-01
227116,Steve,Teitelbaum,F,41912,9999-01-01
227134,Mohamadou,Nollmann,F,40000,9999-01-01
226468,Mooi,Asmuth,M,40305,9999-01-01
227144,Anneli,Beeson,F,65909,9999-01-01
227157,Perla,Swab,M,40000,9999-01-01
226471,JoAnna,Stroustrup,M,47449,9999-01-01
227185,Lillian,Syang,M,40000,9999-01-01
226480,Leszek,Kusalik,F,47277,9999-01-01
227205,Leon,Demizu,M,43443,9999-01-01
227212,Premsyl,Hartvigsen,F,51102,9999-01-01
226497,Ravishankar,Malinowski,M,40000,9999-01-01
227235,Boutros,Zykh,M,40000,9999-01-01
227239,Krisda,Showalter,M,50620,9999-01-01
227249,Hideyuki,Erni,F,82914,9999-01-01
227250,Sadegh,Kusakabe,F,40000,9999-01-01
227448,Steve,Puppo,M,58875,9999-01-01
227271,Yechiam,Osgood,M,40000,9999-01-01
227276,Nobuyoshi,Zultner,M,58849,9999-01-01
227277,Pragnesh,Buescher,M,40000,9999-01-01
227296,Oscal,Christ,F,40000,9999-01-01
227299,Kellyn,Millington,M,40000,9999-01-01
227303,Rosalie,Mondadori,F,40745,9999-01-01
227318,Claude,Benantar,F,40000,9999-01-01
227324,Arve,Cooley,M,40000,9999-01-01
227333,Urs,Swist,M,40000,9999-01-01
227358,Rafols,Muhling,M,48521,9999-01-01
227361,Kazuhito,Servieres,M,51910,9999-01-01
227388,Arif,Krychniak,F,48267,9999-01-01
227456,Mark,Bach,F,40000,9999-01-01
227394,Vishu,Georgakopoulos,F,40000,9999-01-01
227399,Gregory,Champarnaud,F,40000,9999-01-01
227409,Jianhao,Ullian,M,65321,9999-01-01
227416,Ferdinand,Hebert,F,49262,9999-01-01
227423,Arunas,Baby,M,40000,9999-01-01
227457,Zeydy,Silva,M,40000,9999-01-01
227459,Younwoo,Schmiedel,M,85628,9999-01-01
227463,Zorica,Tsunoo,M,40000,9999-01-01
227465,Bartek,Ducloy,M,55596,9999-01-01
227650,Takanari,Juneja,F,57135,9999-01-01
227662,Gou,Preusig,M,82360,9999-01-01
227471,Djenana,Cannane,M,40000,9999-01-01
227676,Sakthirel,Ruemmler,M,55023,9999-01-01
227684,Denis,Kusakabe,F,45138,9999-01-01
227689,Dannz,Seuren,M,71307,9999-01-01
227694,Paloma,Chandrasekhar,F,73897,9999-01-01
227695,Saeed,DasSarma,F,48860,9999-01-01
227696,Moty,Portugali,M,40000,9999-01-01
227698,Genevieve,Majewski,M,40000,9999-01-01
227701,Frederique,Brizzi,F,40000,9999-01-01
227710,Stamatina,Douceur,M,44430,9999-01-01
227714,Luigi,Peternell,M,44854,9999-01-01
227726,Alejandro,Trystram,M,40000,9999-01-01
227473,Feixiong,Olivero,F,40000,9999-01-01
227741,Behnaam,Kobuchi,M,48161,9999-01-01
227752,Xinglin,Birch,F,40000,9999-01-01
227475,Kendra,Danner,M,40000,9999-01-01
227772,Waiman,Michaels,F,63688,9999-01-01
227777,Ingmar,Ibel,M,40000,9999-01-01
227781,Aleksander,Ramras,M,40000,9999-01-01
227783,Xiping,Constantine,F,72685,9999-01-01
227478,Collette,Crouzet,M,40000,9999-01-01
227792,Woody,Ponthieu,M,76129,9999-01-01
227801,Valery,Brobst,M,58111,9999-01-01
227808,Xiaoheng,Babb,M,40000,9999-01-01
227487,Bodo,Nishimukai,M,43199,9999-01-01
227819,Luerbio,Lichtner,M,45523,9999-01-01
227488,Takahito,Jarecki,F,47172,9999-01-01
227834,Urs,Cardazo,F,40000,9999-01-01
227850,Visit,Andreotta,F,44685,9999-01-01
227854,Zvonko,Ibel,M,40000,9999-01-01
227501,Angus,Biron,F,40000,9999-01-01
227864,Tuval,Soicher,F,45265,9999-01-01
227868,Ute,Hardjono,F,45484,9999-01-01
227877,Leszek,Tsukune,M,68245,9999-01-01
227885,Tesuya,Cheshire,F,66931,9999-01-01
227889,Dipayan,Monarch,M,40000,9999-01-01
227892,George,Stille,M,55374,9999-01-01
227894,Lijia,Kulisch,F,71601,9999-01-01
227907,Bogdan,Camurati,M,40000,9999-01-01
227908,Shih,Denti,M,49249,9999-01-01
227910,Saniya,Alencar,M,70848,9999-01-01
227913,Ingemar,Scallan,M,40000,9999-01-01
227925,Ulises,Sgarro,M,40000,9999-01-01
227938,Uzi,Schaaf,M,46542,9999-01-01
227943,Sushant,Przulj,M,45832,9999-01-01
227517,Aria,Rathonyi,F,75567,9999-01-01
227958,Shichao,Hennebert,M,47166,9999-01-01
227969,Falguni,Mandell,M,82501,9999-01-01
227973,Tomofumi,Tyugu,M,49241,9999-01-01
227518,Masoud,Dichev,F,40000,9999-01-01
227530,Gilbert,Krichel,M,58738,9999-01-01
228008,Guozhong,Melski,F,40789,9999-01-01
228018,Minghong,Beerel,M,40000,9999-01-01
228023,Hidefumi,Denna,M,46717,9999-01-01
228025,Yuguang,Papastamatiou,M,56354,9999-01-01
227531,Pranay,Varker,M,40000,9999-01-01
228051,Yuguang,Viele,M,51525,9999-01-01
227553,Trygve,Schwartzbauer,F,69196,9999-01-01
228065,Mariusz,McFarlan,M,48816,9999-01-01
228071,Taegyun,Laurillard,F,74241,9999-01-01
228095,DAIDA,Suppi,M,40000,9999-01-01
228122,Sugwoo,Kaltofen,F,40000,9999-01-01
228130,Eben,Woycyznski,F,40000,9999-01-01
228142,Vojin,Talmor,M,77961,9999-01-01
228146,Navin,Rande,M,67719,9999-01-01
227554,Akemi,Borstler,F,66261,9999-01-01
228152,Sailaja,Lung,F,79810,9999-01-01
228163,Ortrud,Kossowski,F,40000,9999-01-01
227563,Peternela,Yamaashi,F,41808,9999-01-01
227578,Randy,Alpay,M,53765,9999-01-01
228200,Chinhyun,Teitelbaum,F,44167,9999-01-01
227586,Neelam,Munawer,M,40000,9999-01-01
228223,Pranav,Hatcliff,M,53737,9999-01-01
228227,Werner,Wendorf,F,54415,9999-01-01
228233,Francesca,Serov,M,44728,9999-01-01
228237,Chanjung,Vakili,F,47934,9999-01-01
228246,Bartek,Aloisi,F,71581,9999-01-01
228258,Suzette,Giaccio,M,51986,9999-01-01
227591,Byong,Genin,F,48531,9999-01-01
228269,Aluzio,Varman,M,40000,9999-01-01
228278,Sungwon,Douceur,M,50344,9999-01-01
228284,Along,Ressouche,M,63559,9999-01-01
228285,Weiwu,Pollock,F,40000,9999-01-01
227592,Mingsen,Karnin,M,50791,9999-01-01
228307,Munir,Belinskaya,M,53125,9999-01-01
228320,Wonhee,Murrill,M,60533,9999-01-01
228331,Wilmer,Poehlman,F,41015,9999-01-01
228337,Yechezkel,Jeansoulin,M,75276,9999-01-01
228357,Sarita,Brookner,M,62146,9999-01-01
228358,Goetz,Molenaar,M,40000,9999-01-01
228368,Mario,Remmers,M,40000,9999-01-01
228374,Shahaf,McClurg,F,40000,9999-01-01
228411,Khaled,Hofstetter,M,45332,9999-01-01
228427,Fumitaka,Rothenberg,F,40000,9999-01-01
228429,Atreye,Emmerich,M,40000,9999-01-01
228436,Vugranam,Baja,F,40000,9999-01-01
228449,Pascal,Kushnir,F,64469,9999-01-01
228456,Zengping,Deville,M,60164,9999-01-01
228472,Chirstian,Magalhaes,M,40000,9999-01-01
228480,Marc,Gornas,F,76171,9999-01-01
227593,Hugo,Leuchs,M,49276,9999-01-01
228500,Martial,Fontet,M,50587,9999-01-01
228507,Zine,VanScheik,M,64107,9999-01-01
228517,Huei,Leaver,M,87690,9999-01-01
228519,Lihong,Porotnikoff,M,59464,9999-01-01
228524,Erzsebet,Androutsos,M,40000,9999-01-01
227595,Gaetan,Kragelund,M,64081,9999-01-01
228542,Mack,Quadeer,M,51057,9999-01-01
228544,Halsur,Legleitner,F,48865,9999-01-01
228546,Matk,Chiodo,M,67195,9999-01-01
227608,Christ,Stentiford,M,49958,9999-01-01
228557,Sanjay,Griswold,F,62982,9999-01-01
228563,Paloma,Baer,M,54444,9999-01-01
228564,Mohammad,Yoshimura,M,49697,9999-01-01
228576,Owen,Motley,M,96377,9999-01-01
228578,JoAnne,Talmon,M,50901,9999-01-01
228587,Katsuo,Basagni,F,67187,9999-01-01
228591,Tristan,Petereit,M,87658,9999-01-01
228755,Kazuhira,Angot,M,80293,9999-01-01
228610,Tomokazu,Llado,F,46297,9999-01-01
228636,Paloma,Munck,M,42603,9999-01-01
228654,Sudharsan,Chachaty,M,56114,9999-01-01
228655,Jiong,Blokdijk,F,71596,9999-01-01
228660,Charmane,Zaiane,F,40000,9999-01-01
228666,Franziska,Conde,F,51015,9999-01-01
228672,Goetz,Pulkowski,M,47099,9999-01-01
228683,Girolamo,Coombs,M,40000,9999-01-01
228685,Peer,Zolotykh,M,43672,9999-01-01
228691,Ortrud,Paciorek,F,41839,9999-01-01
228693,Hideo,Kakkad,F,51748,9999-01-01
228716,Sukumar,Rajcani,F,45306,9999-01-01
228725,Edwin,Navazio,M,72066,9999-01-01
228757,Kazuhiko,Lanteri,M,44175,9999-01-01
228928,Yahiko,Panwar,M,40000,9999-01-01
228929,Pascal,Borovoy,M,40000,9999-01-01
228758,Aksel,Thummel,F,40000,9999-01-01
228944,Tzu,Hmelo,M,47686,9999-01-01
228774,Xinan,Klyachko,M,40000,9999-01-01
228960,Eberhardt,Halevi,M,63087,9999-01-01
228961,Xiaoshan,Poupard,F,40000,9999-01-01
228972,Amalendu,Heiserman,F,51114,9999-01-01
228973,Cheong,Nations,F,52159,9999-01-01
228982,Alagu,Ramsak,M,60043,9999-01-01
228990,Arup,Reeken,F,53493,9999-01-01
228993,Kristine,Marrevee,M,50506,9999-01-01
228999,Fen,Birsak,F,58424,9999-01-01
229024,Holgard,Rajaraman,M,40000,9999-01-01
229028,Rasiah,Whittlesey,M,43582,9999-01-01
228778,Yoshinari,Rettelbach,M,73043,9999-01-01
229046,Fabrizio,Denti,F,77727,9999-01-01
229049,Alois,Denis,M,70952,9999-01-01
229058,Barry,Zykh,F,44520,9999-01-01
229061,Chinhyun,Lorho,M,75774,9999-01-01
229069,Lucian,Crelier,F,61545,9999-01-01
229070,Takushi,Cairo,F,40000,9999-01-01
228790,Djenana,Felder,F,45831,9999-01-01
229088,Kasidit,Servieres,F,54417,9999-01-01
229092,Fumiya,Morrin,F,40301,9999-01-01
228823,Mayuko,Gimbel,M,46925,9999-01-01
229111,Satoru,Schiper,F,40000,9999-01-01
229122,Masasuke,Lichtner,M,40000,9999-01-01
229126,Leszek,Kolvik,F,46249,9999-01-01
229137,Susanta,Prenel,M,40000,9999-01-01
229147,Eberhardt,Birke,M,40000,9999-01-01
229155,Gino,Glowinski,F,44603,9999-01-01
229163,Susuma,Wroclawski,M,61510,9999-01-01
229164,Lena,Papastamatiou,M,42906,9999-01-01
228829,Guiseppe,Lagarias,F,46041,9999-01-01
229182,Georg,Bail,M,40000,9999-01-01
229196,Shin,Gewali,F,40000,9999-01-01
229208,Patricio,Christianini,M,70075,9999-01-01
229216,Becky,Muniz,M,40000,9999-01-01
228853,Mayumi,Basawa,M,41588,9999-01-01
229225,Clyde,McClure,F,43226,9999-01-01
229231,Oscar,Toyoshima,F,66305,9999-01-01
229240,Sachar,Kugler,M,44535,9999-01-01
229249,Debatosh,Sgarro,M,50025,9999-01-01
229255,George,Nannarelli,M,64438,9999-01-01
229259,Georgi,Narahari,M,56381,9999-01-01
229266,Cathie,Munck,M,52232,9999-01-01
229271,Kiyokazu,Schapiro,M,43728,9999-01-01
229281,Hitomi,Solovay,F,85579,9999-01-01
228858,Barton,Emmerich,M,40000,9999-01-01
229307,Padma,Peroz,F,43602,9999-01-01
228861,KayLiang,Siksek,M,40164,9999-01-01
229317,Fumiya,Wegerle,M,47951,9999-01-01
229335,Hilary,Chinin,M,69958,9999-01-01
229340,Gor,Gadepally,M,40000,9999-01-01
228889,Mircea,Frolund,M,40000,9999-01-01
229347,Sedat,Hiltgen,F,40000,9999-01-01
229367,Oscar,Katzenelson,M,55171,9999-01-01
229368,Chuanti,Marrevee,F,80782,9999-01-01
229377,Herb,Slutz,M,50000,9999-01-01
229385,Kwangjo,Guardalben,M,48515,9999-01-01
229415,Abdelghani,Ibel,M,48782,9999-01-01
229418,Uri,Sanella,F,40000,9999-01-01
229423,Stafford,Murtafg,M,72960,9999-01-01
228895,Ugo,Fontan,F,58478,9999-01-01
229435,Arnd,Kading,F,43181,9999-01-01
229443,Mohammad,Hedayat,M,57021,9999-01-01
229444,Zeljko,Rijsenbrij,F,72830,9999-01-01
229446,Kazuhiko,Gadepally,F,49889,9999-01-01
229449,Poornachandra,Valtorta,M,40000,9999-01-01
229450,Debatosh,Tramer,F,48569,9999-01-01
229461,Berto,Raczkowsky,M,77682,9999-01-01
229466,Monique,Schaft,M,61368,9999-01-01
229469,Rosalie,Terkki,M,40000,9999-01-01
229470,Teunis,Bala,F,60006,9999-01-01
229686,Leni,Piazza,F,55056,9999-01-01
229477,Barry,Kusakari,M,57324,9999-01-01
229480,Franziska,Passafiume,F,40000,9999-01-01
229481,Shimshon,Conti,F,56999,9999-01-01
229487,Siamak,Keirsey,M,62590,9999-01-01
229513,Trygve,Lienhardt,M,47231,9999-01-01
229516,Susanta,Gischer,F,47887,9999-01-01
229539,Torsten,Kawashima,M,78484,9999-01-01
229541,Maya,Rosenbaum,F,42771,9999-01-01
229549,Ekawit,DasSarma,M,40000,9999-01-01
229552,Utpal,Shackel,M,87877,9999-01-01
229569,Kannan,Merel,M,52863,9999-01-01
229571,Masanao,Pappas,M,49364,9999-01-01
229578,Bernt,Ariola,M,80217,9999-01-01
229579,Reinhard,Aumann,F,42083,9999-01-01
229587,Leucio,Zucker,M,40000,9999-01-01
229612,Chuanti,Vidal,F,63778,9999-01-01
229620,Arun,Shackell,M,66723,9999-01-01
229627,Samphel,Uehara,F,40542,9999-01-01
229649,DAIDA,Montresor,M,40000,9999-01-01
229846,Ibibia,Melton,F,67801,9999-01-01
229853,Mantis,Atchley,M,51400,9999-01-01
229858,Giri,Dulin,M,40000,9999-01-01
229860,Ingmar,Sewelson,F,62138,9999-01-01
229867,Jasminko,Merkl,F,56674,9999-01-01
229878,Guangming,Asser,M,59914,9999-01-01
229903,Hausi,Callaway,M,41972,9999-01-01
229905,Moss,Trumbly,F,47066,9999-01-01
229911,Ingmar,Jansen,F,71949,9999-01-01
229922,Arvin,Condotta,M,57716,9999-01-01
229926,Tomofumi,Sgarro,M,71324,9999-01-01
229927,Berto,Valiente,F,57182,9999-01-01
229933,Saniya,Itzfeldt,M,40000,9999-01-01
229937,Huiqun,Butner,M,42260,9999-01-01
229949,Alois,Matzov,F,50008,9999-01-01
229969,Zine,Walstra,F,83964,9999-01-01
229970,Tse,Berendt,F,75949,9999-01-01
229989,Qiwen,Braunschweig,F,43914,9999-01-01
229997,Fai,Zwicker,M,76930,9999-01-01
230008,Sajjan,Angelopoulos,F,51924,9999-01-01
230022,Xuedong,Skogmar,M,72627,9999-01-01
230028,Zsolt,Vernadat,M,48161,9999-01-01
230029,Wanqing,Kalorkoti,M,40000,9999-01-01
229701,Xinglin,Nollmann,M,45356,9999-01-01
230046,Nobuyoshi,Hoppenstand,F,40000,9999-01-01
230047,Yucai,Jullig,M,51291,9999-01-01
230074,Zito,Templeman,M,54673,9999-01-01
229717,Sivanarayana,Baig,M,40000,9999-01-01
230084,Ishfaq,Qiwen,F,48864,9999-01-01
230091,Waiman,Birjandi,M,81078,9999-01-01
230116,Kristine,Wilfing,F,41757,9999-01-01
230121,Zhonghui,Kornatzky,M,53003,9999-01-01
230130,Kien,Quaggetto,F,51344,9999-01-01
229740,Chrisa,Walston,F,40000,9999-01-01
230180,Adhemar,Kamble,F,64416,9999-01-01
230182,Urs,Ruemmler,F,52111,9999-01-01
230188,Snehasis,Krychniak,M,40000,9999-01-01
230192,Oddvar,Mandelberg,M,47951,9999-01-01
230202,Serge,Gerteisen,F,64675,9999-01-01
230210,Mayumi,Lamma,M,48213,9999-01-01
230213,Yishai,Furedi,F,40000,9999-01-01
229742,Aran,Lundstrom,F,49587,9999-01-01
230219,Heather,Malinowski,F,57731,9999-01-01
230230,Ipke,Halevi,F,45716,9999-01-01
229745,Mohd,Ventosa,M,40000,9999-01-01
230245,Thodoros,Bain,M,40000,9999-01-01
230246,Herbert,Hasham,M,41491,9999-01-01
230252,Soenke,Serra,M,40000,9999-01-01
230255,Ennio,Lorcy,M,82887,9999-01-01
229761,Amalendu,Garnham,M,40000,9999-01-01
230280,Karlis,Feinberg,F,50635,9999-01-01
230290,Deborah,Hopewell,M,55642,9999-01-01
230296,Uzi,Makinen,F,63527,9999-01-01
230321,Gunilla,Alencar,M,50835,9999-01-01
230325,Gio,Kinley,M,40000,9999-01-01
230331,Nidapan,Beutelspacher,F,40000,9999-01-01
229779,Mahmut,Kohling,M,40000,9999-01-01
230346,Guiseppe,Trumbly,F,74136,9999-01-01
230348,Yongmao,Awdeh,M,46678,9999-01-01
230353,Siamak,Maierhofer,F,67592,9999-01-01
230355,Debaprosad,Lamma,M,42957,9999-01-01
230357,Mitchel,Marciano,F,40567,9999-01-01
230367,Susuma,Lubachevsky,F,83695,9999-01-01
230378,Brigham,Babu,M,56173,9999-01-01
230385,Kirk,Lorys,F,40000,9999-01-01
229798,Patricio,Soicher,F,47971,9999-01-01
230412,Subhrajyoti,Mikschl,M,40000,9999-01-01
230419,Mona,Comte,M,40000,9999-01-01
230426,Make,Riesenhuber,M,40000,9999-01-01
230444,Edwin,Ghalwash,F,40000,9999-01-01
229810,Katsuo,Attimonelli,F,65624,9999-01-01
230453,Limsoon,Macedo,M,74075,9999-01-01
230465,Sajjan,Coullard,M,50080,9999-01-01
230468,Takahito,Zweizig,M,44739,9999-01-01
230480,Udo,Bernini,M,84819,9999-01-01
230481,Khaled,Rathonyi,M,45526,9999-01-01
230496,Tomokazu,Gips,F,40000,9999-01-01
229815,Atreyi,Tsukune,F,54702,9999-01-01
229819,Zhenbing,Delgrande,M,53781,9999-01-01
230541,Shaunak,Riexinger,F,53294,9999-01-01
230545,Bokyung,Baba,F,53459,9999-01-01
230553,Oldrich,Mapelli,M,53965,9999-01-01
229822,Vidya,Basagni,M,77506,9999-01-01
230583,Aruna,Velasco,M,46892,9999-01-01
229839,Bojan,Kermarrec,M,61280,9999-01-01
230594,Basim,Cyne,M,60983,9999-01-01
230602,Arnould,Wursthorn,F,40000,9999-01-01
230771,Bezalel,Colorni,F,40865,9999-01-01
230610,Stepehn,Veevers,M,88182,9999-01-01
230616,Paloma,Pluym,F,40000,9999-01-01
230621,Ulises,Erol,M,51756,9999-01-01
230622,Unal,Quittner,F,40000,9999-01-01
230636,Tsz,Pusterhofer,M,40000,9999-01-01
230647,Kamakshi,Senzako,M,50732,9999-01-01
230673,Sadegh,Panwar,M,40000,9999-01-01
230681,Jinya,Hiraishi,M,40000,9999-01-01
230690,Khoa,Papastamatiou,F,40000,9999-01-01
230691,Mantis,Angelopoulos,F,65609,9999-01-01
230701,Kristen,Salverda,M,40000,9999-01-01
230707,Tesuro,Verhoeff,F,49640,9999-01-01
230716,Xinglin,Panangaden,M,77088,9999-01-01
230774,Tetsushi,Erni,M,64092,9999-01-01
230723,Shimshon,Portugali,F,60245,9999-01-01
230737,Hsiangchu,Hagimont,F,76816,9999-01-01
230747,Piyush,Haumacher,F,42730,9999-01-01
230750,Magy,Vigier,F,64050,9999-01-01
230753,Geraldo,Suri,M,70636,9999-01-01
230801,Giao,Engberts,M,102623,9999-01-01
230956,Moheb,Ranft,M,40000,9999-01-01
230958,Krisda,Bade,F,40000,9999-01-01
230966,Tadahiro,Melski,M,43361,9999-01-01
230970,Alper,Lammel,M,40000,9999-01-01
230975,DeForest,Keohane,M,45059,9999-01-01
230976,Chuanyi,Serot,M,54612,9999-01-01
230984,Odinaldo,Itzigehl,F,40000,9999-01-01
230985,Hatsukazu,Taubman,F,40000,9999-01-01
231005,Muzhong,Murthy,F,54316,9999-01-01
231006,Gill,Delgrossi,F,40000,9999-01-01
230808,Roded,Piveteau,F,40000,9999-01-01
231016,Hitofumi,Valette,M,57949,9999-01-01
231023,Toshimo,Madeira,F,40000,9999-01-01
231027,Kazuhiko,Denny,F,51518,9999-01-01
231034,Xiaobin,Coors,M,67819,9999-01-01
231036,Hyuncheol,Soloway,F,53719,9999-01-01
231044,Stevo,Merey,M,57238,9999-01-01
231056,Margo,McAlpine,F,40000,9999-01-01
231057,Ziyad,Bhattacharjee,M,73245,9999-01-01
231062,Kwee,Godskesen,F,40000,9999-01-01
231073,Yechiam,Rattan,M,50821,9999-01-01
231083,Gritta,Angelopoulos,F,40972,9999-01-01
231096,Debaprosad,Tyugu,F,69454,9999-01-01
231110,Kiyomitsu,Sidou,F,40000,9999-01-01
231111,Shirish,Rosiles,M,53108,9999-01-01
231116,Kristof,Danecki,M,45497,9999-01-01
231122,Jeane,Baik,M,47604,9999-01-01
231132,Arunas,Hofstetter,F,40000,9999-01-01
231144,Pradeep,Simmen,F,40000,9999-01-01
231151,Jessie,Varman,F,44239,9999-01-01
231163,Emran,Dechter,F,76706,9999-01-01
231178,Gennady,Highland,F,58681,9999-01-01
231192,Zorica,Siepmann,F,40000,9999-01-01
231193,Freyja,Isaac,F,40000,9999-01-01
231194,Tonny,Burnard,M,40000,9999-01-01
231202,Nobuyoshi,Fioravanti,F,40000,9999-01-01
231207,Peternela,Lakshmanan,M,40000,9999-01-01
231236,Guadalupe,Iisaka,F,40000,9999-01-01
231238,Sarita,Tsukuda,F,40000,9999-01-01
231243,Abdelghani,Birta,M,40000,9999-01-01
230813,Tesuya,Shumilov,M,78602,9999-01-01
231270,Gritta,Rassart,F,40000,9999-01-01
231276,Jayesh,Butner,M,69107,9999-01-01
231280,Weidon,Verhoeff,M,40000,9999-01-01
230822,Saeko,Rebaine,F,77674,9999-01-01
231294,Sven,Brender,M,40000,9999-01-01
231308,Lijie,Boudaillier,M,62419,9999-01-01
231315,Subir,Farrar,M,46924,9999-01-01
231316,Zhilian,Soloway,F,40000,9999-01-01
230825,Atilio,Stentiford,M,40442,9999-01-01
230846,Parto,Perelgut,F,40007,9999-01-01
231333,Kinh,Stroustrup,F,40000,9999-01-01
231339,Bogdan,Skrikant,F,48902,9999-01-01
231344,Ohad,Kalafatis,M,42178,9999-01-01
231347,Kiam,Thimonier,F,40000,9999-01-01
231372,Khatoun,Koblick,F,48855,9999-01-01
231375,Jungsoon,Kushnir,F,40000,9999-01-01
230848,Michaela,Oxenboll,M,47836,9999-01-01
231401,Fumino,Biran,F,40000,9999-01-01
230859,Jaques,Cichocki,F,40000,9999-01-01
231409,Maya,Thorensen,M,53770,9999-01-01
231410,Persi,Sidou,M,62412,9999-01-01
231411,Prasadram,Perfilyeva,F,69588,9999-01-01
231424,Dayanand,Fortenbacher,M,69306,9999-01-01
231425,Danai,DuCasse,M,40000,9999-01-01
231430,Quingbo,Kusakabe,M,80378,9999-01-01
231431,Anestis,Merle,F,40000,9999-01-01
231436,Hironobu,Nannarelli,F,40000,9999-01-01
231440,Mariangiola,Lores,F,69411,9999-01-01
231469,Juyoung,Denos,F,40000,9999-01-01
231471,Saeko,Chinin,F,48033,9999-01-01
231477,Larisa,Krohm,M,48678,9999-01-01
230862,Kazuyasu,Rouquie,M,40000,9999-01-01
231486,Yefim,Cmelik,M,55079,9999-01-01
231490,Etsuo,Clouatre,F,41184,9999-01-01
231499,Inderjeet,Perly,M,48696,9999-01-01
230868,Zengping,Poulakidas,F,63320,9999-01-01
230871,Rildo,Rabejac,F,40000,9999-01-01
231520,Junichi,Angel,F,40000,9999-01-01
231521,Kiam,Koshino,M,40000,9999-01-01
230875,Keiichiro,Kushner,F,40000,9999-01-01
231536,Jouni,Wrigley,M,40240,9999-01-01
231553,Oksana,Simkin,F,48322,9999-01-01
231554,Xiaoshan,Hennings,F,67222,9999-01-01
231557,Janche,Griswold,F,40000,9999-01-01
231563,Khosrow,Rijckaert,M,54532,9999-01-01
231564,Vasilii,Nanard,F,45322,9999-01-01
231566,Lillian,Brickell,M,50472,9999-01-01
231570,Dietrich,Vecchi,M,56007,9999-01-01
231571,Lena,Broomell,F,68233,9999-01-01
231583,Szabolcs,Laventhal,M,40000,9999-01-01
231586,Teunis,Standera,M,71623,9999-01-01
231602,Leaf,Azumi,M,40000,9999-01-01
230882,Geoffrey,Pezzoli,M,66771,9999-01-01
231611,Moni,Muhlberg,M,53618,9999-01-01
231635,Billie,Kalafatis,M,40000,9999-01-01
230883,Pradeep,Kawashima,M,44783,9999-01-01
231649,Woody,Hebert,M,54830,9999-01-01
230885,Gila,Zhiwei,F,50920,9999-01-01
231665,Gita,Cullers,F,40000,9999-01-01
231672,Hironobu,Erdi,M,70062,9999-01-01
230895,Godehard,Parhami,M,68058,9999-01-01
230898,Charlene,Vitiello,M,65686,9999-01-01
230906,Qunsheng,Marchegay,M,50033,9999-01-01
231696,Foong,Silva,M,82240,9999-01-01
231702,Sahrah,Vieri,M,56117,9999-01-01
231705,Fusako,Feldhoffer,F,55200,9999-01-01
231706,Achilleas,Pettey,M,57246,9999-01-01
230916,Lena,Bale,F,40618,9999-01-01
231727,Kazuhito,Luca,F,40000,9999-01-01
231735,Sanjeeva,Randi,M,40000,9999-01-01
231736,Sverrir,Peternell,M,40000,9999-01-01
231740,Kyoichi,Gustavson,F,72876,9999-01-01
231746,Jaber,Gist,F,40000,9999-01-01
231756,Ronnie,Barreiro,M,40000,9999-01-01
231760,Karsten,Auyong,F,53218,9999-01-01
230928,Tesuya,Schlumberger,M,41625,9999-01-01
230931,Petter,Hoppenstand,M,42766,9999-01-01
231815,Marjo,Reinhart,F,59306,9999-01-01
231818,Gretta,Hartvigsen,M,60042,9999-01-01
230935,Heon,Scallan,M,47847,9999-01-01
231838,Kazuhiko,Strandh,F,59285,9999-01-01
231847,Geraldo,Pauthner,F,40000,9999-01-01
230937,Indrajit,Kermarrec,M,52217,9999-01-01
231858,Geoffry,Baez,M,62183,9999-01-01
231874,Murthy,Peroz,M,50943,9999-01-01
231876,Abdelkader,Akazan,M,40000,9999-01-01
231879,Kyoichi,Acton,M,61900,9999-01-01
230939,Peternela,Matzen,F,55651,9999-01-01
230946,Tamiya,Taubenfeld,M,49028,9999-01-01
231883,Srinidhi,Heering,M,57391,9999-01-01
231887,Yongmin,Petereit,M,88339,9999-01-01
231891,Yagil,Ranka,F,74026,9999-01-01
231895,Shiv,Hmelo,M,40000,9999-01-01
231905,Hugo,Comellas,M,55530,9999-01-01
230948,Emdad,Peac,F,41420,9999-01-01
231918,Ger,Naumovich,M,62273,9999-01-01
231919,Sanjit,Lamma,F,45267,9999-01-01
231922,Mohammad,Minakawa,M,50165,9999-01-01
231929,Adit,Muhlberg,M,40000,9999-01-01
231935,Duri,Perry,M,40000,9999-01-01
231950,Stella,Marchegay,M,52600,9999-01-01
231952,Carrsten,Docker,F,52909,9999-01-01
231956,Spyrose,Birjandi,M,54080,9999-01-01
231959,Adib,Hatcliff,M,66327,9999-01-01
231968,Elrique,Mapelli,F,50942,9999-01-01
231978,Somnath,Plesums,M,40000,9999-01-01
232067,Abdelwaheb,Rosay,F,55385,9999-01-01
231994,Hideyuki,Hagimont,M,61575,9999-01-01
232030,Kish,Waleschkowski,F,40000,9999-01-01
232031,Zvonko,Alpay,F,58388,9999-01-01
232035,Yakichi,Marwedel,F,40000,9999-01-01
232038,Ennio,Bach,M,40000,9999-01-01
232040,Vasiliy,Hoogerwoord,M,52564,9999-01-01
232045,Berhard,Goodrum,M,40000,9999-01-01
232048,Mabhin,Kandlur,M,47037,9999-01-01
232050,Tomoyuki,Weedon,M,55575,9999-01-01
232053,Izaskun,Mundy,M,40000,9999-01-01
232057,Valter,Candan,M,40000,9999-01-01
232058,Shigeichiro,Pehl,M,40000,9999-01-01
232269,Kamran,Szmurlo,F,63667,9999-01-01
232276,Berna,Ruemmler,M,40000,9999-01-01
232289,Fun,Farrag,M,66678,9999-01-01
232294,Arie,Klerer,F,40000,9999-01-01
232297,Ghassan,Borstler,M,40000,9999-01-01
232298,Bader,Tempesti,M,40000,9999-01-01
232313,Raimond,Schiettecatte,F,80850,9999-01-01
232328,Uinam,Stanger,F,40000,9999-01-01
232335,Fay,Boguraev,F,40193,9999-01-01
232338,Genta,Mahnke,M,54601,9999-01-01
232348,Thanasis,Bernick,M,51093,9999-01-01
232357,Doowon,Biros,F,51755,9999-01-01
232381,Siddarth,Tempesti,M,70837,9999-01-01
232382,Shir,Landherr,M,69964,9999-01-01
232384,Selwyn,Niizuma,M,40000,9999-01-01
232389,Marit,Kumaresan,M,68963,9999-01-01
232396,Alejandra,Weisert,M,53595,9999-01-01
232416,Tokuyasu,Binkley,F,59754,9999-01-01
232423,Szabolcs,Baezner,M,40000,9999-01-01
232089,Yoshimitsu,Czaja,F,40000,9999-01-01
232436,Morrie,Stemann,M,68841,9999-01-01
232437,Kasturi,Douceur,M,65943,9999-01-01
232438,Demos,Polupanov,M,60527,9999-01-01
232440,Ottavia,Ressouche,F,40000,9999-01-01
232446,Chirstian,Siepmann,F,44586,9999-01-01
232466,Weidon,Perri,F,52637,9999-01-01
232485,Margo,Denti,M,40000,9999-01-01
232508,Kankanahalli,Brickell,F,48048,9999-01-01
232098,Margareta,Bale,M,56339,9999-01-01
232526,Stepehn,Bernick,M,57551,9999-01-01
232528,Satyanarayana,Ramsay,F,54703,9999-01-01
232543,Moni,Masada,F,45656,9999-01-01
232545,Mani,Vanwelkenhuysen,M,46111,9999-01-01
232559,Ramya,Vernadat,M,54630,9999-01-01
232564,Vishu,Trachtenberg,M,83949,9999-01-01
232102,Hidekazu,Ramsay,F,61568,9999-01-01
232587,Sreenivas,Weedon,M,55499,9999-01-01
232596,Zvonko,Percebois,F,44838,9999-01-01
232597,Weiye,Butner,F,40000,9999-01-01
232599,Haldon,Kropf,F,92502,9999-01-01
232601,Claude,Honglei,M,40000,9999-01-01
232613,Uwe,Butner,M,40000,9999-01-01
232617,Kamran,Guerreiro,F,62009,9999-01-01
232620,Arne,Rabejac,M,44851,9999-01-01
232107,Boutros,Baby,F,47895,9999-01-01
232121,Ayonca,Panwar,M,40000,9999-01-01
232623,Guther,Linares,M,40000,9999-01-01
232626,Behnaam,Codenie,F,40000,9999-01-01
232632,Brewster,Radhakrishnan,M,47322,9999-01-01
232636,Duro,Peha,F,60518,9999-01-01
232638,Morrie,Morris,M,46402,9999-01-01
232127,Jamaludin,Hanabata,F,67237,9999-01-01
232677,Arvind,Orlowski,F,40000,9999-01-01
232679,Lijie,Baca,M,40000,9999-01-01
232684,Hyuckchul,Hockney,F,46353,9999-01-01
232686,Kazuhiko,Akiyama,F,52341,9999-01-01
232692,Yakichi,Copas,M,64910,9999-01-01
232694,Diederik,Pintelas,M,40000,9999-01-01
232134,Malu,Suwa,M,48500,9999-01-01
232711,Palash,Vitiello,F,40480,9999-01-01
232716,Manu,Bruckman,M,66737,9999-01-01
232722,Mitchel,Srimani,F,55443,9999-01-01
232727,Sastry,Jonsson,M,64543,9999-01-01
232748,Zorica,Ernst,F,40000,9999-01-01
232750,Fumitaka,Majewski,M,50390,9999-01-01
232753,Tadanori,Sudbeck,M,100993,9999-01-01
232758,Jeong,Kisuki,F,65212,9999-01-01
232142,Valter,Merli,M,40000,9999-01-01
232154,Kerhong,Steinauer,M,67022,9999-01-01
232802,Branimir,Riesenhuber,M,47113,9999-01-01
232808,Uriel,Ghalwash,F,40000,9999-01-01
232813,Chandrasekaran,Breugel,M,40000,9999-01-01
232817,Gio,Garigliano,M,40000,9999-01-01
232818,Sreenivas,Peck,F,40000,9999-01-01
232184,Persi,Weiland,F,40000,9999-01-01
232834,Chinhyun,Poehlman,M,40000,9999-01-01
232857,Ebbe,Swiss,F,76574,9999-01-01
232868,Tua,Suri,F,53801,9999-01-01
232878,Xinyu,Peroz,F,40845,9999-01-01
232880,Uli,Reutenauer,M,40000,9999-01-01
232882,Zhigen,Pepe,M,82153,9999-01-01
232883,Gita,Lorie,F,62549,9999-01-01
232888,Ennio,Comellas,M,43882,9999-01-01
232890,Alair,Herath,M,40000,9999-01-01
232893,Arif,Leonhardt,M,40000,9999-01-01
232897,Toney,Douceur,M,45363,9999-01-01
232907,Bernd,Christ,M,47728,9999-01-01
232911,Marin,Borstler,M,47135,9999-01-01
232918,Mayuko,Bultermann,F,64617,9999-01-01
232921,Ugo,Ravishankar,M,58012,9999-01-01
232933,Keung,Solovay,M,60920,9999-01-01
232947,Noritoshi,Meriste,F,58343,9999-01-01
232201,Weicheng,Baig,M,81443,9999-01-01
232977,Perla,Chenney,F,54497,9999-01-01
232995,Jixiang,Billawala,M,82110,9999-01-01
232203,Shaowei,Pollock,M,40000,9999-01-01
233010,Nirmal,Khamsi,F,43088,9999-01-01
233012,Yuchang,Reistad,M,40000,9999-01-01
233022,Adam,Bisiani,M,65738,9999-01-01
233030,Abdulah,Businaro,F,53542,9999-01-01
233040,Terresa,Weedon,F,45366,9999-01-01
232204,Mamdouh,Zastre,M,65338,9999-01-01
233048,Sailaja,Waterhouse,M,86832,9999-01-01
233056,Zhenhua,Yoshimura,M,84074,9999-01-01
232211,Demos,Nishimukai,M,83003,9999-01-01
233077,JoAnna,Georgatos,F,58508,9999-01-01
233079,Genta,Stranks,M,40000,9999-01-01
233097,Djenana,Olano,M,62261,9999-01-01
233099,Geraldo,Garigliano,M,73105,9999-01-01
233102,Zhilian,Garigliano,M,40000,9999-01-01
233115,Felicidad,Middleton,M,56383,9999-01-01
233118,Fusako,Otillio,F,40000,9999-01-01
233121,Lucian,Norsworthy,F,40000,9999-01-01
233126,Geoff,Kranzdorf,M,40000,9999-01-01
232220,Zengping,Hettesheimer,M,73191,9999-01-01
233136,Kauko,Ruther,F,48950,9999-01-01
233147,Yishai,Teitelbaum,F,44153,9999-01-01
233163,Jayson,Ginneken,M,81892,9999-01-01
233165,Mohan,Crooks,M,40000,9999-01-01
232230,Gay,Steinauer,M,40000,9999-01-01
232243,Manton,Encarnacion,M,49879,9999-01-01
233187,Lunjin,Czaja,M,58358,9999-01-01
233194,Masaki,Taneja,M,41489,9999-01-01
233212,Kazuhiro,Yurov,M,43816,9999-01-01
233366,Sajjad,Kieras,M,53138,9999-01-01
233250,Jayson,Hoogerwoord,F,96162,9999-01-01
233253,Kyoichi,Merli,M,45847,9999-01-01
233257,Mikhail,Waeselynck,F,86522,9999-01-01
233272,Trygve,Teitelbaum,F,40000,9999-01-01
233278,Berto,Eiron,F,44669,9999-01-01
233284,Isamu,Cannane,M,56865,9999-01-01
233314,Karoline,Luby,M,40000,9999-01-01
233330,Shuji,Spelt,M,51730,9999-01-01
233341,Serge,Lienhardt,F,40000,9999-01-01
233346,Serenella,Oehlmann,M,40000,9999-01-01
233354,Mingzeng,Bernick,M,40000,9999-01-01
233547,Masali,Dichev,M,97112,9999-01-01
233557,Boutros,Benveniste,M,40000,9999-01-01
233570,Jessie,Sridhar,M,51752,9999-01-01
233588,Gill,Genin,F,89133,9999-01-01
233591,Fox,Lunn,F,44924,9999-01-01
233594,Xiahua,Yamaashi,M,80687,9999-01-01
233602,Ulf,Aloia,M,59483,9999-01-01
233610,Mabo,Litzler,M,80097,9999-01-01
233613,Nigel,Masand,F,69544,9999-01-01
233647,Salvador,Thummel,F,84780,9999-01-01
233649,Fumiya,Gustavson,M,40000,9999-01-01
233652,Hatim,Auria,M,66535,9999-01-01
233653,Neelam,Chachaty,F,40000,9999-01-01
233659,Chenye,Swick,M,47483,9999-01-01
233375,Chrisa,Comte,M,46125,9999-01-01
233681,Adam,Fontet,M,40000,9999-01-01
233701,Shen,Nollmann,M,76431,9999-01-01
233706,Lansing,Mawatari,M,40000,9999-01-01
233385,Georgi,Kulisch,F,40000,9999-01-01
233388,Aluzio,Wendorf,F,50032,9999-01-01
233391,Eldridge,Preusig,F,59393,9999-01-01
233738,Candida,Mayerwieser,M,60623,9999-01-01
233745,Brendon,Schapire,M,40000,9999-01-01
233746,Janche,Yemenis,F,40000,9999-01-01
233749,Charlene,Beausoleil,M,69033,9999-01-01
233400,Vatsa,Rothenberg,M,53951,9999-01-01
233770,Moheb,Huxford,M,52489,9999-01-01
233783,Tse,Orlowska,M,40000,9999-01-01
233791,Hideyuki,Zhiwei,M,53647,9999-01-01
233798,Pranas,Feinberg,F,81597,9999-01-01
233800,Stepehn,Vingron,M,73028,9999-01-01
233810,Stevo,Peltason,F,45531,9999-01-01
233821,Lubomir,Salvesen,F,78964,9999-01-01
233822,Nathan,Mitchem,M,40000,9999-01-01
233828,Sariel,Vecchi,M,66540,9999-01-01
233834,Guiseppe,Mayerwieser,F,49856,9999-01-01
233835,Vincent,Onuegbe,F,62392,9999-01-01
233837,Filipp,Luef,M,40000,9999-01-01
233410,Munehiko,Kalsbeek,M,72219,9999-01-01
233858,Irena,Nivat,M,51854,9999-01-01
233878,Shigenori,Vanwelkenhuysen,M,57605,9999-01-01
233892,Tiina,Siochi,M,44266,9999-01-01
233429,Marjo,Kranzdorf,M,50139,9999-01-01
233899,Shan,Horswill,M,68832,9999-01-01
233431,Jingling,Flowers,M,49460,9999-01-01
233930,Gina,Quadeer,M,40000,9999-01-01
233934,Nimmagadda,Hanabata,M,53473,9999-01-01
233940,Visit,Khalil,M,40000,9999-01-01
233943,Seongbae,Theuretzbacher,F,57358,9999-01-01
233434,Vivian,Kinley,M,40000,9999-01-01
233953,Mona,Lindqvist,F,40000,9999-01-01
233958,Toney,Magliocco,M,59930,9999-01-01
233964,Luise,Merle,M,52071,9999-01-01
233966,Shimshon,Albarhamtoshy,F,89348,9999-01-01
233975,Werner,Leuchs,M,57554,9999-01-01
233981,Angel,Francisci,M,52266,9999-01-01
233443,Satosi,Barvinok,M,40000,9999-01-01
234007,Babette,Oskamp,M,40498,9999-01-01
234014,Yuqun,Schoegge,M,58796,9999-01-01
234015,Uwe,Hiltgen,F,47278,9999-01-01
234016,Katsuo,Sewelson,F,67854,9999-01-01
234025,Uta,Boyle,F,40000,9999-01-01
234031,Xudong,Hitomi,M,70814,9999-01-01
233451,Tommaso,Murrill,F,43964,9999-01-01
234045,Gift,Zschoche,F,56001,9999-01-01
234046,Guadalupe,Valtorta,F,70993,9999-01-01
234054,Janche,Cronan,M,64043,9999-01-01
234056,Udaiprakash,Perng,F,75103,9999-01-01
234066,Pranay,Haddadi,M,42941,9999-01-01
234084,Rance,Viele,F,62330,9999-01-01
234092,Mabry,Rusmann,M,41062,9999-01-01
234098,Saddek,Ulupinar,F,73194,9999-01-01
233464,Hsiangchu,Bach,M,50229,9999-01-01
234105,Bikash,Broder,M,68712,9999-01-01
233481,Nectarios,Talmon,F,40000,9999-01-01
234120,Heekeun,Ghazalie,M,60206,9999-01-01
234131,Arumugam,Ranka,M,58062,9999-01-01
234136,Leszek,Roison,M,47842,9999-01-01
234146,Felicidad,Molenaar,F,40000,9999-01-01
234151,Wayne,Ozeki,M,40000,9999-01-01
234153,Remzi,Beerel,M,40000,9999-01-01
234156,Mitchel,Montemayor,M,60237,9999-01-01
234157,Tsutomu,Codenie,F,51440,9999-01-01
234166,Isamu,Birke,F,81432,9999-01-01
234172,Make,Dulli,F,51062,9999-01-01
234179,Bangqing,Underwood,M,56755,9999-01-01
234181,Masali,Camarinopoulos,M,40000,9999-01-01
234185,Ramya,Asmuth,F,40000,9999-01-01
234208,Yucai,Horswill,F,52120,9999-01-01
234214,Yunming,Matzen,F,40000,9999-01-01
233484,Fatemeh,Segond,F,42601,9999-01-01
234230,Falguni,Waymire,F,47220,9999-01-01
234234,Edwin,Minakawa,M,40000,9999-01-01
234237,Falguni,Bugrara,F,50725,9999-01-01
234242,Lobel,Gien,M,51864,9999-01-01
234252,Eirik,Kavraki,M,87335,9999-01-01
234253,Subhash,Staylopatis,M,76111,9999-01-01
234256,Sadok,Kaminger,M,49899,9999-01-01
233489,Chaosheng,Kopetz,M,41656,9999-01-01
234281,Zito,Karnin,M,40000,9999-01-01
234282,Sasan,Rosis,M,50076,9999-01-01
233494,Basem,Chartres,M,40000,9999-01-01
233498,Snehasis,Eterovic,M,40000,9999-01-01
234300,Subhrajyoti,Beznosov,F,55647,9999-01-01
234307,Shin,Zaumen,M,40000,9999-01-01
234310,Bojan,Murtagh,F,68083,9999-01-01
234311,Fusako,Haddadi,M,63461,9999-01-01
234312,Zissis,Ruther,F,55167,9999-01-01
234317,Willard,Calkin,M,40000,9999-01-01
234326,Munehiko,Sherertz,F,40000,9999-01-01
234331,Cullen,Cherinka,M,40000,9999-01-01
234334,Kshitij,Kornatzky,M,72192,9999-01-01
234337,Masasuke,Thorensen,M,56745,9999-01-01
234347,Tomoyuki,Muchinsky,F,40000,9999-01-01
234357,Heather,Maraist,F,51166,9999-01-01
234358,Ioana,Ebeling,M,47535,9999-01-01
234361,Chiranjit,Kamber,M,48268,9999-01-01
233518,Utpal,Conry,F,45457,9999-01-01
234366,Goncalo,McFarlan,F,52239,9999-01-01
234374,Hairong,Shackell,F,66228,9999-01-01
234390,Mokhtar,Arlazarov,F,54686,9999-01-01
234394,Kazuhide,Sichman,F,84082,9999-01-01
234397,Tsz,Oskamp,F,40000,9999-01-01
234403,Indrajit,Georgatos,F,40000,9999-01-01
234417,Arunas,Kusakari,M,52178,9999-01-01
234427,Vasilis,Rosaz,M,58246,9999-01-01
234434,Otmar,Strandh,F,42302,9999-01-01
234438,Sreekrishna,Schnelling,F,59939,9999-01-01
234442,Marlo,Hutton,M,46995,9999-01-01
234452,Yifei,Schwabacher,F,53362,9999-01-01
234457,Arto,Stranks,M,52286,9999-01-01
234495,Zdislav,Ferriere,F,40000,9999-01-01
234500,Dmitry,Zockler,F,66624,9999-01-01
234501,Hisao,Capobianchi,F,40000,9999-01-01
234512,Kitty,Lortz,M,51898,9999-01-01
234515,Chriss,Eastman,M,42909,9999-01-01
234516,Unal,Peral,F,64258,9999-01-01
234524,Fai,Yemenis,M,40000,9999-01-01
234530,Mostafa,Swan,M,40000,9999-01-01
234552,Saniya,Tokunaga,M,40000,9999-01-01
234560,Oldrich,Georgatos,F,79242,9999-01-01
234562,Howell,Berztiss,M,50829,9999-01-01
234566,Moti,Assaf,M,40000,9999-01-01
234569,Shigeichiro,Serna,M,69258,9999-01-01
234591,Kshitij,Hemaspaandra,F,40000,9999-01-01
234601,Alexius,Lanzelotte,M,40000,9999-01-01
234603,Deniz,Ambroszkiewicz,F,40000,9999-01-01
234604,Patricia,Aingworth,M,47619,9999-01-01
234617,Dekang,Jenevein,M,40598,9999-01-01
234639,Morrie,Luck,M,50688,9999-01-01
234643,Arvind,Schaar,M,40000,9999-01-01
234663,Ravishankar,Kroon,F,48234,9999-01-01
234668,Basem,Loncour,M,53924,9999-01-01
234676,Yaghout,Valiente,M,56529,9999-01-01
234677,True,Juneja,M,53296,9999-01-01
234690,Dmitri,Bridgland,M,61316,9999-01-01
234694,Stamatina,Bernatsky,F,40000,9999-01-01
234699,Sachio,Azumi,M,40000,9999-01-01
234703,Deborah,Levasseur,M,58316,9999-01-01
234709,Lena,Chandrasekhar,M,58833,9999-01-01
234718,Jasminko,Assaf,M,40000,9999-01-01
234729,Collette,Kropatsch,M,40000,9999-01-01
234740,DeForest,Schaar,F,45891,9999-01-01
234756,Harjit,Hiltgen,M,57396,9999-01-01
234761,Lijia,Borstler,F,40000,9999-01-01
234782,Yuriy,Pehl,F,73482,9999-01-01
234797,Margo,Schoegge,F,40000,9999-01-01
234801,Jianhao,Perfilyeva,F,57278,9999-01-01
234802,Yinlin,Debuse,F,40000,9999-01-01
234804,Uriel,Sidou,F,40000,9999-01-01
234809,Jacqueline,Baalen,M,43823,9999-01-01
234813,Dietrich,Tagansky,M,46481,9999-01-01
234816,Filipe,Langford,M,51399,9999-01-01
234848,Xiaobin,Bael,F,40000,9999-01-01
234853,Insup,Szemeredi,M,40000,9999-01-01
234854,Marit,Sevcikova,M,86278,9999-01-01
234874,Conal,Cronin,M,53713,9999-01-01
234891,Ravishankar,Erez,M,42006,9999-01-01
234929,Tonia,Chepyzhov,F,65010,9999-01-01
234930,Basant,Erev,F,52784,9999-01-01
234932,True,Brodie,F,80717,9999-01-01
234934,Caolyn,Azumi,F,52985,9999-01-01
234941,Pohua,Ouhyoung,M,66765,9999-01-01
234962,Greger,Fujisaki,F,49911,9999-01-01
234979,Zejun,Dredge,M,40000,9999-01-01
234990,Mohamadou,Markovitch,M,61386,9999-01-01
234993,Wuxu,Schade,M,40000,9999-01-01
234995,Mori,Talmon,F,42496,9999-01-01
234996,Mark,Hasham,M,40000,9999-01-01
234998,Mayuko,Armand,F,46890,9999-01-01
235001,Anneke,Escriba,M,40000,9999-01-01
235018,Guozhong,Basawa,M,40000,9999-01-01
235019,Tooru,Peir,M,71634,9999-01-01
235024,Sariel,VanScheik,M,74905,9999-01-01
235028,Yucai,Juneja,F,40000,9999-01-01
235029,Satoru,Oaver,M,69773,9999-01-01
235057,Yinghua,Portugali,F,69969,9999-01-01
235062,Takahito,Mapelli,M,41653,9999-01-01
235063,Noritoshi,Schwartzburd,F,70093,9999-01-01
235078,Yoshinari,Ullian,M,48112,9999-01-01
235088,Gilbert,Mersereau,M,73803,9999-01-01
235098,Christ,Murtha,M,63959,9999-01-01
235110,Boriana,Biran,F,56847,9999-01-01
235115,Sandeepan,Byoun,M,44968,9999-01-01
235136,Parto,Azuma,M,43315,9999-01-01
235148,Mountaz,Rouquie,F,79869,9999-01-01
235177,Deborah,Petereit,F,65199,9999-01-01
235180,Mototsugu,Bade,F,59038,9999-01-01
235197,Abdelwaheb,Baig,F,46322,9999-01-01
235215,Toshimori,Fetvedt,F,40000,9999-01-01
235225,Aloke,Binding,M,49519,9999-01-01
235232,Ramzi,Spinelli,F,53359,9999-01-01
235236,Kotesh,Furudate,M,66177,9999-01-01
235245,Alassane,Denny,M,47907,9999-01-01
235263,Fusako,Apsitis,F,40000,9999-01-01
235267,Troy,Anido,M,51382,9999-01-01
235270,Nadjib,Matzke,F,40000,9999-01-01
235271,Gregory,Azuma,M,54518,9999-01-01
235275,Stafford,Perly,F,40000,9999-01-01
235282,Falguni,Munch,M,40000,9999-01-01
235285,Diederik,Morrey,F,45007,9999-01-01
235287,Arco,Glowinski,M,41015,9999-01-01
235291,Arto,Fontet,F,45862,9999-01-01
235317,Sorina,Gerteisen,F,79863,9999-01-01
235326,Abdelwaheb,Gustavson,M,66235,9999-01-01
235337,Gian,Sidou,F,40000,9999-01-01
235348,Jinya,Merro,M,69638,9999-01-01
235356,Uri,Hempstead,M,40000,9999-01-01
235359,Badri,Snyers,M,60824,9999-01-01
235364,Marie,Keohane,M,88610,9999-01-01
235366,Xinyu,Esteva,F,40000,9999-01-01
235367,Lucien,Wrigley,F,70719,9999-01-01
235371,Tzu,Merle,M,49435,9999-01-01
235377,Guther,Kusalik,F,83863,9999-01-01
235382,Ghassan,Pillow,M,74123,9999-01-01
235386,Eirik,Egerstedt,M,40000,9999-01-01
235393,Mara,Gill,F,57065,9999-01-01
235394,Visit,Ecklund,M,40000,9999-01-01
233520,Magdalena,Ghazalie,F,82880,9999-01-01
235400,Tristan,England,F,40000,9999-01-01
235404,Chinho,Stentiford,F,68426,9999-01-01
233523,Shaowen,Lorcy,M,80750,9999-01-01
235425,Deborah,Schiper,F,49285,9999-01-01
233526,Yuchang,Comyn,M,40000,9999-01-01
235450,Hidekazu,Mawatari,M,56599,9999-01-01
235454,Guadalupe,Lally,M,51814,9999-01-01
235460,Inderjeet,Giarratana,F,57434,9999-01-01
233527,Chenye,Woycyznski,M,49965,9999-01-01
235475,Kiyotoshi,Eldridge,M,62254,9999-01-01
235482,Babette,Poulakidas,F,65625,9999-01-01
235486,Tse,Bahr,M,44307,9999-01-01
235488,Tommaso,Reinhart,F,40000,9999-01-01
233531,Along,Cullers,F,40000,9999-01-01
235506,Jaber,Shokrollahi,M,40000,9999-01-01
235512,Bodh,Ranka,F,40000,9999-01-01
235524,Jolita,Itzigehl,M,90544,9999-01-01
235545,Fatemeh,Collette,M,40000,9999-01-01
235548,Muneo,Nanard,F,40000,9999-01-01
235558,Lein,Billawala,M,40000,9999-01-01
235562,Doohun,Beerel,M,70256,9999-01-01
235565,Suvo,Hopewell,F,40000,9999-01-01
235566,Xuedong,Kleiser,M,61109,9999-01-01
235568,Izaskun,Trachtenberg,M,61258,9999-01-01
235570,Suzette,Swist,M,50341,9999-01-01
235573,Adil,Stamatiou,M,62788,9999-01-01
235594,Yannik,Heemskerk,F,48985,9999-01-01
235597,Makato,Kobara,M,40000,9999-01-01
235601,Fun,Angel,F,40000,9999-01-01
235605,Aron,Rajaraman,M,40000,9999-01-01
235608,Jiong,Vadhan,M,40000,9999-01-01
235609,Aamer,Talmor,M,53897,9999-01-01
235643,Bernardo,Gyimothy,F,58856,9999-01-01
235645,Mona,Carrere,F,107299,9999-01-01
235658,Adil,Gyorkos,M,57958,9999-01-01
235659,Hideyuki,Lanzelotte,M,51011,9999-01-01
235661,Along,Menhardt,M,81857,9999-01-01
235665,Geraldo,Lukaszewicz,M,41033,9999-01-01
235678,Lenore,Tomescu,M,79110,9999-01-01
235684,Horward,Georgatos,M,48577,9999-01-01
235706,Shuichi,Fendler,F,40000,9999-01-01
235708,Jayesh,Backhouse,M,40000,9999-01-01
235710,Sachem,Bonifati,M,82460,9999-01-01
235720,Wilmer,Lores,F,40000,9999-01-01
235731,Rosalyn,Gill,M,40000,9999-01-01
235735,Miquel,Lagarias,F,40000,9999-01-01
235740,Arco,Baer,M,86294,9999-01-01
233538,Sasan,Delgrossi,F,44152,9999-01-01
235773,Georgi,Schonegge,F,47507,9999-01-01
235775,Chriss,Driscoll,M,90098,9999-01-01
235776,Christoph,Brickell,F,40000,9999-01-01
233539,Sumant,Rossi,M,52167,9999-01-01
235786,Przemyslawa,Schlumberger,F,73252,9999-01-01
235790,Shigehiro,Hofting,M,44937,9999-01-01
235800,Huan,Belinskaya,M,40000,9999-01-01
235951,Gen,Unno,M,44496,9999-01-01
235826,Frazer,Kolinko,F,67284,9999-01-01
235834,Kish,Ducloy,M,65274,9999-01-01
235837,Danai,Cannata,M,40000,9999-01-01
235841,Stafford,Ibel,M,40594,9999-01-01
235862,Neven,Openshaw,F,68577,9999-01-01
235884,Berry,Ishibashi,F,44759,9999-01-01
235957,Kwangho,Ulupinar,M,57563,9999-01-01
235899,Toshiko,Picht,M,49109,9999-01-01
235905,Zeljko,Riefers,F,79462,9999-01-01
235908,Eckart,Denti,M,40000,9999-01-01
235980,Cullen,Serre,M,57748,9999-01-01
235937,Moto,Atchley,M,48437,9999-01-01
236015,Matt,Kroll,M,52460,9999-01-01
236154,Shmuel,Demeyer,M,65424,9999-01-01
236168,Kyoichi,Hopewell,F,50730,9999-01-01
236185,Waiman,Rosen,M,65159,9999-01-01
236187,Bokyung,Pollock,F,45247,9999-01-01
236190,Ugo,Lichtner,M,49175,9999-01-01
236192,Abdelkader,Whitcomb,F,49430,9999-01-01
236203,Shahab,Suermann,F,40000,9999-01-01
236208,Mayuri,Plavsic,M,55572,9999-01-01
236224,Jolita,Iisaka,M,41857,9999-01-01
236228,Gal,Baez,F,40000,9999-01-01
236236,Pranjal,Melichar,M,40000,9999-01-01
236243,Jinxi,Daescu,F,60650,9999-01-01
236246,Hidekazu,Pena,M,51006,9999-01-01
236247,Chaitali,Staudhammer,F,48540,9999-01-01
236258,Goh,Shackell,M,49934,9999-01-01
236259,Baruch,Mondadori,F,79189,9999-01-01
236267,Uriel,Remmele,M,45148,9999-01-01
236272,Chirstian,Litvinov,M,40000,9999-01-01
236285,Takahito,Erni,F,40000,9999-01-01
236286,Kasturi,Sidou,F,45964,9999-01-01
236287,Babette,Butner,F,54790,9999-01-01
236290,Ingmar,Sichman,F,40000,9999-01-01
236293,Brendon,Rosiles,F,40836,9999-01-01
236294,Christ,Khalil,M,47072,9999-01-01
236299,Jeane,Vingron,M,59511,9999-01-01
236303,Wilmer,Michaels,M,40000,9999-01-01
236019,Nishit,Gerlach,M,66788,9999-01-01
236038,Aiichiro,Alpin,M,40000,9999-01-01
236328,Chinhyun,Nations,F,40000,9999-01-01
236329,Bodo,Rosay,M,46501,9999-01-01
236331,Golgen,Pettit,M,75322,9999-01-01
236332,Jeanne,Berstel,F,61432,9999-01-01
236373,Mahendra,Fujisaki,M,59281,9999-01-01
236381,Breannda,Stavenow,M,72950,9999-01-01
236383,Magdalena,Figueira,M,40000,9999-01-01
236386,Jiong,Yetto,F,40000,9999-01-01
236041,Girolamo,Nergos,F,66702,9999-01-01
236396,Zhonghui,Spataro,F,54241,9999-01-01
236398,Satyanarayana,Ciolek,M,43762,9999-01-01
236413,Elzbieta,Awdeh,M,59649,9999-01-01
236414,Shigehiro,Barbanera,M,40000,9999-01-01
236417,Nikolaus,Beilner,F,68215,9999-01-01
236050,Yoshinari,Marchesini,M,64245,9999-01-01
236441,Salvador,Bednarek,M,58465,9999-01-01
236447,Achilleas,Vasanthakumar,M,59038,9999-01-01
236451,Taegyun,Mahmud,F,40000,9999-01-01
236466,Yinghua,Krohn,F,54563,9999-01-01
236062,Constantijn,Joslin,M,40000,9999-01-01
236496,Dhritiman,Lyonns,M,40000,9999-01-01
236067,Radoslaw,Collette,F,47781,9999-01-01
236508,Subir,Salinas,M,42833,9999-01-01
236083,Marl,Scharstein,M,48235,9999-01-01
236555,Adamantios,Luga,M,61592,9999-01-01
236557,Zhonghua,Markovitch,F,41022,9999-01-01
236558,Rosalie,Asmuth,F,40000,9999-01-01
236105,Genevieve,Kleiser,M,40000,9999-01-01
236574,Jacqueline,Munch,F,54092,9999-01-01
236581,Gurbir,Oxenboll,M,75528,9999-01-01
236602,Temple,Baak,M,75448,9999-01-01
236607,Geraldo,Lorcy,M,75030,9999-01-01
236609,Denny,Luks,F,52850,9999-01-01
236615,Geoffrey,Kuszyk,M,58290,9999-01-01
236634,Mohd,Falster,F,54855,9999-01-01
236652,Kayoko,Sidje,M,69774,9999-01-01
236118,Aleksandar,Conti,M,41991,9999-01-01
236119,Emran,Schwartzburd,F,84041,9999-01-01
236125,Abdulah,Jumpertz,F,59417,9999-01-01
236696,Xiaoheng,Cappelli,F,51766,9999-01-01
236698,Kokou,Ramaiah,F,40000,9999-01-01
236126,Steve,Thambidurai,F,43617,9999-01-01
236708,Pascal,Bennet,M,70431,9999-01-01
236727,Duri,Staylopatis,M,78534,9999-01-01
236878,Lech,Savasere,M,75774,9999-01-01
236732,Gladys,Thiria,M,43941,9999-01-01
236733,Ziva,Pero,F,58380,9999-01-01
236740,Shahaf,Bergere,M,41743,9999-01-01
236743,Muneo,Terwilliger,F,40000,9999-01-01
236764,Ibibia,Ulupinar,F,46095,9999-01-01
236767,Faiza,Stifter,M,40814,9999-01-01
236787,Suebskul,Rathonyi,M,63515,9999-01-01
236795,Arno,Trystram,F,41363,9999-01-01
236812,Xiaoheng,Azadmanesh,F,64704,9999-01-01
236837,Mabhin,Qiwen,F,49932,9999-01-01
236848,Vincent,Marwedel,F,40102,9999-01-01
236856,JoAnne,Couchot,M,45157,9999-01-01
236858,Haldun,Bharadwaj,M,40000,9999-01-01
236860,Jaewoo,Skafidas,M,55329,9999-01-01
237064,Shrikanth,Frezza,M,49635,9999-01-01
237073,Cheong,Moehrke,F,40000,9999-01-01
237078,Khalid,Braccini,F,40000,9999-01-01
237085,Sedat,Cesareni,M,40000,9999-01-01
237093,Demos,Ranum,M,40000,9999-01-01
237095,Babette,Luck,M,40000,9999-01-01
237110,Yishay,Bardell,M,40000,9999-01-01
237134,Nitsan,Aloisi,F,48296,9999-01-01
237136,Stabislas,Poulakidas,M,60705,9999-01-01
237142,Dung,Schiper,M,40000,9999-01-01
237153,Douadi,Lukaszewicz,M,40000,9999-01-01
237154,Makato,Bardell,M,61073,9999-01-01
237156,Khedija,Berendt,M,40000,9999-01-01
237158,Shaowei,Hertweck,F,66731,9999-01-01
237159,KayLiang,Turnbull,M,40000,9999-01-01
237160,Akeno,Rande,M,83546,9999-01-01
237175,Adil,Reutenauer,F,53992,9999-01-01
237178,Kiyokazu,Anick,F,48903,9999-01-01
237179,Leen,Ernst,M,54027,9999-01-01
237186,Mingzeng,Selenyi,M,55573,9999-01-01
237187,Prodip,Ariola,F,70522,9999-01-01
237193,Premal,Birjandi,F,40000,9999-01-01
237202,Hongzhu,Hettesheimer,M,67823,9999-01-01
236936,Hironobu,Schusler,M,40000,9999-01-01
237221,Magy,Krohm,F,40000,9999-01-01
237227,Jasminko,Baba,M,40000,9999-01-01
237234,Martins,Stavenow,M,53757,9999-01-01
237240,Jianhua,Trumbly,M,56743,9999-01-01
237253,Jianhao,Bisiani,F,74532,9999-01-01
237262,Jagoda,Otillio,F,56928,9999-01-01
237263,Jaroslava,Nivat,M,40000,9999-01-01
237291,Jackson,Gecsei,F,44109,9999-01-01
237303,LiMin,Herbst,M,40000,9999-01-01
237310,Beshir,Polajnar,M,40000,9999-01-01
237324,Susanna,Lorin,M,50399,9999-01-01
237325,Jayson,Passino,M,62274,9999-01-01
237337,Heekeun,Vuskovic,M,69278,9999-01-01
237343,Ottavia,Zolotykh,F,58778,9999-01-01
237348,Dhritiman,Imataki,M,40000,9999-01-01
237364,Lunjin,Birsak,M,40000,9999-01-01
237365,Aram,Syrzycki,M,40000,9999-01-01
237376,Takanari,Diderrich,M,49056,9999-01-01
236938,Elgin,dAstous,M,70270,9999-01-01
236957,Marsal,Matzen,M,50525,9999-01-01
237418,Arvind,Stiles,F,72517,9999-01-01
237419,Bernd,Trachtenberg,F,53503,9999-01-01
236972,Nishit,Ouhyoung,M,69064,9999-01-01
237445,Beshir,Furedi,M,49551,9999-01-01
237449,Zita,Edelhoff,F,40000,9999-01-01
237460,Masami,Ramsey,M,43009,9999-01-01
237463,Becky,Buescher,F,52885,9999-01-01
237472,Rosita,Grospietsch,F,40000,9999-01-01
237474,Tetsurou,Poulakidas,M,41814,9999-01-01
237476,Khalil,Vilarrasa,M,52035,9999-01-01
237477,Werner,Lindqvist,F,53183,9999-01-01
237479,Patricio,Comyn,F,41618,9999-01-01
237480,Achilleas,Ranai,M,40000,9999-01-01
237483,Morrie,Zumaque,M,40000,9999-01-01
237488,Padma,Ishibashi,F,51911,9999-01-01
237497,Turgut,Stavenow,F,40000,9999-01-01
237499,Shichao,Vickson,F,55887,9999-01-01
237512,Guozhong,Berztiss,F,68339,9999-01-01
237519,Mayuri,Pearson,M,52770,9999-01-01
236995,Mari,Brender,M,40000,9999-01-01
237536,Candida,Horswill,F,40000,9999-01-01
237537,Avishai,Jarecki,M,44606,9999-01-01
237542,Weicheng,Hatcliff,F,108963,9999-01-01
237546,Guttorm,Clemencon,M,61298,9999-01-01
237548,Khalil,Cappelletti,F,61731,9999-01-01
237557,Katsuyuki,Orlowska,M,40000,9999-01-01
237558,Nikolaos,Riefers,F,56979,9999-01-01
237570,Ennio,Perng,M,55597,9999-01-01
237571,Ronghao,Schaad,M,45528,9999-01-01
237572,Jiong,Codenie,M,59249,9999-01-01
237576,Alper,Andreotta,M,40000,9999-01-01
237581,Jiang,Szemeredi,M,76279,9999-01-01
237585,Elzbieta,Kawashima,F,81223,9999-01-01
237591,Halsur,Serov,F,40000,9999-01-01
237598,Tse,Ghelli,M,43050,9999-01-01
236997,Moss,Peral,M,57741,9999-01-01
237008,Giap,Roisin,M,40000,9999-01-01
237638,JoAnne,Kaminger,M,40000,9999-01-01
237643,Premsyl,Begiun,F,71029,9999-01-01
237658,Indrajit,Baik,F,52856,9999-01-01
237663,Junsik,Onuegbe,F,65958,9999-01-01
237666,Geoffrey,Ranze,F,63937,9999-01-01
237671,Reinhard,Cangellaris,M,59199,9999-01-01
237673,Gio,Reistad,M,40000,9999-01-01
237679,Ramalingam,Chaudhury,M,44361,9999-01-01
237681,Shem,Berztiss,M,46689,9999-01-01
237012,Berhard,Narwekar,M,43723,9999-01-01
237706,Candido,Provine,M,40000,9999-01-01
237717,Owen,Heping,M,40000,9999-01-01
237724,Fumiyo,Birch,F,40000,9999-01-01
237730,Hatsukazu,Domenig,M,40000,9999-01-01
237022,Ibibia,Gopalakrishnan,F,40000,9999-01-01
237740,Fan,Birrer,F,41659,9999-01-01
237741,Jovan,Sankaranarayanan,M,40000,9999-01-01
237767,Sanjay,Kalefeld,M,47865,9999-01-01
237769,Herb,Daescu,F,55234,9999-01-01
237773,Eberhardt,Iwayama,M,50863,9999-01-01
237777,Anneli,Fiebach,F,70035,9999-01-01
237787,Bernardo,Isaac,F,40000,9999-01-01
237790,Yannik,Bierbaum,F,41788,9999-01-01
237794,Fei,Morrin,F,94146,9999-01-01
237047,Akeel,Peres,F,85866,9999-01-01
237803,Lihong,Baranowski,M,49449,9999-01-01
237820,Jiakeng,Rosiles,M,78384,9999-01-01
237831,Pramod,Oaver,M,45187,9999-01-01
237995,Irene,Rassart,M,56629,9999-01-01
237863,Manohar,Kushnir,M,40000,9999-01-01
237874,Otmar,Castellani,M,48262,9999-01-01
237892,Pohua,Dechter,F,52594,9999-01-01
237894,Jiang,Dalton,F,78749,9999-01-01
237900,Elgin,Rajala,F,40000,9999-01-01
237917,Kendra,Schaad,M,51828,9999-01-01
237923,Gudjon,Straney,M,40000,9999-01-01
237930,Constantijn,Luef,M,61991,9999-01-01
237959,Van,Huxford,M,46953,9999-01-01
237965,Toong,Solovay,M,40000,9999-01-01
237971,Seongbin,Steenbeek,M,45975,9999-01-01
238004,Mariusz,Reeken,M,64928,9999-01-01
238008,Owen,Kornatzky,M,47094,9999-01-01
238172,Radhia,Vuskovic,M,85072,9999-01-01
238173,Lucian,Rathonyi,F,45008,9999-01-01
238177,Falguni,Hertweck,M,52270,9999-01-01
238018,Amabile,Radhakrishnan,M,40000,9999-01-01
238200,Alair,Molenkamp,M,48211,9999-01-01
238202,Waiman,Nilsson,F,67058,9999-01-01
238226,Nobuyoshi,Wursthorn,M,57699,9999-01-01
238244,Richara,Rosca,F,64012,9999-01-01
238245,Richard,Diderrich,F,45251,9999-01-01
238275,Huai,Middleton,M,40000,9999-01-01
238290,Freyja,Awdeh,F,41309,9999-01-01
238298,Prasadram,Cunliffe,M,40000,9999-01-01
238302,Yishay,Kushnir,M,40000,9999-01-01
238316,Kamran,Grospietsch,M,43709,9999-01-01
238342,Filipp,Wielonsky,M,56521,9999-01-01
238355,Roddy,Marzano,F,40342,9999-01-01
238357,Yuriy,Miara,F,43461,9999-01-01
238360,Demin,Basawa,M,104716,9999-01-01
238372,Yuriy,Harbusch,M,40000,9999-01-01
238386,Vasilii,Munro,M,53862,9999-01-01
238389,Etsuo,Perfilyeva,M,74957,9999-01-01
238021,Marjo,Prochazka,F,40000,9999-01-01
238406,Conor,Wegerle,M,99364,9999-01-01
238032,Filipe,Srimani,F,41111,9999-01-01
238039,Ekawit,Eppinger,F,68800,9999-01-01
238475,Fox,Jarecki,M,59655,9999-01-01
238476,Khalid,Lanzelotte,M,59421,9999-01-01
238498,Heon,Macedo,M,50126,9999-01-01
238504,Baruch,Fiebach,F,61484,9999-01-01
238505,Falguni,Camurati,F,71621,9999-01-01
238508,Sahrah,Schach,F,45912,9999-01-01
238041,Qiwen,Leslie,M,40000,9999-01-01
238531,Ugo,Birdsall,M,48884,9999-01-01
238535,Pranay,Kilgour,M,40000,9999-01-01
238537,Tomofumi,Bellone,F,50604,9999-01-01
238538,Fumitaka,Pehl,M,52769,9999-01-01
238044,Leen,Conti,M,56898,9999-01-01
238047,Renee,Krohn,F,50648,9999-01-01
238548,Masato,Zhang,M,40000,9999-01-01
238049,Subhrajyoti,Undy,F,72718,9999-01-01
238578,Neelam,Uhrig,M,75247,9999-01-01
238053,Lein,Baca,F,92059,9999-01-01
238599,Tokuyasu,Breugel,F,58429,9999-01-01
238605,Pranay,Negoita,F,43410,9999-01-01
238615,Masaru,Falby,F,40000,9999-01-01
238619,Badri,Benantar,M,44724,9999-01-01
238625,Filipe,Schusler,M,40000,9999-01-01
238643,Fumiko,Anido,F,40000,9999-01-01
238644,Sanjoy,Jiang,F,40000,9999-01-01
238056,Fumiyo,Vakili,M,54771,9999-01-01
238653,Greger,Segond,F,41804,9999-01-01
238659,Khalil,Zirintsis,F,40000,9999-01-01
238669,Masako,Rosenbaum,M,46456,9999-01-01
238684,Jahangir,Asmuth,M,40955,9999-01-01
238066,Florina,Steinauer,M,40000,9999-01-01
238689,Maha,Mamelak,M,51046,9999-01-01
238696,Lorien,Gecseg,M,69344,9999-01-01
238700,Arch,Hebden,M,72769,9999-01-01
238709,Mayuri,Chappelet,M,55332,9999-01-01
238717,Mario,Kumaresan,F,47018,9999-01-01
238072,Oksana,Karnin,F,40000,9999-01-01
238743,Paraskevi,Rabehasaina,M,73071,9999-01-01
238749,Cordelia,Hebert,M,40000,9999-01-01
238752,Aluzio,Acton,M,53403,9999-01-01
238078,Fumiyo,Peroz,M,61433,9999-01-01
238764,Fen,Candan,M,46643,9999-01-01
238769,Freyja,Ducloy,F,40000,9999-01-01
238777,Nimmagadda,Luiz,M,53249,9999-01-01
238787,Berto,Bennis,M,45136,9999-01-01
238791,Deniz,Kroll,M,40000,9999-01-01
238800,Make,Ferretti,M,52691,9999-01-01
238804,Teunis,Oskamp,M,40000,9999-01-01
238100,Koldo,Burnard,M,40000,9999-01-01
238813,Shaz,Marsiglia,M,40000,9999-01-01
238836,Gopalakrishnan,Merlo,M,61992,9999-01-01
238847,Barton,Buchter,F,40000,9999-01-01
238848,Ohad,Randt,M,40000,9999-01-01
238855,Mohit,Gewali,F,48195,9999-01-01
238865,Ebru,Standera,M,58889,9999-01-01
238867,Visit,Sigstam,M,72604,9999-01-01
238869,Alagu,Glinert,M,41307,9999-01-01
238870,Ashish,Lowrie,F,40000,9999-01-01
238880,Atreye,Heyers,M,42721,9999-01-01
238886,Holgard,Hanratty,M,54234,9999-01-01
238891,Nitsan,Sudkamp,M,40000,9999-01-01
238900,Yaghout,Furedi,M,40000,9999-01-01
238907,Ashish,Douceur,F,48046,9999-01-01
238105,Mikhail,Socorro,M,40885,9999-01-01
238131,Wojceich,Besselaar,M,74787,9999-01-01
238920,Khatoun,Perly,F,40000,9999-01-01
238934,Evgueni,Bardell,M,40000,9999-01-01
238935,Janalee,Jakobus,F,66668,9999-01-01
238967,Fei,Jansen,M,40000,9999-01-01
238968,Freyja,Jonsson,M,40000,9999-01-01
238978,Shuichi,Cappelli,F,42646,9999-01-01
238982,Vitali,Oxman,M,40000,9999-01-01
238985,Pramod,Emden,M,40000,9999-01-01
238992,Fox,Hiyoshi,M,54017,9999-01-01
238997,Yuuichi,Knightly,M,66761,9999-01-01
239004,Peer,Farrag,M,40000,9999-01-01
239013,Alassane,Lamparter,M,40000,9999-01-01
239019,Itzchak,Demir,M,40337,9999-01-01
239021,Christ,Foong,F,74128,9999-01-01
239022,Maik,Selenyi,F,42561,9999-01-01
238149,Adib,Rothe,M,42785,9999-01-01
239065,Akhilish,Braunmuhl,M,70888,9999-01-01
239066,Stafford,Pesch,F,47299,9999-01-01
239074,Chenyi,Koprowski,F,53772,9999-01-01
239078,Szabolcs,Narwekar,F,47445,9999-01-01
239087,Yishai,Birjandi,M,83757,9999-01-01
239094,Hatim,Montresor,M,52357,9999-01-01
238155,Adil,Nittel,M,50513,9999-01-01
239096,Kwan,Highland,M,40467,9999-01-01
239097,Sungwon,Ratnaker,F,40000,9999-01-01
239108,Shigehito,Thombley,M,73118,9999-01-01
239115,Arra,Bratsberg,M,40000,9999-01-01
239116,DeForest,Silva,F,40000,9999-01-01
239121,Sumant,Beidas,F,41401,9999-01-01
239134,Moss,Magalhaes,F,52313,9999-01-01
239137,Shaz,Wynblatt,M,42858,9999-01-01
239139,Kristinn,Varman,F,97856,9999-01-01
239146,Duke,Kakkad,M,65736,9999-01-01
239153,Sanjoy,Lorcy,M,40000,9999-01-01
239160,Chiranjit,Kornatzky,M,40000,9999-01-01
239163,Duro,Wossner,F,40000,9999-01-01
239166,Elliott,Isard,M,41388,9999-01-01
238159,Toshiki,Schicker,M,64433,9999-01-01
239172,Yinghua,Picel,M,42065,9999-01-01
239173,Mitchel,Vandervoorde,F,79202,9999-01-01
239184,Jinpo,Luce,F,63460,9999-01-01
239185,Luigi,Giaccio,M,81931,9999-01-01
239188,Sanjeeva,Lunn,M,40000,9999-01-01
239196,Horward,Onuegbe,F,40000,9999-01-01
239204,Sadegh,Cannard,M,64354,9999-01-01
239205,Masasuke,Brizzi,F,64647,9999-01-01
239223,Aria,Meszaros,F,54471,9999-01-01
238160,Edwin,Merks,F,87115,9999-01-01
239230,Chirstian,Cannard,M,49227,9999-01-01
238164,Perry,Sullins,F,88301,9999-01-01
239256,Kazunori,Passino,F,51317,9999-01-01
239261,Shem,Pileggi,M,43824,9999-01-01
239269,Angus,Linares,M,41267,9999-01-01
239273,Martine,Murtafg,F,47458,9999-01-01
239287,Mario,Katiyar,F,48533,9999-01-01
239294,Valter,Peot,F,50842,9999-01-01
239295,Pragnesh,Orlowska,F,83047,9999-01-01
239303,Arne,Rathonyi,M,56023,9999-01-01
239325,Fox,Perz,F,47648,9999-01-01
239326,Aloys,Heping,F,41251,9999-01-01
239332,Nimmagadda,Bael,F,79509,9999-01-01
239338,Nitsan,Polupanov,M,71983,9999-01-01
239341,Shigehiro,Gecsei,M,63056,9999-01-01
239350,Marlo,Peltason,M,88001,9999-01-01
239353,Francoise,Wynblatt,F,52917,9999-01-01
239362,Susumu,Lorin,M,71392,9999-01-01
239365,Hsiangchu,Bratten,F,76744,9999-01-01
239377,Geraldo,McFarlan,M,76568,9999-01-01
239382,Sanjoy,Oberman,M,40072,9999-01-01
239393,Sanjay,Demian,M,40000,9999-01-01
239401,Bernardo,Denny,F,40000,9999-01-01
239414,Sverrir,Renear,F,98361,9999-01-01
239423,Hongzue,Gyimothy,M,66899,9999-01-01
239430,Shrikanth,Weedman,M,40000,9999-01-01
239443,Teruyuki,Ouhyoung,F,49950,9999-01-01
239446,Uriel,Yetim,M,79344,9999-01-01
239462,Masadi,Iisaka,F,40475,9999-01-01
239463,Arve,Tagansky,M,57877,9999-01-01
239653,Elrique,Emmart,F,53138,9999-01-01
239471,Marl,Range,F,48697,9999-01-01
239477,Chinya,Tsunoo,F,40813,9999-01-01
239481,Youjian,Winter,F,40000,9999-01-01
239482,Duri,Burnard,M,51665,9999-01-01
239494,Ramachenga,Stifter,F,40000,9999-01-01
239495,Saeed,Stemann,M,68937,9999-01-01
239499,Bouchung,Zedlitz,F,84394,9999-01-01
239503,Clyde,Schauser,M,44240,9999-01-01
239537,Valter,Thummel,M,49306,9999-01-01
239539,Shaz,Hedayat,F,40000,9999-01-01
239550,Pragnesh,Birnbaum,M,42043,9999-01-01
239556,Gilbert,Irland,M,43879,9999-01-01
239671,Koldo,Ranum,F,63547,9999-01-01
239586,Kayoko,Unno,M,47987,9999-01-01
239594,Radhika,Callaway,M,48436,9999-01-01
239598,Taiji,Rosch,F,56485,9999-01-01
239641,Yannik,Eickenmeyer,M,60357,9999-01-01
239642,Mara,Belinskaya,M,49364,9999-01-01
239648,Fun,Birsak,F,81152,9999-01-01
239650,Yuuichi,Furudate,M,51774,9999-01-01
239685,Houman,Tagansky,F,41550,9999-01-01
239846,Cristinel,Beilner,M,40000,9999-01-01
239689,Susanta,Cooman,M,61273,9999-01-01
239853,Chaoyi,Koprowski,M,52352,9999-01-01
239866,Divine,Denny,M,40000,9999-01-01
239871,Xiaopeng,Hatcliff,M,58777,9999-01-01
239873,Mohd,Baaz,M,47475,9999-01-01
239711,Arun,Lagarias,F,51399,9999-01-01
239896,Shuzo,Hasenauer,F,81360,9999-01-01
239904,Marsja,Caine,M,42585,9999-01-01
239912,Bartek,Litzler,M,63804,9999-01-01
239917,Soenke,Christ,F,40000,9999-01-01
239921,Teiji,Siprelle,M,56241,9999-01-01
239922,Teunis,Feldmann,F,46861,9999-01-01
239925,Hugo,Ellozy,F,40000,9999-01-01
239927,Theron,Riefers,M,74609,9999-01-01
239939,Uli,Bazelow,F,65164,9999-01-01
239944,Mariangiola,Fritzsche,F,80002,9999-01-01
239955,Pantung,Gihr,M,56387,9999-01-01
239979,Radhia,Radwan,M,54720,9999-01-01
239718,Shaunak,Docker,M,79853,9999-01-01
239989,Tsvetan,Vakili,M,40000,9999-01-01
239995,Kotesh,Simmel,M,40000,9999-01-01
240014,Manibrata,Swiler,M,40000,9999-01-01
239720,Karoline,Pehl,F,56228,9999-01-01
239721,Ramzi,Crouzet,M,40000,9999-01-01
239724,Ramachenga,Eugenio,M,55859,9999-01-01
239729,Lijie,Rousseau,F,84211,9999-01-01
240055,Bernice,Kumaresan,M,57982,9999-01-01
240060,Anwar,Reinhard,M,56785,9999-01-01
240062,Lucian,Maquelin,M,67436,9999-01-01
239735,Marit,Bhattacharjee,M,40000,9999-01-01
240083,Huan,Kroon,M,40726,9999-01-01
240086,Demos,Tasistro,M,61367,9999-01-01
240094,Maria,Daescu,M,68034,9999-01-01
240097,Godehard,Kitai,M,46014,9999-01-01
240112,Subbu,Marciano,F,41670,9999-01-01
239738,Arfst,Suessmith,M,40000,9999-01-01
240129,Roddy,Karnin,M,43548,9999-01-01
240134,Lidong,Mattern,M,56591,9999-01-01
240135,Kwok,Gien,F,41527,9999-01-01
240140,Kristina,Setlzner,M,40000,9999-01-01
240141,Hisao,Emmart,M,73338,9999-01-01
240143,Tremaine,Demri,M,68828,9999-01-01
240146,Joydip,Orlowski,F,40000,9999-01-01
240156,Hisao,Heijenga,F,45301,9999-01-01
240160,Abdelghani,Clouatre,F,43851,9999-01-01
240163,Shugo,Ghazalie,F,46598,9999-01-01
239745,Giao,Aingworth,M,40000,9999-01-01
240196,Xianlong,Vigier,M,65414,9999-01-01
240204,Duke,Vandervoorde,M,40000,9999-01-01
239749,Limsoon,Barinka,F,44938,9999-01-01
240208,Eishiro,Dusink,F,71173,9999-01-01
240217,Ger,Akiyama,M,73188,9999-01-01
240218,Yonghong,Akazan,M,40138,9999-01-01
240228,Sangeeta,Lubachevsky,F,62552,9999-01-01
239756,Leif,Coors,M,40000,9999-01-01
240241,Aimee,Ginesta,F,56169,9999-01-01
240260,Fumiya,Herber,F,55067,9999-01-01
240268,Masanao,Iwayama,F,40000,9999-01-01
239762,Kamakshi,Szemeredi,M,65637,9999-01-01
240289,Jeane,Sidhu,M,53173,9999-01-01
240308,Jordanka,Beeson,M,40000,9999-01-01
240309,Roselyn,Angel,M,46108,9999-01-01
240313,Sandeepan,Krupka,F,48287,9999-01-01
239782,Indrajit,Shackel,M,66165,9999-01-01
240341,Constantijn,Vendrig,M,40000,9999-01-01
240344,Sarita,Koyama,F,40000,9999-01-01
240352,Rimon,Rubsam,M,40000,9999-01-01
240356,Oscar,Mondadori,M,40000,9999-01-01
240360,Mary,Pelz,F,66575,9999-01-01
240367,Amabile,Yetim,F,74917,9999-01-01
240378,Rimli,Trachtenberg,M,46466,9999-01-01
240382,Zengping,Egerstedt,F,40000,9999-01-01
239798,Uzi,Trystram,F,89892,9999-01-01
240404,Gererd,Swen,M,40000,9999-01-01
240407,Jaewoo,Gilg,M,43917,9999-01-01
240414,Aran,Maquelin,F,40000,9999-01-01
240418,Behnaam,Solares,F,40000,9999-01-01
239802,Elvis,Isard,M,48731,9999-01-01
240441,Luise,Prampolini,M,62999,9999-01-01
239806,Byong,Kadhim,F,89284,9999-01-01
240469,Harngdar,Oxenboll,M,89534,9999-01-01
240475,Qunsheng,Guardalben,M,46379,9999-01-01
239809,Naraig,Baaz,M,52604,9999-01-01
240499,Mitchel,Encarnacion,F,48189,9999-01-01
240518,Guadalupe,Reeker,F,40000,9999-01-01
240527,Alselm,Millington,F,52533,9999-01-01
240530,Alois,Sridhar,F,69301,9999-01-01
240540,Kazunori,Kopetz,F,88079,9999-01-01
240559,Yinlin,Bhattacharjee,F,74315,9999-01-01
240561,Stella,Simmen,F,48001,9999-01-01
240587,Zorica,Akazan,F,74060,9999-01-01
240589,Kish,Ritcey,F,67089,9999-01-01
240592,Duke,Kilgore,F,40000,9999-01-01
240594,Uta,Sommen,F,60612,9999-01-01
240609,Taegyun,Serre,F,40000,9999-01-01
240629,Jamaludin,Ratnaker,M,40000,9999-01-01
240635,Manibrata,Lanphier,F,68328,9999-01-01
240639,Mountaz,Bratten,F,102549,9999-01-01
240666,Kinh,Ventosa,M,40000,9999-01-01
240669,Jeanna,Azulay,M,76460,9999-01-01
240675,Karoline,Uchoa,F,43072,9999-01-01
240678,Harjit,Perin,M,55414,9999-01-01
240679,Toshimo,Jullig,F,40000,9999-01-01
240684,Masaki,Bain,M,43169,9999-01-01
240690,Jungsoon,Narahara,F,53586,9999-01-01
239831,Miyeon,Diderrich,F,63703,9999-01-01
240693,Hongzue,Ratnakar,M,40000,9999-01-01
240696,Boutros,Velardi,M,60385,9999-01-01
240697,Rafail,Molenaar,F,47858,9999-01-01
240711,Kokou,Alpin,M,48524,9999-01-01
240715,Lijie,Ghelli,M,52326,9999-01-01
240721,Srinidhi,Kieras,M,54805,9999-01-01
240727,Visit,Bauknecht,F,40000,9999-01-01
240744,Yakkov,Ratnakar,F,88767,9999-01-01
240750,Shrikanth,Bernatsky,M,76789,9999-01-01
240751,Moie,Pintelas,M,61129,9999-01-01
239832,Akhilish,Kakkar,F,61302,9999-01-01
240947,Arra,Azadmanesh,M,40000,9999-01-01
240770,Gino,Erman,M,47878,9999-01-01
240779,Claudi,Morris,M,50270,9999-01-01
240787,Munenori,Farrel,F,62850,9999-01-01
240793,Boutros,Hennings,M,64428,9999-01-01
240798,Arvin,Munawer,M,47341,9999-01-01
240811,Valdiodio,Eugenio,F,47144,9999-01-01
240814,Filipp,Vieri,M,87448,9999-01-01
240826,Weidon,Paludetto,M,87407,9999-01-01
240950,Demos,Kleiser,F,40000,9999-01-01
240834,Basil,Gelosh,F,40000,9999-01-01
240857,Karsten,Krzyzanowski,M,49113,9999-01-01
240951,Visit,Awdeh,M,52237,9999-01-01
240869,Kirk,Hasham,F,82152,9999-01-01
240871,Perry,Goldhammer,M,47586,9999-01-01
240960,Hongzhu,Murtha,F,82042,9999-01-01
240892,Charlene,Wiegley,F,60823,9999-01-01
240964,Marjo,Kusakabe,F,56595,9999-01-01
240927,Adit,Alvarado,F,47712,9999-01-01
240928,Shahaf,Unni,M,67852,9999-01-01
240936,Shahid,Tanemo,F,51120,9999-01-01
240965,Elvia,Ashish,F,48168,9999-01-01
240988,Weidon,Flasterstein,F,52688,9999-01-01
241145,Kwee,Sundgren,M,55895,9999-01-01
241153,Maris,Kalloufi,M,40000,9999-01-01
241169,Parke,Aloia,M,73891,9999-01-01
241182,Toshimi,Peral,M,45799,9999-01-01
241011,Fumiko,Scallan,F,40000,9999-01-01
241204,Fumitake,Dehkordi,M,40000,9999-01-01
241216,Sreenivas,Conta,M,40000,9999-01-01
241253,Shigeichiro,Schapiro,M,40000,9999-01-01
241258,Shai,Zwicker,M,55243,9999-01-01
241260,Kellie,Heinisuo,F,40000,9999-01-01
241030,Khun,Siochi,M,40682,9999-01-01
241301,Masato,Perin,F,52502,9999-01-01
241303,Jamaludin,Bratsberg,F,77199,9999-01-01
241306,Sanjiv,Danley,M,54982,9999-01-01
241320,Sreekrishna,Rosch,F,50151,9999-01-01
241321,Shir,Heping,M,45157,9999-01-01
241328,Murthy,Shinomoto,F,40000,9999-01-01
241035,Heping,Marshall,M,40000,9999-01-01
241354,Kousuke,Pauthner,M,47102,9999-01-01
241363,Gurbir,Slutz,M,47833,9999-01-01
241040,Duri,Siegrist,M,40000,9999-01-01
241380,Josyula,Pezzoli,F,49345,9999-01-01
241389,Yishay,Sommen,F,51306,9999-01-01
241399,Zhaofang,Przulj,F,43798,9999-01-01
241067,Shigeu,Binkley,M,45905,9999-01-01
241411,Subhada,Salvesen,M,81065,9999-01-01
241427,Fei,Msuda,F,40000,9999-01-01
241463,Tadahiko,Fritzsche,M,40000,9999-01-01
241472,Jianhao,Slobodova,F,40000,9999-01-01
241481,Muzhong,Dahlbom,M,52671,9999-01-01
241492,Miomir,Atchley,F,40000,9999-01-01
241071,Jovan,Tetzlaff,M,77183,9999-01-01
241123,Tomoyuki,Jonsson,M,64480,9999-01-01
241502,Mitchel,Hainaut,M,43481,9999-01-01
241514,Arve,Arlazarov,M,41400,9999-01-01
241518,Janche,Rijckaert,F,40000,9999-01-01
241525,Yechezkel,Journel,M,46200,9999-01-01
241537,Idoia,Zielinski,M,69517,9999-01-01
241548,Evgueni,Crouzet,M,41193,9999-01-01
241553,Nathan,Gurbaxani,M,76559,9999-01-01
241558,Sadok,Hedayat,M,45885,9999-01-01
241570,Tiina,Erde,M,53907,9999-01-01
241577,Gao,Wendorf,M,66968,9999-01-01
241580,Ortrun,Motley,F,40000,9999-01-01
241589,Rutger,Silva,F,42143,9999-01-01
241595,Oddvar,Muhling,M,47382,9999-01-01
241597,Thodoros,Spieker,M,42189,9999-01-01
241622,Mara,Grospietsch,M,68151,9999-01-01
241623,Fumitaka,Knightly,M,84031,9999-01-01
241627,Remco,Plump,F,40000,9999-01-01
241632,Sadun,Merel,M,40000,9999-01-01
241639,Kankanahalli,Stafford,M,61083,9999-01-01
241660,Marla,Boissier,M,54917,9999-01-01
241665,Dinah,Businaro,F,40838,9999-01-01
241666,Mechthild,Tibblin,M,40000,9999-01-01
241668,Bouchung,Eldridge,M,40000,9999-01-01
241672,Augustine,Schlegelmilch,F,60521,9999-01-01
241677,Lansing,Denti,F,40000,9999-01-01
241126,Masamitsu,Francisci,F,87358,9999-01-01
241689,Tristan,Borovoy,M,48553,9999-01-01
241690,Atreyi,Lemarechal,F,40000,9999-01-01
241130,Yucel,Nyanchama,F,57039,9999-01-01
241880,Moty,Erev,F,66915,9999-01-01
241737,Aria,Gente,M,40000,9999-01-01
241750,Shih,Grabner,M,40000,9999-01-01
241762,Toney,Tiemann,F,55417,9999-01-01
241784,Francesca,Lamparter,F,57408,9999-01-01
241786,Shaibal,Khamsi,F,40000,9999-01-01
241788,Val,Shimshoni,M,60123,9999-01-01
241887,Sushant,Sewelson,F,40000,9999-01-01
241815,Alagu,Terlouw,M,40000,9999-01-01
241828,Jessie,Champarnaud,M,72600,9999-01-01
241842,Kokou,Staudhammer,M,50975,9999-01-01
241851,Domenico,Marzano,M,49707,9999-01-01
241855,Nechama,Undy,M,59676,9999-01-01
241864,Taizo,Kandlur,M,40000,9999-01-01
241926,Matk,Debuse,M,97901,9999-01-01
242058,Shaowen,Morrey,F,55675,9999-01-01
242069,Angus,Perz,M,40000,9999-01-01
242071,Youpyo,Denti,M,46377,9999-01-01
242072,Suzette,Thiran,M,41276,9999-01-01
242089,Chrisa,Highland,M,52251,9999-01-01
242098,Mooi,Gecsei,F,40000,9999-01-01
242114,Angus,Orlowska,F,42583,9999-01-01
242123,Fan,Talmon,F,40000,9999-01-01
242132,Serge,Liesche,F,70950,9999-01-01
242152,Pranay,Hofmeyr,M,40000,9999-01-01
242162,Yinghua,Bodoff,M,61455,9999-01-01
242197,Marla,Hennings,M,49649,9999-01-01
242198,Maria,Baik,F,68153,9999-01-01
242200,Nimmagadda,Zumaque,M,63276,9999-01-01
242214,Cullen,Krupka,F,40000,9999-01-01
242227,Jouni,Dahlbom,M,55061,9999-01-01
242231,Lansing,Biron,M,40000,9999-01-01
242248,Nishit,Garnick,F,73397,9999-01-01
242250,Yoshinari,Ishibashi,M,62230,9999-01-01
242262,Ziva,Przulj,F,40000,9999-01-01
242275,Toshiki,Haldar,M,40000,9999-01-01
242280,Irene,Benzmuller,F,40000,9999-01-01
242289,Sakthirel,Wixon,M,40000,9999-01-01
242296,Sanjay,Passino,M,46608,9999-01-01
241928,Valery,Norsworthy,M,69978,9999-01-01
242305,Gro,Merle,F,43538,9999-01-01
242321,DAIDA,Reeker,M,40000,9999-01-01
241940,Carrsten,Schoegge,M,72100,9999-01-01
242333,Gaetan,Dolinsky,F,58386,9999-01-01
242334,Renny,Kadhim,M,68245,9999-01-01
242342,Marsha,Pargaonkar,M,40000,9999-01-01
242347,Teunis,Heystek,F,68828,9999-01-01
242348,Falguni,Puoti,F,40000,9999-01-01
242367,Larisa,Papastamatiou,M,56578,9999-01-01
242373,Christoper,Weisert,F,65965,9999-01-01
242396,Bernice,Sichman,M,56836,9999-01-01
242398,Djelloul,Levergood,F,83565,9999-01-01
242404,Kwee,Zumaque,M,51891,9999-01-01
241942,Jackson,Ratnaker,F,72036,9999-01-01
242414,Urs,Nicolson,F,40000,9999-01-01
241955,Evgueni,Vakili,F,40000,9999-01-01
242428,Uri,Valtorta,F,67230,9999-01-01
241965,Aimee,Kornatzky,F,93324,9999-01-01
242459,Jaber,Kriebel,F,40000,9999-01-01
242461,Sham,Gente,M,40000,9999-01-01
242470,Tse,Constantine,M,46372,9999-01-01
241969,Susuma,Kriebel,M,62389,9999-01-01
242494,Nevio,Alpin,M,40000,9999-01-01
242495,Demos,Yamaashi,M,40000,9999-01-01
242499,Kendra,Denis,M,40000,9999-01-01
242501,Huei,Zallocco,M,62354,9999-01-01
242509,Rosalyn,Hebden,F,68302,9999-01-01
242528,Lansing,Cannata,M,45349,9999-01-01
242535,Nagui,Levasseur,M,79725,9999-01-01
241973,Stevo,Ozeki,M,40000,9999-01-01
242546,Chuanyi,Kakkar,M,52225,9999-01-01
242554,Sadegh,Masamoto,M,40000,9999-01-01
242561,Shen,Compeau,M,51815,9999-01-01
242572,Jongsuk,Danlos,F,40000,9999-01-01
241984,Boaz,Callaway,M,61084,9999-01-01
242585,Kwangho,Cyre,F,40000,9999-01-01
242586,Xinglin,Gulik,F,57051,9999-01-01
242598,Waiman,Nastansky,M,64913,9999-01-01
242601,Adhemar,Kumaresan,M,53736,9999-01-01
241985,Baziley,Muniz,M,40000,9999-01-01
242614,Arie,Fandrianto,F,55329,9999-01-01
242005,Emdad,Pettey,M,61347,9999-01-01
242653,Yucel,Chelton,M,40000,9999-01-01
242655,Tadahiko,Gunderson,M,42113,9999-01-01
242678,Tokuyasu,Beausoleil,M,59693,9999-01-01
242011,Subhash,Mahnke,F,53248,9999-01-01
242717,Mori,Nanard,F,41670,9999-01-01
242722,Lijia,Larfeldt,F,40000,9999-01-01
242731,Arun,Erdmenger,F,49080,9999-01-01
242014,Conor,Wilharm,F,40000,9999-01-01
242749,Tetsurou,Chandrasekhar,M,55680,9999-01-01
242030,Constantine,Wrigley,F,54626,9999-01-01
242779,Mona,Whitcomb,M,50870,9999-01-01
242789,Hitomi,Nitsch,M,40000,9999-01-01
242793,Ekawit,Rosca,F,49215,9999-01-01
242795,Tetsurou,Bouloucos,M,66854,9999-01-01
242037,Izaskun,Yemenis,F,59243,9999-01-01
242799,Kenton,Uehara,M,46877,9999-01-01
242802,Heng,Shobatake,F,75262,9999-01-01
242806,Conal,Motley,F,43151,9999-01-01
242818,Malu,Murtagh,M,40000,9999-01-01
242819,Xuejia,Lukaszewicz,M,48708,9999-01-01
242821,Vojin,Baby,F,92594,9999-01-01
242826,Turgut,Danner,M,40000,9999-01-01
242834,Sanjoy,Tetzlaff,F,49772,9999-01-01
242837,Eric,Hiraishi,F,72477,9999-01-01
242846,Susanna,Raoux,M,49465,9999-01-01
242850,Hyuckchul,Ouhyoung,M,40211,9999-01-01
242862,Mario,Leonhardt,F,75500,9999-01-01
242863,Debaprosad,Otillio,F,55529,9999-01-01
242870,Kazuhisa,Thiria,M,40145,9999-01-01
242879,Khalil,Khalid,M,40000,9999-01-01
242055,Arco,Zaiane,M,62097,9999-01-01
242886,Guadalupe,Nitsch,F,40004,9999-01-01
242895,Khoa,Pillow,F,40000,9999-01-01
242901,Ortrun,Atchley,F,40000,9999-01-01
242903,Dung,Genther,M,48888,9999-01-01
242907,Bouchung,Eppinger,F,41911,9999-01-01
242920,Tuval,Anandan,F,49707,9999-01-01
242927,Manibrata,Msuda,F,40000,9999-01-01
242940,Hinrich,Vieth,M,43113,9999-01-01
242949,Surveyors,Perelgut,F,40000,9999-01-01
242957,Danae,Antonakopoulos,F,45546,9999-01-01
242967,Susuma,Escriba,M,74754,9999-01-01
243167,Flemming,Cusworth,M,60313,9999-01-01
242990,Sachar,Journel,M,79446,9999-01-01
242993,Billur,Lorch,F,70425,9999-01-01
243005,Leszek,Moffat,F,56289,9999-01-01
243178,Kaijung,Bazelow,M,69073,9999-01-01
243013,Yuqun,Peron,M,46032,9999-01-01
243014,Gaurav,Codenie,M,48145,9999-01-01
243024,Girolamo,Sherertz,M,102385,9999-01-01
243036,Idoia,Lundstrom,M,40000,9999-01-01
243054,Georgy,Felder,M,56021,9999-01-01
243057,Bodo,Atrawala,M,40000,9999-01-01
243180,Gen,Terkki,F,58536,9999-01-01
243084,Lech,Pavlopoulou,F,45238,9999-01-01
243086,Rosalie,Kumaresan,F,72244,9999-01-01
243095,Irene,Ullian,M,62284,9999-01-01
243099,Mansur,Barvinok,M,40000,9999-01-01
243103,Gao,Coney,M,45225,9999-01-01
243109,Nagui,Barvinok,M,55539,9999-01-01
243114,Gererd,Kemmerer,M,74322,9999-01-01
243116,Masaru,Perna,F,73464,9999-01-01
243184,Hilari,Zongker,M,71906,9999-01-01
243128,Zhonghua,Papadias,F,53946,9999-01-01
243131,Paris,Detkin,M,91441,9999-01-01
243141,Kshitij,Birnbaum,M,40000,9999-01-01
243154,Maia,Marrakchi,M,64626,9999-01-01
243362,Fatemeh,Sifakis,M,55718,9999-01-01
243378,Nirmal,Matzel,F,60221,9999-01-01
243420,Jaewoo,Radwan,F,40000,9999-01-01
243435,Moriyoshi,Akiyama,F,66075,9999-01-01
243189,Goh,Rebaine,M,56432,9999-01-01
243458,Leni,Zykh,M,75013,9999-01-01
243465,Mayumi,Hutton,F,53738,9999-01-01
243469,Serap,Marakhovsky,F,54735,9999-01-01
243470,Paloma,Tyugu,M,95563,9999-01-01
243473,Ebbe,Heemskerk,M,40000,9999-01-01
243478,Ekawit,DasSarma,M,54312,9999-01-01
243487,Ottavia,Makinen,M,40000,9999-01-01
243494,Dannz,Bernatsky,M,59969,9999-01-01
243208,Sachin,Biros,F,40000,9999-01-01
243508,Dhritiman,Sinitsyn,F,78786,9999-01-01
243510,Paraskevi,Detkin,M,40000,9999-01-01
243516,Ohad,Siochi,F,50686,9999-01-01
243535,Chinhyun,Chorvat,F,69339,9999-01-01
243210,Raimond,Lieberherr,F,53079,9999-01-01
243537,Jingling,Pardalos,M,99271,9999-01-01
243538,Arvin,Champarnaud,M,60775,9999-01-01
243540,Kish,Larfeldt,F,40000,9999-01-01
243561,Sergi,Sichman,M,40000,9999-01-01
243564,Aran,Schiper,F,56660,9999-01-01
243565,Nigel,Veeraraghavan,F,40000,9999-01-01
243569,Mitchel,Ravishankar,M,67150,9999-01-01
243571,Zeljko,Kulisch,M,44301,9999-01-01
243578,Ymte,Klassen,F,40000,9999-01-01
243213,Malu,Kusakabe,F,64721,9999-01-01
243589,Rasiah,Walstra,M,40000,9999-01-01
243592,Radhia,Frolund,M,59404,9999-01-01
243608,Rajmohan,Porotnikoff,M,42539,9999-01-01
243215,Yakichi,Bain,M,68901,9999-01-01
243636,Tamiya,Sudkamp,F,40000,9999-01-01
243639,Sreekrishna,Smeets,M,42592,9999-01-01
243244,Sarita,Mitzlaff,F,40000,9999-01-01
243677,Odoardo,Baezner,M,62631,9999-01-01
243689,Koichi,Neiman,M,65917,9999-01-01
243694,Niclas,Businaro,M,40000,9999-01-01
243695,Harngdar,Stasinski,F,58833,9999-01-01
243715,Baziley,Gewali,M,40000,9999-01-01
243716,Abdulah,Denos,F,44261,9999-01-01
243255,Ghassan,Rosca,F,40000,9999-01-01
243743,Adam,Cyre,M,40000,9999-01-01
243260,Wonhee,Delgrossi,F,62284,9999-01-01
243762,Hidde,Kalsbeek,M,45038,9999-01-01
243766,Xinyu,Oppitz,F,50444,9999-01-01
243770,Baoqiu,Schlenzig,F,49168,9999-01-01
243785,Takahiro,Veldwijk,M,96006,9999-01-01
243793,Willard,Felder,M,78332,9999-01-01
243270,Zongyan,Ruemmler,M,46095,9999-01-01
243799,Kiam,Chaudhury,F,80546,9999-01-01
243804,Xianlong,Salinas,F,64903,9999-01-01
243805,Ramzi,Vecchi,F,40000,9999-01-01
243810,Kwan,Merel,F,40000,9999-01-01
243811,Heather,Openshaw,F,40000,9999-01-01
243815,Zengping,Improta,F,46326,9999-01-01
243817,Valeska,Spelt,F,40000,9999-01-01
243820,Chiranjit,Akaboshi,F,59961,9999-01-01
243829,Seongbae,Thiria,M,63406,9999-01-01
243838,Hailing,Selenyi,M,40000,9999-01-01
243840,Jiang,Lakshmanan,M,40000,9999-01-01
243845,Selwyn,Larfeldt,M,89464,9999-01-01
243861,Dipayan,Cannane,M,40000,9999-01-01
243877,Make,Kolvik,M,40000,9999-01-01
243885,Kirk,Bernardeschi,M,80896,9999-01-01
243278,Franziska,Gerlach,M,40000,9999-01-01
243891,Shan,Rodite,F,45995,9999-01-01
243895,Pranas,Serra,M,40000,9999-01-01
243288,Randi,Chiola,M,40000,9999-01-01
243917,Gill,Remmers,M,43336,9999-01-01
243923,Owen,Akiyama,F,40000,9999-01-01
243931,Sanjit,Miara,F,75181,9999-01-01
243932,Divier,Castellani,M,46119,9999-01-01
243933,Stepehn,Kabayashi,M,40000,9999-01-01
243306,Sailaja,Randt,M,58109,9999-01-01
243948,Macha,Ducloy,F,48062,9999-01-01
243950,Lidong,Argence,M,40000,9999-01-01
243958,Dipayan,Leuchs,F,40000,9999-01-01
243981,Dipankar,Encarnacion,F,41386,9999-01-01
243987,Genki,Gyorkos,M,40000,9999-01-01
243308,Tianruo,Demri,F,71109,9999-01-01
244019,Syozo,Fujisaki,M,40000,9999-01-01
244021,Sungwon,Taubenfeld,M,73689,9999-01-01
243311,Mikhail,Dengi,M,80666,9999-01-01
244065,Rutger,Georg,M,40000,9999-01-01
244072,Chiranjit,Demke,M,73795,9999-01-01
244078,Gurbir,Alblas,F,57846,9999-01-01
244086,Nitsan,Hiroyama,M,40000,9999-01-01
243316,Brendon,Talmon,F,72420,9999-01-01
243337,Aloys,Speek,F,60814,9999-01-01
244094,Giordano,Ponthieu,M,44544,9999-01-01
244113,Navin,Terwilliger,M,48992,9999-01-01
244117,Dung,Chiodo,M,48524,9999-01-01
244130,Mingzeng,Swab,F,55545,9999-01-01
243340,Waiman,Covnot,M,62012,9999-01-01
244148,Chikako,Heusch,M,75530,9999-01-01
244279,DeForest,Claffy,M,50901,9999-01-01
244172,Karoline,Thibadeau,F,49159,9999-01-01
244177,Tzu,Champarnaud,M,54939,9999-01-01
244187,Gregory,Peng,M,63627,9999-01-01
244188,Yuping,Lanteri,M,92497,9999-01-01
244196,Leon,Flowers,M,75662,9999-01-01
244204,Masato,Prenel,M,40000,9999-01-01
244205,Conor,Hofting,F,40000,9999-01-01
244229,Kristina,Melichar,M,40000,9999-01-01
244249,Yifei,Schach,M,40078,9999-01-01
244252,Jeane,Sankaranarayanan,F,64282,9999-01-01
244260,Sangeeta,Mandelberg,F,76062,9999-01-01
244269,Eldridge,Lortz,M,71010,9999-01-01
244271,Shawna,Sundgren,F,45977,9999-01-01
244273,Fei,Raoux,M,40000,9999-01-01
244280,Miyeon,Jiang,F,48725,9999-01-01
244283,Inderjeet,Manderick,M,93563,9999-01-01
244286,Manohar,Pettit,M,56266,9999-01-01
244462,Rafael,Heystek,M,42562,9999-01-01
244292,Khedija,Anick,M,41171,9999-01-01
244323,Zhongwei,Emmerich,M,97456,9999-01-01
244524,Mabhin,Monarch,F,40000,9999-01-01
244539,Aloys,Jumpertz,F,57092,9999-01-01
244541,Djenana,Zedlitz,F,48285,9999-01-01
244566,Jacopo,Soloway,M,45071,9999-01-01
244579,Sasan,Zhiwei,M,49651,9999-01-01
244590,Takanari,Azadmanesh,M,40000,9999-01-01
244591,Akemi,Sambasivam,M,40000,9999-01-01
244603,Yuichiro,Naudin,M,46489,9999-01-01
244607,Manton,Fetvedt,M,40000,9999-01-01
244611,Rosine,Stranks,M,48185,9999-01-01
244614,Vasilis,Matzel,M,40000,9999-01-01
244619,Suvo,Sabnani,M,50998,9999-01-01
244630,Supot,Range,F,40000,9999-01-01
244638,Takahira,Ghazalie,M,40000,9999-01-01
244329,Nobuyoshi,Stentiford,F,82706,9999-01-01
244338,Chuanti,Swick,M,40000,9999-01-01
244654,Suzette,Katiyar,F,55724,9999-01-01
244661,Idoia,Parfitt,M,47970,9999-01-01
244662,Oddvar,Falco,M,40000,9999-01-01
244664,Hatim,Sgarro,M,40000,9999-01-01
244671,Chanjung,Staudhammer,F,44003,9999-01-01
244673,Kokou,Antonakopoulos,M,40000,9999-01-01
244675,Aloys,Barreiro,M,43003,9999-01-01
244677,Gift,Ruther,M,47466,9999-01-01
244686,Utz,Pietrzykowski,M,40532,9999-01-01
244705,Maha,Guerreiro,F,49654,9999-01-01
244709,Masato,Wendorf,F,51705,9999-01-01
244731,Paloma,Krichel,M,48745,9999-01-01
244746,Arvin,Chaudhuri,M,40000,9999-01-01
244750,Gaurav,Kamble,M,40000,9999-01-01
244753,Xumin,Lanteri,M,54257,9999-01-01
244766,Taizo,Kaltofen,M,56008,9999-01-01
244773,Mingdong,Zaiane,F,40000,9999-01-01
244780,Domenico,Itzfeldt,M,67177,9999-01-01
244783,Roddy,Pollock,M,54666,9999-01-01
244784,Aris,Matzen,F,72321,9999-01-01
244787,Rosalyn,Talmor,M,85669,9999-01-01
244791,Kauko,Olivero,M,102160,9999-01-01
244813,Rimli,Poupard,M,40000,9999-01-01
244815,Remko,Streit,M,40000,9999-01-01
244836,Tianruo,Cairo,F,47409,9999-01-01
244860,Florina,Salverda,F,40000,9999-01-01
244863,Mohit,Peres,M,40000,9999-01-01
244877,Jinxi,Montemayor,M,49491,9999-01-01
244341,Frazer,Muchinsky,M,58247,9999-01-01
244896,Etsuo,Angiulli,M,70927,9999-01-01
244911,Xudong,Sanella,F,88769,9999-01-01
244921,Tru,Berendt,F,40986,9999-01-01
244359,Maria,McAffer,M,47458,9999-01-01
244946,Abdelghani,Lubachevsky,M,40000,9999-01-01
244948,Marsha,Masand,F,61677,9999-01-01
244958,Maja,Merks,M,40000,9999-01-01
244964,Aram,Hasenauer,F,72033,9999-01-01
244982,Sajjad,Wolniewicz,M,47410,9999-01-01
244994,Mingsen,Lambe,F,45369,9999-01-01
245010,Xiaoheng,Kabayashi,F,40000,9999-01-01
244360,Mountaz,Swiler,M,56531,9999-01-01
244361,Shuzo,Flasterstein,M,40000,9999-01-01
244366,Carrsten,Carrera,F,69514,9999-01-01
245022,Gen,Xiaoshan,M,90377,9999-01-01
244369,Teiji,Penttonen,F,57758,9999-01-01
245051,Taiji,Slaats,M,62648,9999-01-01
245052,Martina,Gruenwald,F,83740,9999-01-01
245056,Guoxiang,Leslie,F,77290,9999-01-01
245062,Jayesh,Cyne,M,43276,9999-01-01
245064,Achilleas,Dayana,F,40000,9999-01-01
245065,Ioana,Rosar,F,68279,9999-01-01
245080,Mari,Herber,F,50059,9999-01-01
245096,Xiadong,Azumi,M,68648,9999-01-01
244395,Oldrich,McConalogue,M,59806,9999-01-01
245112,Val,Naudin,M,50285,9999-01-01
245114,Matt,Demeyer,M,62314,9999-01-01
245132,Gaetan,Hiroyama,M,54114,9999-01-01
245180,Zorica,Hoppenstand,F,59443,9999-01-01
245182,Arup,Perfilyeva,F,40000,9999-01-01
245186,Marlo,Trelles,F,75488,9999-01-01
244402,Xinan,Godskesen,F,57608,9999-01-01
245196,Randi,Chartres,F,69757,9999-01-01
244437,Yinlin,Rikino,M,40000,9999-01-01
245202,Toshimori,Munro,M,40000,9999-01-01
245203,Kenroku,Hiroyama,F,47801,9999-01-01
245252,Phuoc,Brizzi,M,40000,9999-01-01
245257,Bernardo,Schiper,F,40000,9999-01-01
245258,Arra,Erol,M,60118,9999-01-01
245264,Make,Streng,M,71189,9999-01-01
245268,Billie,Caine,M,42126,9999-01-01
245273,Tianruo,Encarnacion,M,44102,9999-01-01
245282,Tokuyasu,Szemeredi,F,40000,9999-01-01
245284,Elliott,Maliniak,F,47695,9999-01-01
245290,Guther,Hofmeyr,F,55879,9999-01-01
245291,Sachem,Srimani,M,47210,9999-01-01
245293,Heping,Segond,F,42463,9999-01-01
245306,Huai,Yoshimura,F,40000,9999-01-01
245313,Kwangjo,Crouzet,F,68096,9999-01-01
245320,Yishay,Hanabata,M,40824,9999-01-01
245338,Faiza,Piazza,M,41300,9999-01-01
244454,Akeno,Morrow,M,41628,9999-01-01
245349,Xiaocheng,Falck,M,47411,9999-01-01
245350,Tadanori,Greibach,M,42504,9999-01-01
245352,Randi,Mattern,F,87975,9999-01-01
245362,Owen,Klassen,M,62577,9999-01-01
245363,Ewing,Pollock,F,40000,9999-01-01
245366,Sachar,Rodier,M,52967,9999-01-01
245373,Sivanarayana,Spell,M,44907,9999-01-01
245381,Krister,Cromarty,F,44805,9999-01-01
245385,Arvind,Michaeli,M,40000,9999-01-01
244457,Nobuyoshi,Gargeya,M,41291,9999-01-01
245398,Kazuhisa,Berstel,M,47502,9999-01-01
245415,Kasidit,Leuchs,M,55769,9999-01-01
245580,Mohamadou,Kossowski,F,40000,9999-01-01
245425,Licheng,Schieder,M,60310,9999-01-01
245430,Roselyn,Granlund,M,40000,9999-01-01
245434,Narain,Gulla,F,52082,9999-01-01
245444,Moie,Mattern,M,68157,9999-01-01
245463,Chenye,Rajcani,M,59781,9999-01-01
245474,Brewster,Matheson,M,40000,9999-01-01
245491,Tzu,Krychniak,F,40000,9999-01-01
245493,Mechthild,Kirkerud,F,48954,9999-01-01
245503,Lakshmi,Narahara,F,50226,9999-01-01
245517,Keiichiro,Koshiba,M,49841,9999-01-01
245527,Falguni,Nourani,M,47425,9999-01-01
245528,Kristinn,Baumann,F,67161,9999-01-01
245530,Mayuko,Poulakidas,M,40000,9999-01-01
245535,Xinan,Reeken,M,40000,9999-01-01
245537,Uri,Broomell,F,40000,9999-01-01
245540,Oscal,Bresenham,M,40000,9999-01-01
245585,Shrikanth,Bellmore,F,72143,9999-01-01
245561,Peternela,Bottner,F,51993,9999-01-01
245565,Basant,Yeung,F,73446,9999-01-01
245567,Khaled,Anguita,M,85851,9999-01-01
245590,Doowon,Honglei,F,40000,9999-01-01
245593,Shigeu,Perez,F,75312,9999-01-01
245756,Munenori,Nitto,M,67654,9999-01-01
245771,Fox,Murtafg,M,40000,9999-01-01
245777,Randi,Bultermann,M,40000,9999-01-01
245598,Takanari,Remmers,F,54900,9999-01-01
245790,Yongmao,Alblas,F,57246,9999-01-01
245611,Arup,Randi,F,70881,9999-01-01
245815,Sahrah,Swick,M,40000,9999-01-01
245829,Valter,McConalogue,F,40000,9999-01-01
245833,Francesca,Fontan,M,40000,9999-01-01
245835,Peternela,Back,M,65441,9999-01-01
245837,Poorav,Kermarrec,F,40000,9999-01-01
245840,Shan,Beznosov,M,68335,9999-01-01
245622,Sergi,Pellegrinelli,F,40000,9999-01-01
245880,Valdiodio,Giveon,M,72013,9999-01-01
245886,Frederique,Herath,F,49132,9999-01-01
245889,Mohamadou,Cappelli,M,40000,9999-01-01
245902,Mizuhito,Rajaraman,M,40000,9999-01-01
245914,Shim,Swick,F,42005,9999-01-01
245920,Baoqiu,Nishimukai,F,44276,9999-01-01
245927,Udo,Orlowski,F,41793,9999-01-01
245953,Xiaoqiang,Azuma,F,40000,9999-01-01
245969,Akhilish,Kushner,F,72956,9999-01-01
245986,Reinhard,Gargeya,F,58471,9999-01-01
245997,Zhongwei,Rusterholz,F,51278,9999-01-01
245998,Suvo,Deville,F,58221,9999-01-01
246005,Marke,Hanratty,M,78790,9999-01-01
246012,Moie,Rusmann,M,62161,9999-01-01
246038,Herbert,Pettit,M,48906,9999-01-01
246039,Weicheng,Osgood,M,50446,9999-01-01
246041,Maria,Bahl,F,48832,9999-01-01
246050,Douadi,Valiente,M,40000,9999-01-01
246061,Jaana,Ramsey,M,55297,9999-01-01
246062,Divier,Codenie,F,40000,9999-01-01
246071,Ortrud,Ramras,F,81987,9999-01-01
246073,Karoline,Pietrzykowski,M,40000,9999-01-01
246077,Berni,Fordan,F,40000,9999-01-01
246089,Hironobu,Otillio,M,51607,9999-01-01
246093,Munehiko,Conti,F,40000,9999-01-01
246100,Barry,Weedman,F,40000,9999-01-01
246101,Karoline,Sherertz,M,59782,9999-01-01
246103,Muneo,Chinal,F,49045,9999-01-01
246114,Oscar,Kabayashi,M,65178,9999-01-01
245634,Berry,Hatcliff,M,52121,9999-01-01
246134,Nobuyoshi,Belinskaya,M,55929,9999-01-01
246140,Duangkaew,Zschoche,M,85500,9999-01-01
246149,Guangming,Fargier,M,50136,9999-01-01
245642,Kiyokazu,Sommer,M,67047,9999-01-01
246155,Phillip,Peak,M,69432,9999-01-01
246157,Saddek,Ohori,M,40047,9999-01-01
246160,Bilhanan,McFarlin,M,52282,9999-01-01
246165,Hironobu,Spinelli,F,51826,9999-01-01
246170,Shugo,Zirintsis,M,67552,9999-01-01
246182,Jahangir,Heydon,F,43952,9999-01-01
246198,Aruna,Spataro,M,47276,9999-01-01
246207,Sumali,Piazza,M,62025,9999-01-01
245645,Guttorm,Decaestecker,F,40000,9999-01-01
246215,Seshu,Anger,F,40000,9999-01-01
246224,Kenton,Griswold,F,51921,9999-01-01
246225,Reuven,Birjandi,M,47474,9999-01-01
246236,Muzhong,Sudkamp,F,71936,9999-01-01
246240,Gian,Polajnar,M,45920,9999-01-01
246249,Jamaludin,Remmele,F,60760,9999-01-01
246253,Neven,Jansen,F,43176,9999-01-01
245653,Padma,Brlek,F,40000,9999-01-01
246273,Uwe,Poulakidas,M,54720,9999-01-01
246289,Owen,Polupanov,F,40000,9999-01-01
246295,Kwangyoen,Asmuth,F,52741,9999-01-01
245688,Mrinalini,Ambroszkiewicz,F,49561,9999-01-01
246320,Michaela,Bage,F,40000,9999-01-01
246322,Kazuhito,Staudhammer,M,40000,9999-01-01
246356,Koldo,Pagter,M,43067,9999-01-01
245717,Chinya,Nergos,M,41074,9999-01-01
246381,Feiyu,Peha,M,66768,9999-01-01
246383,Mart,Radivojevic,M,40000,9999-01-01
246392,Toshimo,Tyugu,M,60420,9999-01-01
246395,Vasilii,Schwabacher,M,40000,9999-01-01
246428,Kwangjo,Velasco,M,84867,9999-01-01
246435,Becky,Merkl,F,40093,9999-01-01
246437,Michaela,Badache,M,44705,9999-01-01
246446,Arlette,Molenkamp,F,40000,9999-01-01
246467,Adel,Nations,M,56408,9999-01-01
246482,Tsutomu,Journel,M,53310,9999-01-01
245719,Ayonca,Lowrie,M,58905,9999-01-01
246490,Ohad,Farris,M,50716,9999-01-01
245740,Arun,Pelz,M,40000,9999-01-01
246498,Matt,Herber,F,51937,9999-01-01
246505,Hugo,Byoun,F,56450,9999-01-01
246510,Chinho,Zedlitz,M,42650,9999-01-01
246511,Kokou,Pelz,M,41462,9999-01-01
246513,Magy,Parhami,M,40000,9999-01-01
246522,Toshimi,Ramras,F,56544,9999-01-01
246545,Honesty,Benantar,M,47605,9999-01-01
246549,Kwok,Picel,M,40000,9999-01-01
246556,Hairong,Axelband,M,80933,9999-01-01
246559,Gian,Rissanen,M,102936,9999-01-01
245742,Ohad,Lampe,M,57783,9999-01-01
246566,Heekeun,Eickenmeyer,M,40000,9999-01-01
246568,Tianruo,Dymetman,M,47539,9999-01-01
246571,Kristof,Leuchs,F,54869,9999-01-01
246590,Vesna,Panwar,F,40000,9999-01-01
246692,Lansing,Conti,F,75889,9999-01-01
246600,Visit,Chachaty,F,46944,9999-01-01
246622,Shigeu,Valette,F,40000,9999-01-01
246630,Adib,Markovitch,M,69702,9999-01-01
246639,Sergi,Schiettecatte,M,43451,9999-01-01
246647,Poorav,Cochrane,M,40000,9999-01-01
246651,Mohammed,Heemskerk,M,56221,9999-01-01
246658,Hatim,Nitsche,M,40000,9999-01-01
246677,Marlo,Stellhorn,F,60645,9999-01-01
246700,Bodh,Cools,M,51502,9999-01-01
246866,Huican,Carrera,M,59700,9999-01-01
246873,Shaz,Vilarrasa,F,51585,9999-01-01
246881,Atreyi,Karcich,M,63585,9999-01-01
246901,Khue,Heinisuo,F,42847,9999-01-01
246904,Carrsten,Armand,M,66527,9999-01-01
246709,Pohua,Sundgren,M,51883,9999-01-01
246915,Masamitsu,Pollock,F,40000,9999-01-01
246919,Menkae,Perin,F,107316,9999-01-01
246930,Kitty,Anguita,F,67266,9999-01-01
246947,Arvind,Montemayor,M,43073,9999-01-01
246957,Juichirou,Gini,F,46708,9999-01-01
246959,Tomoyuki,Lindenbaum,F,51849,9999-01-01
246717,Sham,Benzmuller,M,74346,9999-01-01
246979,Youjian,Wuwongse,F,66557,9999-01-01
246984,Taizo,Fraisse,M,40000,9999-01-01
246997,Jaewon,Aloia,M,40000,9999-01-01
246720,Sreekrishna,Quaggetto,F,44891,9999-01-01
246722,Jouni,Heemskerk,M,51488,9999-01-01
246739,Takahito,Llado,F,59226,9999-01-01
247055,Fan,Peris,F,52756,9999-01-01
247056,Syozo,Figueira,M,72384,9999-01-01
247060,Pranay,Bamford,F,40000,9999-01-01
247065,Shakhar,Zedlitz,M,87808,9999-01-01
246743,Zhonghua,Bridgland,M,40000,9999-01-01
247084,Collette,Yurek,M,40000,9999-01-01
247086,Boaz,Mundy,F,53028,9999-01-01
247104,Jinya,Schnelling,F,46014,9999-01-01
246756,Suvo,Schwartzburd,F,89251,9999-01-01
247116,Adil,Lambe,F,40000,9999-01-01
247118,Khaled,Panwar,F,44592,9999-01-01
247135,Yaghout,Bage,M,44320,9999-01-01
247168,Taisook,Barriga,M,47569,9999-01-01
247170,Wonhee,Lanteri,F,40000,9999-01-01
246765,Oguz,Osgood,M,43510,9999-01-01
247185,Yishai,Stifter,M,54430,9999-01-01
247198,Conrado,Zultner,M,48391,9999-01-01
247206,Jordanka,Ishibashi,M,70886,9999-01-01
247210,Guoxiang,Kuzuoka,M,49246,9999-01-01
247216,Georg,Bazzichi,M,40000,9999-01-01
247220,Aimee,Miyakawa,F,72579,9999-01-01
246775,Jixiang,Kamber,M,75809,9999-01-01
247232,Mariangiola,Mandelberg,F,40000,9999-01-01
247256,Patricio,Reutenauer,M,102719,9999-01-01
247284,Gina,Otillio,M,58804,9999-01-01
247299,Yinlin,Whitcomb,F,40313,9999-01-01
247306,Berry,Rosaz,F,40000,9999-01-01
247311,Pranay,Bolsens,F,40000,9999-01-01
247315,Fei,Lorho,M,55144,9999-01-01
247318,Sarita,Baek,M,64082,9999-01-01
247323,Shaz,Godskesen,M,46312,9999-01-01
247332,Hugo,Gerlach,M,43849,9999-01-01
247335,Dante,Bottner,M,70959,9999-01-01
247338,Giri,Pardalos,M,50605,9999-01-01
247377,Yurij,Bondorf,M,44802,9999-01-01
246782,Torsten,Hettesheimer,M,40000,9999-01-01
247400,Huei,Chappelet,M,40000,9999-01-01
247401,Sudharsan,Iivonen,M,49364,9999-01-01
247408,Aamod,Perez,F,54944,9999-01-01
247410,Arif,Spataro,M,55660,9999-01-01
247411,Anyuan,Hedayat,M,67972,9999-01-01
247412,Jaihie,Brodie,F,51201,9999-01-01
246783,Sariel,Garigliano,M,40000,9999-01-01
247427,Uinam,Schaaf,F,55784,9999-01-01
246794,Marlo,Rebaine,M,48232,9999-01-01
247442,Mantis,Fordan,M,40000,9999-01-01
247449,Anneli,Percebois,M,40000,9999-01-01
247453,Khoa,Flasterstein,M,71454,9999-01-01
247458,Minghong,Monkewich,M,40000,9999-01-01
247472,Mayuko,Rossi,M,46274,9999-01-01
247477,Alenka,Kropp,M,101744,9999-01-01
247485,Mrinalini,Luby,F,56637,9999-01-01
246812,Goa,Jonsson,M,55097,9999-01-01
247502,Yinlin,Iivonen,M,88889,9999-01-01
247518,Yefim,Siprelle,F,56006,9999-01-01
247537,Muzhong,Eldridge,M,47016,9999-01-01
247538,Fatemeh,Verspoor,F,70226,9999-01-01
247540,Parviz,Murthy,F,81111,9999-01-01
247559,Yechezkel,Szilard,M,70081,9999-01-01
246817,Taegyun,Czaja,M,66343,9999-01-01
247577,Yuqun,Pileggi,M,59459,9999-01-01
247590,Venkatesan,Chinen,F,43530,9999-01-01
247594,Paraskevi,Showalter,M,47190,9999-01-01
246834,Gladys,Dusink,M,40000,9999-01-01
246839,Zhanqiu,Yoshimura,M,52341,9999-01-01
247634,Shiv,Axelband,F,40000,9999-01-01
247645,Feiyu,Sundgren,M,40000,9999-01-01
246851,Isamu,Farris,M,51836,9999-01-01
247667,Pranjal,Egerstedt,F,58836,9999-01-01
247677,Weidon,Kavvadias,M,44528,9999-01-01
247678,Vugranam,Khalid,M,45231,9999-01-01
247681,Alejandra,Muniz,F,40000,9999-01-01
247689,Gennadi,Fadgyas,F,43909,9999-01-01
247702,Elzbieta,Vidal,M,40000,9999-01-01
247706,Goa,Sethi,M,52775,9999-01-01
247714,Vivian,Swist,M,80889,9999-01-01
247715,Harjit,Scharstein,M,81381,9999-01-01
247722,Roselyn,Molenkamp,M,40000,9999-01-01
247729,Filipp,Morris,F,51795,9999-01-01
247731,Khatoun,Kopetz,M,40000,9999-01-01
246854,Roddy,Gips,M,46342,9999-01-01
246858,Dannz,Swist,M,40000,9999-01-01
247761,Kazunori,Bresenham,F,46434,9999-01-01
247763,Remzi,Cincotta,M,55402,9999-01-01
247769,Vugranam,Melton,F,40000,9999-01-01
247774,Pranay,Jeansoulin,M,69832,9999-01-01
247777,Shen,Herath,M,40000,9999-01-01
247784,Ortrud,Kaelbling,F,45089,9999-01-01
247790,Goo,Apsitis,M,60397,9999-01-01
247984,Gaetan,Srimani,F,40000,9999-01-01
247807,Aemilian,Azumi,F,40000,9999-01-01
247808,Sadun,Mitina,F,40000,9999-01-01
247817,Chaoyi,Morrow,M,55393,9999-01-01
247826,Xiaoheng,Kopetz,M,40000,9999-01-01
247827,Arif,Lund,M,82733,9999-01-01
247855,Shao,Yamaashi,M,53566,9999-01-01
247858,Conor,Fritzsche,M,70843,9999-01-01
247860,Inderjeet,Ruther,M,68643,9999-01-01
247863,Pranav,Bugaenko,M,40000,9999-01-01
247872,Ger,Imataki,F,71823,9999-01-01
247876,Felicidad,Beetstra,M,58680,9999-01-01
247877,Amabile,Jarecki,F,49858,9999-01-01
247878,Doohun,Peha,F,54955,9999-01-01
247880,Saniya,Oxenboll,M,66704,9999-01-01
247887,Ashish,Preusig,M,91473,9999-01-01
247898,Karoline,Krohn,F,41154,9999-01-01
247900,Tuval,Denis,M,68940,9999-01-01
247910,Mohan,Merli,F,46059,9999-01-01
248000,Turgut,Thorensen,M,40000,9999-01-01
247919,Volkmar,Piveteau,F,48862,9999-01-01
247920,Shunichi,Miculan,M,40000,9999-01-01
247942,Marjo,Merle,M,63464,9999-01-01
247959,Moni,Piancastelli,F,40000,9999-01-01
247963,Charlene,Back,F,40000,9999-01-01
247967,Denny,Varker,F,49881,9999-01-01
247968,Pintsang,Zweizig,M,61772,9999-01-01
247971,Berni,Zweizig,M,73441,9999-01-01
247973,Xuejun,Simmel,F,40000,9999-01-01
248012,Shirish,Menhoudj,F,40000,9999-01-01
248172,Alassane,Couchot,M,48284,9999-01-01
248019,Adel,McDermid,M,44341,9999-01-01
248023,Sverrir,Badache,M,45706,9999-01-01
248219,Parviz,Levasseur,M,54045,9999-01-01
248224,Baruch,Ranta,M,87363,9999-01-01
248227,Zhiguo,Spell,F,40000,9999-01-01
248232,Hinrich,Rodiger,F,81411,9999-01-01
248233,Annemarie,Dayana,M,54015,9999-01-01
248035,Chikako,Maraist,F,45760,9999-01-01
248259,Tze,Serre,M,40000,9999-01-01
248264,Niteen,Ligten,M,44543,9999-01-01
248277,Yinlin,Boyle,M,45872,9999-01-01
248292,Arunas,Bugrara,M,52830,9999-01-01
248295,Francesca,Rathonyi,F,48665,9999-01-01
248303,Subir,Hambrick,M,50157,9999-01-01
248304,Xiaoshan,Krohn,M,56773,9999-01-01
248310,Christophe,Ratnakar,M,69869,9999-01-01
248038,Golgen,Stellhorn,M,52235,9999-01-01
248320,Phuoc,Rehfuss,M,40000,9999-01-01
248324,Rimli,Minakawa,M,46534,9999-01-01
248327,Xuejia,Siprelle,M,40000,9999-01-01
248335,Gaetan,Tibblin,M,40000,9999-01-01
248336,Amstein,Vitiello,F,76219,9999-01-01
248340,Maris,Dalphin,M,40000,9999-01-01
248049,Lunjin,Henseler,M,40000,9999-01-01
248050,Conrado,Simmen,F,40000,9999-01-01
248361,Luigi,Axelband,F,40000,9999-01-01
248374,Dipankar,Speckmann,F,51583,9999-01-01
248377,Felicidad,Luks,F,40000,9999-01-01
248386,Yannik,Ernst,M,49574,9999-01-01
248389,Yunming,Weedon,F,40000,9999-01-01
248056,Suzette,Kroha,M,49021,9999-01-01
248416,Lubomir,Ferretti,F,56420,9999-01-01
248419,Toshimo,Ranst,M,57484,9999-01-01
248437,Frederique,Porotnikoff,F,71767,9999-01-01
248443,Zengping,Melton,M,40729,9999-01-01
248063,Lidong,Genther,M,56626,9999-01-01
248454,Seongbae,Swab,M,51717,9999-01-01
248456,Jinpo,Brender,F,58465,9999-01-01
248462,Filipe,Gecsei,M,55603,9999-01-01
248475,Masoud,Wursthorn,M,47060,9999-01-01
248486,Karoline,Nishimukai,M,52833,9999-01-01
248502,Sham,Vecchi,F,53222,9999-01-01
248515,Duro,Swiler,M,77147,9999-01-01
248537,Fumino,Cyne,M,52564,9999-01-01
248542,Pranay,Hitomi,M,63887,9999-01-01
248544,Basim,Murrill,F,65252,9999-01-01
248571,Jiakeng,Vesna,M,62435,9999-01-01
248572,Filipp,Fetvedt,M,95759,9999-01-01
248580,Flemming,Borovoy,M,40000,9999-01-01
248586,Divier,VanScheik,F,40000,9999-01-01
248599,Chinhyun,Luit,M,80295,9999-01-01
248600,Gio,Condotta,M,46533,9999-01-01
248609,Eirik,Chimia,M,46767,9999-01-01
248614,True,Rodiger,F,48798,9999-01-01
248626,Yolla,Gruenwald,M,44424,9999-01-01
248631,Sungwon,Pezzoli,M,63144,9999-01-01
248632,Zijian,Clemencon,M,74584,9999-01-01
248640,Jessie,Eiter,M,43486,9999-01-01
248648,Zhiwei,Schlenzig,M,40000,9999-01-01
248650,Vitali,Onuegbe,M,40000,9999-01-01
248659,Yoshimitsu,Encarnacion,F,40000,9999-01-01
248669,Mansur,Perz,M,74539,9999-01-01
248686,Danil,Awdeh,F,40000,9999-01-01
248688,Percy,Zlotek,M,45640,9999-01-01
248066,JiYoung,Hebden,F,40000,9999-01-01
248706,Panayotis,Azuma,M,81045,9999-01-01
248710,Fabrizio,Hockney,M,63763,9999-01-01
248713,Valter,Gaughan,F,40000,9999-01-01
248083,Zdislav,Wielonsky,F,40043,9999-01-01
248734,Mostafa,Ranst,M,41595,9999-01-01
248743,Leif,Bahr,M,40000,9999-01-01
248084,Noritoshi,Renear,M,60370,9999-01-01
248755,Kyoichi,Ranka,F,45761,9999-01-01
248085,Emdad,Marciano,F,46341,9999-01-01
248087,Christoph,Engelmann,F,40000,9999-01-01
248092,Macha,Marzano,F,70442,9999-01-01
248818,Yefim,Suomi,M,50354,9999-01-01
248820,Howell,Seiwald,M,55115,9999-01-01
248826,Jaana,Oxenboll,M,40000,9999-01-01
248130,Jacqueline,Bahr,F,53992,9999-01-01
248859,Arvind,Baar,M,58958,9999-01-01
248860,Sreenivas,Carrere,M,42988,9999-01-01
248871,Bokyung,Ozeki,M,45827,9999-01-01
248885,Xiong,Kieras,F,82421,9999-01-01
248888,Chikara,Thiran,M,55705,9999-01-01
248902,Lihong,Esteva,M,40000,9999-01-01
248908,Adit,Peha,F,45468,9999-01-01
248134,Fayez,Bernardeschi,M,40000,9999-01-01
248933,Insup,Miyakawa,M,40000,9999-01-01
248939,Paris,Ghelli,F,85101,9999-01-01
249093,Koldo,Sridhar,M,40000,9999-01-01
248951,Matt,Zultner,M,47357,9999-01-01
248957,Tomokazu,Peyn,F,59820,9999-01-01
248959,Elrique,Noriega,M,62838,9999-01-01
248965,Mack,Spinelli,F,69156,9999-01-01
248973,Slavian,Akaboshi,M,56807,9999-01-01
248979,Bezalel,Pezzoli,F,90062,9999-01-01
248988,Lokesh,Wynblatt,F,65731,9999-01-01
248989,Radoslaw,Giarratana,M,40000,9999-01-01
248994,Heping,Picaronny,M,65894,9999-01-01
248996,Basim,Sewelson,F,40000,9999-01-01
249003,Saniya,Bondorf,M,40000,9999-01-01
249011,JoAnne,Fargier,F,42644,9999-01-01
249034,Arun,Ranum,M,47627,9999-01-01
249045,Dinkar,Businaro,F,48246,9999-01-01
249052,Houman,Awdeh,M,40000,9999-01-01
249067,Geoff,Hasenauer,M,41079,9999-01-01
249078,Tremaine,Orlowska,M,49049,9999-01-01
249094,Subhrajyoti,Siepmann,M,64641,9999-01-01
249276,Arra,Matheson,M,62183,9999-01-01
249288,Youngkon,Marsiglia,F,67652,9999-01-01
249110,Yongmao,Lund,F,59664,9999-01-01
249299,Shaleah,Hebert,M,53262,9999-01-01
249324,Chinya,Androutsos,M,40000,9999-01-01
249339,Seongbin,Coors,M,59037,9999-01-01
249341,Miquel,Reinhart,F,74912,9999-01-01
249343,Radhika,Zumaque,M,40000,9999-01-01
249355,Manu,Kalafatis,F,85370,9999-01-01
249369,Lidong,Chinen,M,72202,9999-01-01
249117,Ugo,Silva,M,67615,9999-01-01
249381,Guiseppe,Chappelet,M,40000,9999-01-01
249387,Geraldo,Bharadwaj,M,70177,9999-01-01
249394,Shiv,Crabtree,F,40000,9999-01-01
249395,Shooichi,Falby,M,53713,9999-01-01
249399,Aran,Eugenio,F,40000,9999-01-01
249409,Mrinalini,Soicher,M,53668,9999-01-01
249410,Caolyn,Comyn,F,46630,9999-01-01
249411,Kwan,Gulik,F,84575,9999-01-01
249415,Panayotis,Noriega,M,46429,9999-01-01
249417,Heng,DasSarma,M,40000,9999-01-01
249429,Gill,Hainaut,F,48628,9999-01-01
249439,Billur,Sidhu,F,65081,9999-01-01
249121,Pantung,Turnbull,M,51340,9999-01-01
249453,Shim,Merle,F,40000,9999-01-01
249153,Arfst,Bridgland,M,40000,9999-01-01
249457,Gonzalo,Frezza,F,40000,9999-01-01
249468,Yakkov,Ibel,M,55927,9999-01-01
249479,Pintsang,Brodal,M,40000,9999-01-01
249506,Alagu,Braunschweig,F,58916,9999-01-01
249507,Tommaso,Sommer,M,48088,9999-01-01
249515,Dinkar,Carrera,M,40000,9999-01-01
249520,Chenye,Kemmerer,F,52651,9999-01-01
249528,Bader,Spataro,F,40000,9999-01-01
249534,Tran,Zykh,M,44630,9999-01-01
249535,Gopalakrishnan,Camurati,M,40000,9999-01-01
249547,Gen,Uchoa,M,40000,9999-01-01
249548,Freyja,Jiafu,F,63507,9999-01-01
249549,Hitomi,Skafidas,M,49196,9999-01-01
249559,Yuichiro,Flanders,M,40000,9999-01-01
249567,Mostafa,Yetto,M,46671,9999-01-01
249568,Khosrow,Crelier,M,40000,9999-01-01
249578,Atreyi,Cheshire,F,44196,9999-01-01
249159,Marjo,Dichev,M,69111,9999-01-01
249591,Shaw,Mersereau,M,45815,9999-01-01
249602,Feiyu,Munos,F,40000,9999-01-01
249603,Xiaopeng,Seuren,F,43340,9999-01-01
249607,Yongqiao,Mahnke,M,40974,9999-01-01
249609,Kasturi,Pietrzykowski,M,64249,9999-01-01
249610,Tesuya,Puppe,M,40000,9999-01-01
249613,Magy,Onuegbe,F,50443,9999-01-01
249624,Morris,Brandsma,F,65649,9999-01-01
249166,Yuguang,Cooley,F,40000,9999-01-01
249170,Masaru,Clouatre,M,76490,9999-01-01
249642,Yonghong,dAstous,M,59298,9999-01-01
249645,Cathie,Pokrovskii,F,40194,9999-01-01
249646,Alper,Boudaillier,F,49232,9999-01-01
249654,JoAnna,Zizka,M,91034,9999-01-01
249663,Xuedong,Braccini,F,71103,9999-01-01
249667,Shawna,Walston,M,70280,9999-01-01
249673,Naraig,Klerer,F,74464,9999-01-01
249174,Adam,Vernadat,M,89375,9999-01-01
249694,Uriel,Hutton,M,51914,9999-01-01
249696,Elrique,Whitcomb,M,50602,9999-01-01
249697,Mario,Kuzuoka,M,43164,9999-01-01
249708,Anoosh,Orlowski,M,54049,9999-01-01
249711,Georg,Zambonelli,M,65758,9999-01-01
249719,Xiaoheng,Staudhammer,M,40000,9999-01-01
249720,Dipayan,Strehl,M,86813,9999-01-01
249721,Nigel,McConalogue,F,62255,9999-01-01
249729,Aiichiro,Redmiles,M,40000,9999-01-01
249732,Kolar,Hiroyama,F,48458,9999-01-01
249736,Mari,Polajnar,F,58937,9999-01-01
249750,Sampalli,Koblitz,M,51167,9999-01-01
249758,Serge,Klerer,M,46877,9999-01-01
249761,Mayumi,Hoppenstand,M,53240,9999-01-01
249763,Josyula,Feldmann,F,52128,9999-01-01
249765,Apostol,Oxenboll,F,61674,9999-01-01
249802,Rasiah,Pearson,M,46619,9999-01-01
249805,Kitty,Bazzichi,F,63973,9999-01-01
249806,Mantis,Ratnaker,F,40000,9999-01-01
249809,Xuejun,Peot,M,40000,9999-01-01
249822,Sergi,Cairo,M,84741,9999-01-01
249827,Michaela,Perna,F,69504,9999-01-01
249830,Willard,Simmen,F,68635,9999-01-01
249843,Visit,Kandlur,M,63710,9999-01-01
249852,Ziya,Schade,F,94722,9999-01-01
249863,Masali,Chiola,M,40000,9999-01-01
249880,Zito,Eickenmeyer,F,47278,9999-01-01
249886,Radhika,Rossi,M,63142,9999-01-01
249900,Kasturi,Janocha,F,46563,9999-01-01
249907,Odoardo,Kumaresan,F,47031,9999-01-01
249912,Moni,Itschner,F,51376,9999-01-01
249923,Bowen,Frijda,M,59199,9999-01-01
249924,Remmert,Bale,M,53995,9999-01-01
249931,Berna,Oaver,M,45632,9999-01-01
249193,Fan,Radhakrishnan,M,58936,9999-01-01
249947,Arfst,Farrar,F,70544,9999-01-01
249958,Marjo,Bergere,F,61788,9999-01-01
249968,Suebskul,Birge,M,40000,9999-01-01
249971,Christoper,Tzvieli,M,57150,9999-01-01
249979,Cullen,Pearson,M,41887,9999-01-01
249988,Masako,Casperson,M,77921,9999-01-01
250000,Arch,Landherr,F,50402,9999-01-01
250004,Marit,Cannard,M,45540,9999-01-01
250005,Shooichi,Hagimont,F,40000,9999-01-01
250006,Deborah,Spataro,M,84272,9999-01-01
250015,DAIDA,Coombs,F,63339,9999-01-01
249194,Yongmin,Gimbel,F,41609,9999-01-01
250023,Xudong,Kuszyk,M,40000,9999-01-01
250026,Sigeru,Cooke,F,40789,9999-01-01
250039,Sumali,Maierhofer,M,50165,9999-01-01
249222,Sverrir,Srimani,F,40000,9999-01-01
250068,Kyoichi,Ghemri,M,78666,9999-01-01
250079,Fusako,Bouloucos,M,61346,9999-01-01
250080,Zhensheng,Nitsche,M,50189,9999-01-01
250083,Zine,Matzel,F,49788,9999-01-01
250117,Minghong,Mahnke,M,50086,9999-01-01
250127,Anwar,Bahl,F,58136,9999-01-01
250129,Karoline,Duclos,M,40000,9999-01-01
250130,Shigeo,Mersereau,M,50868,9999-01-01
250141,Brewster,Chenney,F,46120,9999-01-01
250158,Arie,Ritzmann,M,51935,9999-01-01
250163,Margareta,Saoudi,F,40000,9999-01-01
249225,Luise,Horswill,M,40000,9999-01-01
250169,Henk,Baja,M,41737,9999-01-01
249227,Manton,Chorvat,M,41634,9999-01-01
249233,Mara,McAffer,F,42914,9999-01-01
249237,Moti,Ciolek,M,40000,9999-01-01
250211,Kersti,Cronan,F,40000,9999-01-01
250213,Berhard,Murrill,M,40000,9999-01-01
250218,Uriel,Zongker,M,41127,9999-01-01
250225,Fuqing,Beerel,M,50176,9999-01-01
250241,Chuanti,Shigei,F,40000,9999-01-01
250244,Shunichi,Muntz,F,86983,9999-01-01
250257,Sachio,Huttel,F,40000,9999-01-01
250260,Baoqiu,Aloia,F,58362,9999-01-01
250264,Shir,Gecseg,M,55929,9999-01-01
249238,Khaled,Lampe,M,47039,9999-01-01
250272,Khalil,Birch,M,49754,9999-01-01
250276,Teruyuki,Schneeberger,M,40000,9999-01-01
249245,Ramzi,Baaz,M,64553,9999-01-01
250304,Brigham,Rusterholz,M,40000,9999-01-01
249261,Gil,Pettis,M,70545,9999-01-01
250331,Vitaly,Roohalamini,F,40236,9999-01-01
250339,Jongsuk,Ferriere,F,54198,9999-01-01
250356,Persi,Pocchiola,F,59273,9999-01-01
250376,Boutros,Leijenhorst,F,88891,9999-01-01
250580,Dietrich,Reinhart,F,40000,9999-01-01
250384,Basem,Raoux,F,40000,9999-01-01
250387,Roded,Trogemann,M,43196,9999-01-01
250389,Zeydy,Ouhyoung,F,47454,9999-01-01
250405,Sakthirel,Fetvedt,M,43014,9999-01-01
250418,Yannis,Cools,M,71357,9999-01-01
250419,Greger,Bottner,F,40000,9999-01-01
250420,Danel,Conta,F,49702,9999-01-01
250423,Tua,Krupka,M,43880,9999-01-01
250428,Shigeu,Reinhart,F,40000,9999-01-01
250454,Paddy,Bardell,M,74164,9999-01-01
250462,Vesna,Koyama,M,41223,9999-01-01
250464,Florian,Gimbel,F,85561,9999-01-01
250470,Nimmagadda,Barvinok,M,40000,9999-01-01
250472,Zhilian,Yamaashi,F,63363,9999-01-01
250473,Miomir,Raoux,M,45298,9999-01-01
250477,Pascal,Rando,M,83282,9999-01-01
250478,Shaleah,Casley,M,62935,9999-01-01
250493,Woody,Aloisi,F,47561,9999-01-01
250499,Arif,Aseltine,F,97241,9999-01-01
250598,Kristinn,Itschner,M,40000,9999-01-01
250515,Zissis,Schach,M,41651,9999-01-01
250516,Oddvar,Baig,F,40000,9999-01-01
250528,Abdulla,Barvinok,M,41455,9999-01-01
250531,Emdad,Panienski,M,60116,9999-01-01
250532,Masako,Zongker,F,50036,9999-01-01
250554,Sachio,Plesums,M,98525,9999-01-01
250558,Isaac,Esposito,F,46742,9999-01-01
250612,Hidekazu,Backhouse,M,79248,9999-01-01
250621,Ute,Baar,M,56226,9999-01-01
250771,Hiroyasu,Dehkordi,M,44003,9999-01-01
250790,Saeko,Veccia,F,57409,9999-01-01
250791,Halsur,Orlowski,M,47983,9999-01-01
250799,Badri,Homond,M,89545,9999-01-01
250805,Murthy,Vasanthakumar,M,47747,9999-01-01
250816,Kazuhide,Ambroszkiewicz,F,40344,9999-01-01
250819,Tommaso,Huhdanpaa,F,79004,9999-01-01
250624,Mayuri,Oehlmann,M,86552,9999-01-01
250825,Christophe,Perfilyeva,F,80146,9999-01-01
250845,Takahira,Turnbull,M,70543,9999-01-01
250851,Zongyan,Qiwen,M,44644,9999-01-01
250854,LiMin,Luders,F,64986,9999-01-01
250629,Salvador,Limongiello,M,43491,9999-01-01
250883,Eishiro,Fendler,M,44216,9999-01-01
250884,Jeanne,Pepe,F,40000,9999-01-01
250886,Kagan,Busillo,M,64747,9999-01-01
250903,Remzi,Szemeredi,M,49821,9999-01-01
250904,Snehasis,Zykh,F,40000,9999-01-01
250637,Sarita,Comte,F,40000,9999-01-01
250934,Jingling,Buchter,M,40000,9999-01-01
250945,Kirk,Streit,F,80757,9999-01-01
250950,Wonhee,Matzke,F,40000,9999-01-01
250967,Genki,Pardalos,F,59307,9999-01-01
250971,Sarita,Sankaranarayanan,M,46557,9999-01-01
250984,Mong,Uhrig,M,40000,9999-01-01
250996,Moie,Bazelow,F,40000,9999-01-01
251002,Aksel,Belinskaya,M,51774,9999-01-01
251004,Kwangjo,Nastansky,F,53110,9999-01-01
251005,Tomokazu,Norsworthy,M,40000,9999-01-01
251013,Sugwoo,Pietracaprina,M,40000,9999-01-01
251026,Shan,Whitcomb,F,41238,9999-01-01
251043,Kazuhisa,Barinka,M,58266,9999-01-01
251044,Basant,Constantine,F,42665,9999-01-01
251068,Aral,Angelopoulos,M,50782,9999-01-01
251079,Munenori,Yamaashi,M,40000,9999-01-01
251085,Ronnie,Vecchio,M,40000,9999-01-01
251092,Adas,Chenney,F,59201,9999-01-01
251100,Youssef,Itzigehl,F,40000,9999-01-01
251103,Leif,Hofmeyr,F,43554,9999-01-01
251108,Mizuhito,Eiron,M,62267,9999-01-01
250652,Eran,Brendel,F,42728,9999-01-01
251124,Owen,Akiyama,F,53964,9999-01-01
251130,Makato,Duclos,M,46988,9999-01-01
251141,Xiaoshan,Kroha,F,52168,9999-01-01
251149,Uli,Serra,F,40954,9999-01-01
251154,Zdislav,Picel,M,40000,9999-01-01
250656,Sadun,Valiente,F,40000,9999-01-01
251182,Goh,Dulli,M,82238,9999-01-01
251200,Kaijung,Birdsall,M,43024,9999-01-01
250664,Boutros,Gargeya,M,40000,9999-01-01
251216,Nechama,Tsunoo,M,66261,9999-01-01
251237,Cedric,Miara,M,66887,9999-01-01
250671,Aloys,Maksimenko,F,44892,9999-01-01
251253,Susumu,Petersohn,M,58513,9999-01-01
251261,Suzette,McAffer,M,61063,9999-01-01
251262,Kensei,Conry,M,56444,9999-01-01
251268,Gor,Morrey,F,63828,9999-01-01
251272,Akeel,Heuser,F,40000,9999-01-01
250675,Vasiliy,Staelin,M,51097,9999-01-01
251299,Parto,DasSarma,M,59707,9999-01-01
250685,Mohammad,Remmers,M,40000,9999-01-01
251318,Pragnesh,Fendler,M,40000,9999-01-01
251321,Licheng,Felcyn,M,40000,9999-01-01
251324,Yaghout,Schiettecatte,M,64611,9999-01-01
251327,Bodh,McAlpine,F,40000,9999-01-01
250687,Kensyu,Decleir,M,84847,9999-01-01
250708,Chiranjit,Sichman,M,40000,9999-01-01
251367,Werner,Kabayashi,M,40000,9999-01-01
251384,Sreekrishna,Cmelik,F,56038,9999-01-01
251388,Pantung,Fendler,F,40000,9999-01-01
251404,Ipke,Schapire,M,89837,9999-01-01
251419,True,Frolund,F,40000,9999-01-01
250711,Rosine,Koshiba,F,45505,9999-01-01
251436,Jeane,Kaelbling,M,40000,9999-01-01
251451,Adly,VanScheik,F,45135,9999-01-01
251456,Tua,Raney,F,86599,9999-01-01
251464,Junichi,Talmon,M,70706,9999-01-01
250714,Boaz,Conte,F,54322,9999-01-01
251470,Sadegh,Mungall,M,59253,9999-01-01
251474,Anwar,Kolvik,F,64458,9999-01-01
251478,Kamakshi,Maquelin,M,52510,9999-01-01
251480,Claude,Hedayat,M,40000,9999-01-01
250716,Guoxiang,Denos,M,55978,9999-01-01
251493,Lein,Rosen,F,71366,9999-01-01
251495,Aemilian,Hiltgen,M,80367,9999-01-01
251496,Eishiro,Rijckaert,M,69643,9999-01-01
250743,Herbert,Hanratty,M,40000,9999-01-01
251510,Margareta,Junet,F,50651,9999-01-01
251514,Shooichi,Carrere,M,62755,9999-01-01
251518,Duke,Perng,F,59217,9999-01-01
251524,Gully,Undy,M,46779,9999-01-01
251536,Valery,Crooks,F,50034,9999-01-01
251541,Jessie,Leivant,F,58690,9999-01-01
251565,Gill,Vuskovic,M,68433,9999-01-01
251591,Shahar,Pietrzykowski,F,40000,9999-01-01
251608,Ult,Baby,F,62298,9999-01-01
250747,Tomofumi,Bahr,M,44632,9999-01-01
251618,Piyawadee,Chachaty,M,62749,9999-01-01
251621,Mitchel,Alameldin,M,50179,9999-01-01
251683,Maris,Klassen,F,44022,9999-01-01
251669,Subhrajyoti,Daescu,M,55298,9999-01-01
251684,Tetsushi,Coorg,F,61132,9999-01-01
251861,Qunsheng,Gihr,M,67849,9999-01-01
251862,Kauko,Molenaar,M,40000,9999-01-01
251865,Younwoo,Danner,M,40000,9999-01-01
251877,Bojan,Danecki,M,40000,9999-01-01
251883,Trygve,Barreiro,M,84163,9999-01-01
251685,Conal,McConalogue,M,69927,9999-01-01
251903,Fabrizio,Menhoudj,M,56310,9999-01-01
251913,Rildo,Hellwagner,M,49131,9999-01-01
251687,Jordanka,Honglei,M,46676,9999-01-01
251921,Fusako,Mellouli,F,55264,9999-01-01
251688,Tsuneo,Jenevein,F,44343,9999-01-01
251947,Jouko,Pluym,M,40000,9999-01-01
251959,Djelloul,Masand,M,44605,9999-01-01
251961,Lidong,Huxford,F,56263,9999-01-01
251963,Larisa,Tasistro,F,50597,9999-01-01
251966,Volkmar,Cangellaris,F,43419,9999-01-01
251971,Harjit,Demke,F,64062,9999-01-01
251703,Djelloul,Chelton,M,45965,9999-01-01
251999,Godehard,Krohn,M,56057,9999-01-01
252004,Kazuhisa,Pettey,F,40000,9999-01-01
252016,Hatim,Czaja,M,105395,9999-01-01
252018,Yuguang,Spinelli,M,40000,9999-01-01
252021,Hatim,Lammel,F,48546,9999-01-01
252038,Ottavia,Serra,F,55367,9999-01-01
252044,Yurii,Syang,F,40000,9999-01-01
251709,Dmitry,Lorin,F,40000,9999-01-01
252055,Seongbae,Krychniak,F,43056,9999-01-01
252056,Arnd,Denny,M,54806,9999-01-01
252058,Fusako,Shiratori,M,64965,9999-01-01
252062,Shigeo,Wolniewicz,M,59138,9999-01-01
252070,Valeska,Katalagarianos,F,66223,9999-01-01
251720,Tadanori,Birke,M,40000,9999-01-01
252098,Surveyors,Snedden,F,40000,9999-01-01
252104,Tommaso,Reutenauer,M,56772,9999-01-01
251734,Lenore,Segond,M,52648,9999-01-01
252118,Yahiko,Mitsuhashi,M,40000,9999-01-01
252123,Hideyuki,Warwick,M,40000,9999-01-01
252138,Kiyotoshi,Zaiane,M,51965,9999-01-01
252159,Collette,Shobatake,M,53265,9999-01-01
252166,Maja,Avouris,M,40000,9999-01-01
252169,Mori,Kobara,F,49544,9999-01-01
252171,Kiam,Merli,M,40000,9999-01-01
251739,Zhiguo,Lichtner,M,45156,9999-01-01
252194,Uri,Perez,M,42975,9999-01-01
252198,Suzette,Hofmeyr,F,57280,9999-01-01
252199,Ute,Cannard,M,65263,9999-01-01
252221,Ortrun,Camarinopoulos,F,46226,9999-01-01
252224,True,Heiserman,F,47034,9999-01-01
252230,Nitsan,Kusalik,M,72744,9999-01-01
251767,Pranjal,Borovoy,F,40000,9999-01-01
252235,Spyrose,Litzkow,M,40000,9999-01-01
252243,Ayakannu,Coullard,M,40000,9999-01-01
252251,Shem,Staelin,M,52549,9999-01-01
252256,Takahira,Scallan,F,40000,9999-01-01
252260,Clyde,Munos,M,40000,9999-01-01
252272,Kwan,Alvarado,F,65282,9999-01-01
252284,Juichirou,Koyama,F,46417,9999-01-01
252285,Fayez,Gustavson,F,43632,9999-01-01
252306,Ger,Goldhammer,M,60825,9999-01-01
252312,Gonzalo,Simmel,M,49783,9999-01-01
252313,Zijian,Ellozy,M,83828,9999-01-01
252317,Murthy,Erie,M,75172,9999-01-01
252329,Panayotis,Horswill,F,50089,9999-01-01
252342,Lena,Yetim,F,40297,9999-01-01
252351,Kersti,Flanders,M,40000,9999-01-01
252362,Troy,Dulin,F,50570,9999-01-01
252368,Chenyi,Rabehasaina,M,83051,9999-01-01
252378,Owen,Alvarado,F,56711,9999-01-01
252391,Bezalel,Morton,F,40000,9999-01-01
252407,Shih,Ritzmann,M,44947,9999-01-01
252408,Charmane,Wynblatt,M,40000,9999-01-01
252410,Sukumar,Fujisawa,M,40000,9999-01-01
252419,Akemi,Bhattacharjee,M,48963,9999-01-01
252426,Poornachandra,Rijckaert,M,40743,9999-01-01
252457,Luigi,Pell,F,47989,9999-01-01
252461,Sanjai,Ramsey,M,50671,9999-01-01
252463,Remmert,Lanteri,M,47493,9999-01-01
251798,Urs,Oxenboll,M,54522,9999-01-01
252476,Youssef,Deverell,M,47916,9999-01-01
252477,Khedija,Jahnichen,M,41272,9999-01-01
252479,Aleksander,Tasistro,M,40000,9999-01-01
252482,Zito,Billingsley,F,40000,9999-01-01
252496,Alagu,Polajnar,M,40000,9999-01-01
252497,Urs,Parascandalo,F,40000,9999-01-01
252507,Rimli,DiGiano,F,58755,9999-01-01
252510,Bedir,Akazan,M,44094,9999-01-01
252514,Tsutomu,Kemmerer,M,65271,9999-01-01
252523,Masami,Schwabacher,M,41870,9999-01-01
252543,Sachem,Boguraev,M,81247,9999-01-01
252545,Itzchak,Zolotykh,F,59491,9999-01-01
252558,Manu,Schlenzig,M,40000,9999-01-01
252580,Kensyu,Stamatiou,M,55462,9999-01-01
251801,IEEE,Milicic,F,40000,9999-01-01
252603,Bartek,Shrader,M,65265,9999-01-01
252607,Shichao,Brender,M,40000,9999-01-01
251804,Shir,Akaboshi,F,40000,9999-01-01
252615,Chuanyi,Mandelberg,M,50935,9999-01-01
251806,Zhiguo,Chorvat,F,65002,9999-01-01
252650,Jamaludin,Pramanik,F,40000,9999-01-01
252653,Sreenivas,Maraist,M,61161,9999-01-01
252665,Khosrow,Klerer,M,40000,9999-01-01
252666,Matt,Ramamoorthy,M,55819,9999-01-01
252675,Pantung,Ponthieu,M,52048,9999-01-01
252680,Martina,Sewelson,F,40000,9999-01-01
251812,Doohun,Suomi,F,57487,9999-01-01
252696,Mart,Luft,F,41298,9999-01-01
252700,Tonny,Mayerwieser,F,40000,9999-01-01
252701,Bernice,Penttonen,F,40000,9999-01-01
252703,Barna,Beausoleil,F,73872,9999-01-01
252733,Toong,Besancenot,M,49138,9999-01-01
252740,Mang,Riesenhuber,M,40000,9999-01-01
252749,Akhilish,Yeung,F,72212,9999-01-01
251815,Moon,Belinskaya,M,41658,9999-01-01
252763,Felicidad,Aamodt,F,40000,9999-01-01
252764,Abdulla,Vendrig,M,44498,9999-01-01
252765,Jongsuk,Boreale,M,56076,9999-01-01
252767,Udaiprakash,Chiola,M,46848,9999-01-01
252769,Supot,Matheson,M,46551,9999-01-01
251826,Shimshon,Ghalwash,M,62345,9999-01-01
251830,Sanjeeva,Demeyer,M,61362,9999-01-01
252808,Steen,Leaver,F,41657,9999-01-01
252822,Gou,Gammage,M,40000,9999-01-01
251839,Nahum,Munoz,F,58529,9999-01-01
252834,Brigham,Bellone,M,40000,9999-01-01
252842,Leucio,Cangellaris,M,70629,9999-01-01
252862,Shahab,Schicker,M,59519,9999-01-01
252865,Sham,Zlotek,M,62961,9999-01-01
252868,Zhiguo,Strooper,M,40000,9999-01-01
251851,Yongmin,Munawer,M,54109,9999-01-01
252915,Jouni,Acton,M,60875,9999-01-01
252924,Kazuhisa,Bazzichi,F,72797,9999-01-01
252927,Vitaly,Veeraraghavan,M,53284,9999-01-01
252934,Zhenhua,Akaboshi,M,52755,9999-01-01
252939,Toshiki,Cullers,M,75307,9999-01-01
252942,Terresa,Showalter,F,51580,9999-01-01
252948,Danco,Krupka,M,40000,9999-01-01
253165,Adin,Assaf,M,40000,9999-01-01
252970,Mario,Herber,F,46089,9999-01-01
252971,Leon,Pluym,M,81380,9999-01-01
252982,Mandell,Pehl,F,51014,9999-01-01
252985,Giordano,Ramsak,M,44732,9999-01-01
252989,Stella,Wegerle,F,40000,9999-01-01
252992,Shahab,Gustavson,F,40000,9999-01-01
252997,Mamdouh,Reutenauer,F,51917,9999-01-01
253002,Niteen,Fioravanti,F,40000,9999-01-01
253003,Yannik,Lambe,F,40000,9999-01-01
253017,Subhash,Staudhammer,M,51642,9999-01-01
253037,Zijian,Bharadwaj,M,51595,9999-01-01
253042,Mariangiola,Matzke,M,59191,9999-01-01
253047,Hausi,Manders,M,40000,9999-01-01
253174,Hidekazu,Henders,F,74129,9999-01-01
253066,Faiza,Kugler,F,53853,9999-01-01
253070,Zhiguo,Gaughan,F,70352,9999-01-01
253081,Jenwei,Setlzner,F,40000,9999-01-01
253084,Duro,Potthoff,F,44857,9999-01-01
253086,Shugo,Huxford,F,40000,9999-01-01
253094,Hugh,Syrotiuk,M,84628,9999-01-01
253096,Taiji,Muhling,M,40000,9999-01-01
253098,Faiza,Delgrande,M,40000,9999-01-01
253099,Lobel,Atrawala,F,40000,9999-01-01
253100,Arunachalam,Lindqvist,F,40000,9999-01-01
253105,Susanta,Nollmann,M,52045,9999-01-01
253124,Samphel,Garnham,M,51189,9999-01-01
253125,Khalil,Percebois,M,40000,9999-01-01
253126,Alejandro,Birta,M,56589,9999-01-01
253141,Arra,Chiodo,F,40000,9999-01-01
253176,Basant,Giaccio,M,61452,9999-01-01
253146,Gou,Pramanik,M,52608,9999-01-01
253184,Mokhtar,Riexinger,M,72248,9999-01-01
253190,Rosli,Kuszyk,F,40000,9999-01-01
253346,Parviz,Hedayat,M,52308,9999-01-01
253354,Takahito,Hofman,M,74218,9999-01-01
253359,Gadiel,Terwilliger,M,41721,9999-01-01
253191,Ottavia,Jahnichen,F,59732,9999-01-01
253381,Berto,Henders,M,40000,9999-01-01
253212,Anneli,Jarecki,M,40000,9999-01-01
253402,Guther,Pavlopoulou,F,56218,9999-01-01
253410,Teruyuki,Polupanov,F,40000,9999-01-01
253415,Tran,Schwaller,F,40000,9999-01-01
253417,Irene,Kalorkoti,F,40000,9999-01-01
253445,Deniz,Maliniak,F,40000,9999-01-01
253448,Luigi,Hettesheimer,M,40000,9999-01-01
253457,Terresa,Stasinski,F,40000,9999-01-01
253462,Menkae,Sooriamurthi,F,47475,9999-01-01
253465,Rayond,Munke,F,51313,9999-01-01
253469,Rafail,Zeleznik,M,40000,9999-01-01
253472,Gianluca,Kusakabe,F,72004,9999-01-01
253473,Jamaludin,Crooks,F,40000,9999-01-01
253487,Henk,Pokrovskii,M,40000,9999-01-01
253492,Serge,Carrere,F,40000,9999-01-01
253501,Xinan,Gladwell,M,40000,9999-01-01
253509,Karsten,Kaminger,F,75130,9999-01-01
253511,Qingxiang,Nitta,F,56484,9999-01-01
253514,Apostol,Cannane,M,41810,9999-01-01
253516,Taizo,Poujol,M,40000,9999-01-01
253539,Bingning,Varker,M,55127,9999-01-01
253549,Tze,Benantar,M,56444,9999-01-01
253562,Slavian,Sethi,M,42879,9999-01-01
253569,Shaowen,Gopalakrishnan,M,46844,9999-01-01
253571,Tomokazu,Deverell,M,43662,9999-01-01
253572,Sachem,Schoegge,M,40000,9999-01-01
253579,Jeanna,Biron,M,62646,9999-01-01
253580,Duri,Suessmith,F,40000,9999-01-01
253217,Subhash,Honiden,M,48552,9999-01-01
253625,Leif,Pavlopoulou,F,75236,9999-01-01
253632,Pohua,Bresenham,M,68125,9999-01-01
253634,Sakthirel,Bellone,M,40000,9999-01-01
253636,Yucel,Itschner,F,62591,9999-01-01
253234,Utz,Fioravanti,F,40000,9999-01-01
253648,Tesuya,Millington,M,69882,9999-01-01
253650,Remzi,Loncour,F,49118,9999-01-01
253652,Jaewon,Hasham,M,61535,9999-01-01
253657,Mrinalini,Selvestrel,F,67519,9999-01-01
253670,Sachin,Conte,F,89680,9999-01-01
253679,Mingdong,Portugali,M,62731,9999-01-01
253683,Shaunak,Egerstedt,F,92760,9999-01-01
253697,Zeydy,Nitto,F,40000,9999-01-01
253700,Masasuke,Comyn,M,40000,9999-01-01
253704,Sven,Belinskaya,M,69171,9999-01-01
253249,Breannda,Tiemann,M,43455,9999-01-01
253714,Maria,Aseltine,M,64165,9999-01-01
253727,Fayez,Pargas,M,70124,9999-01-01
253729,Ziyad,Rusterholz,M,40631,9999-01-01
253733,Jiang,Rissland,M,49107,9999-01-01
253745,Krassimir,Adachi,M,63262,9999-01-01
253758,Jouni,Calkin,M,50818,9999-01-01
253260,Isaac,Capobianchi,F,40000,9999-01-01
253777,Kien,Ravishankar,F,40000,9999-01-01
253785,Eckart,Smailagic,M,56646,9999-01-01
253797,Martien,Fabrizio,F,40000,9999-01-01
253805,Malu,Fargier,F,57569,9999-01-01
253820,Jeong,Conry,F,46350,9999-01-01
253823,Gaurav,Casley,M,40000,9999-01-01
253827,Iara,Khasidashvili,F,49384,9999-01-01
253828,Shem,Lubachevsky,M,40000,9999-01-01
253830,Luerbio,Pintelas,M,55901,9999-01-01
253832,Jixiang,Foong,F,42277,9999-01-01
253266,Perry,Luft,F,53309,9999-01-01
253847,Xiaobin,Suermann,F,53289,9999-01-01
253848,Seongbae,Einsfeld,M,52046,9999-01-01
253851,Piyush,Smailagic,M,70555,9999-01-01
253865,Fox,Hedayat,M,40000,9999-01-01
253866,Reinhard,Reinhart,M,55652,9999-01-01
253869,Joydip,Schmiedel,F,48578,9999-01-01
253272,Amalendu,Uehara,M,64560,9999-01-01
253294,DeForest,Cherinka,F,40000,9999-01-01
253896,Mayuri,Akiyama,F,84103,9999-01-01
253911,Sumant,Siepmann,M,42855,9999-01-01
253914,Syozo,DeMori,F,53856,9999-01-01
253917,Sachin,Gaughan,M,41199,9999-01-01
253928,Abdulla,Oberman,M,53683,9999-01-01
253930,KayLiang,Moffat,F,40000,9999-01-01
253323,Gilbert,Lieberherr,F,46236,9999-01-01
253977,Tonny,Usdin,F,40000,9999-01-01
254003,Alenka,Haumacher,F,87386,9999-01-01
254013,Luise,Luff,M,49959,9999-01-01
254016,Danel,Bierman,M,50564,9999-01-01
254024,Richard,Ernst,F,59695,9999-01-01
254043,Saddek,Peng,M,40000,9999-01-01
254053,Heeju,Benantar,M,52224,9999-01-01
254065,Kazunori,Azadmanesh,M,45278,9999-01-01
254069,Uli,Nishimukai,M,67748,9999-01-01
254075,Kazuyasu,Soicher,M,41110,9999-01-01
254079,Iara,Iacovou,M,40000,9999-01-01
253324,Xiong,Vendrig,M,51274,9999-01-01
253325,Kristine,Ushiama,M,40000,9999-01-01
254084,Visit,Fiebach,F,64575,9999-01-01
253340,Val,Broder,M,51186,9999-01-01
254091,Alejandra,Jiang,M,40000,9999-01-01
254097,Seongbae,Ibel,M,66484,9999-01-01
254117,Leen,Andreotta,M,48181,9999-01-01
254127,Arfst,Shumilov,M,40000,9999-01-01
254138,Yechiam,Gammage,M,74086,9999-01-01
254141,Tran,Tramer,M,40000,9999-01-01
254270,Pohua,Hiraishi,M,56051,9999-01-01
254167,Xianlong,Tibblin,F,59272,9999-01-01
254290,Yechezkel,Doering,M,40000,9999-01-01
254188,Larisa,Peltason,F,48292,9999-01-01
254190,Baruch,Murrill,M,46530,9999-01-01
254203,Rutger,Milicic,F,80506,9999-01-01
254292,Pranas,Eppinger,M,82442,9999-01-01
254206,Tamiya,Asmuth,M,76338,9999-01-01
254212,Mayuri,Leijenhorst,M,52200,9999-01-01
254293,Stein,Pardalos,M,72996,9999-01-01
254223,Geraldo,Vieth,F,74043,9999-01-01
254294,Shridhar,Benzaken,M,40000,9999-01-01
254325,Khun,Luiz,F,41916,9999-01-01
254236,Ung,Zastre,F,51843,9999-01-01
254237,Keung,Slaats,M,58370,9999-01-01
254241,Anneli,Wursthorn,M,44902,9999-01-01
254245,Kshitij,Puppo,M,52777,9999-01-01
254247,Van,Furudate,M,106503,9999-01-01
254330,Mikhail,Muhling,M,57476,9999-01-01
254343,Masamitsu,Lenart,M,40000,9999-01-01
254347,Zine,Schwaller,F,42598,9999-01-01
254454,Uinam,Ponthieu,F,69829,9999-01-01
254456,Sanjoy,Openshaw,M,45936,9999-01-01
254459,Mart,Gadepally,M,48159,9999-01-01
254460,Duke,Poujol,M,41391,9999-01-01
254464,Kazuhito,Matteis,M,59575,9999-01-01
254354,Martins,Angiulli,F,51287,9999-01-01
254467,Shounak,Honiden,F,45641,9999-01-01
254366,Brendon,Bazzichi,M,44253,9999-01-01
254488,Arvind,Benzaken,M,56628,9999-01-01
254490,Dayanand,Ranta,M,59699,9999-01-01
254499,Hisao,Buescher,M,62725,9999-01-01
254502,Valeska,Dalphin,F,68384,9999-01-01
254370,Khedija,Schwartzburd,F,62190,9999-01-01
254516,Aram,Cannata,F,40000,9999-01-01
254529,Doowon,Terwilliger,M,40000,9999-01-01
254394,Mingsen,Garnick,M,40000,9999-01-01
254552,Geoffry,Doering,F,65080,9999-01-01
254563,Boaz,Dulin,F,56737,9999-01-01
254565,Shakhar,Businaro,F,40000,9999-01-01
254593,Goa,Morrin,M,55661,9999-01-01
254408,Kiyokazu,Pleszkun,M,72168,9999-01-01
254598,Divier,Joslin,F,60264,9999-01-01
254614,Marjo,Plesums,M,40000,9999-01-01
254625,Stevo,Shrader,M,69721,9999-01-01
254628,Gor,Chiola,F,41606,9999-01-01
254638,Matt,Peres,M,82287,9999-01-01
254647,Irene,Muntz,F,56467,9999-01-01
254655,Kazuhiko,Waterhouse,F,40000,9999-01-01
254663,Bernd,Shackell,M,40000,9999-01-01
254679,Zeljko,Suermann,M,55414,9999-01-01
254694,Jaques,Chinen,F,59248,9999-01-01
254698,Piyawadee,Suri,F,42764,9999-01-01
254699,Zsolt,Zumaque,F,40000,9999-01-01
254706,Sedat,Detkin,M,89007,9999-01-01
254713,Hinrich,Sevcikova,M,40000,9999-01-01
254759,Sreekrishna,Talmor,M,40000,9999-01-01
254767,Khosrow,Merro,M,40000,9999-01-01
254775,Serenella,Heinisuo,M,40000,9999-01-01
254779,Ioana,Wrigley,F,41164,9999-01-01
254788,Jouko,Merlo,M,53230,9999-01-01
254789,Mechthild,Kropp,F,74056,9999-01-01
254798,Takanari,Famili,M,86448,9999-01-01
254800,Shaowei,Danley,F,51721,9999-01-01
254814,Tsz,Worfolk,M,52682,9999-01-01
254823,Serif,Streit,M,40000,9999-01-01
254838,Nevio,Schaft,F,67360,9999-01-01
254851,Huiqun,Randi,F,40000,9999-01-01
254861,Alejandro,Yamaashi,F,55675,9999-01-01
254863,Bluma,Calkin,M,49842,9999-01-01
254868,Mohammad,Bakhtari,F,40000,9999-01-01
254871,Sverrir,Thiran,M,40000,9999-01-01
254880,Tran,Rassart,M,77640,9999-01-01
254882,Arunas,Bondorf,M,81936,9999-01-01
254883,Boalin,Brattka,F,40000,9999-01-01
254892,Cheong,Milicia,F,40000,9999-01-01
254902,Etsuo,Sifakis,F,49031,9999-01-01
254904,Jayesh,Montresor,M,44900,9999-01-01
254906,Jessie,Baalen,F,41348,9999-01-01
254907,Zhensheng,Boyle,F,76911,9999-01-01
254923,Doowon,Collavizza,F,40000,9999-01-01
254925,Sukumar,Kobara,M,71631,9999-01-01
254932,Masato,Cannard,M,49274,9999-01-01
254950,Sachar,Moffat,M,46725,9999-01-01
254957,Val,Lores,F,62767,9999-01-01
254959,Sukumar,Kitai,F,58140,9999-01-01
254963,Neven,Bharadwaj,F,48955,9999-01-01
254965,Ramya,England,F,40000,9999-01-01
254985,Maha,Casperson,M,40000,9999-01-01
255004,Selwyn,Coorg,F,48894,9999-01-01
255007,Vesna,Radhakrishnan,M,40000,9999-01-01
255010,Taiji,Denis,F,67867,9999-01-01
255011,Howell,Gips,F,40000,9999-01-01
255012,Eberhardt,Gischer,F,40000,9999-01-01
255018,Chiradeep,Matzke,M,40000,9999-01-01
255030,Genevieve,Kadhim,M,40851,9999-01-01
255044,Kwee,Conry,M,86810,9999-01-01
255053,Urs,Bolsens,M,72928,9999-01-01
255055,Masato,Oxman,M,63631,9999-01-01
255057,Ramya,Angel,M,40000,9999-01-01
255059,Tse,Kawashima,F,40000,9999-01-01
255092,Jenwei,Sinicrope,M,47626,9999-01-01
255115,DAIDA,Gulla,M,40000,9999-01-01
255132,Yifei,Turnbull,M,52383,9999-01-01
255143,Jessie,Bierman,F,64627,9999-01-01
255144,Pranjal,Perelgut,F,60582,9999-01-01
255151,Rasiah,Reghbati,M,53248,9999-01-01
255154,Susanna,Androutsos,F,56696,9999-01-01
255156,Constantino,Barvinok,M,40000,9999-01-01
255157,Saeed,Zlotek,M,40000,9999-01-01
255168,Ziva,Ananiadou,M,85000,9999-01-01
255171,Chriss,Gist,F,63091,9999-01-01
255177,Valeri,Baca,F,40000,9999-01-01
255220,Kwangsub,Renear,M,40000,9999-01-01
255225,Jiang,Irland,M,73104,9999-01-01
255242,Doowon,Pelz,M,43627,9999-01-01
255247,Taisook,Seghrouchni,M,56474,9999-01-01
255248,Rosita,Pellegrinelli,M,62285,9999-01-01
255282,Sumant,Aamodt,F,40000,9999-01-01
255291,Vesna,England,M,48459,9999-01-01
255308,Francesca,Gronowski,F,92920,9999-01-01
255313,Leucio,Suri,F,63312,9999-01-01
255318,Uma,Thimonier,M,80871,9999-01-01
255332,Bezalel,Maksimenko,F,40000,9999-01-01
255338,Fei,Veeraraghavan,F,50435,9999-01-01
255339,Leni,Hitomi,M,47424,9999-01-01
255357,Siddarth,Clouatre,M,87822,9999-01-01
255361,Aamer,Spell,F,40000,9999-01-01
255397,Augustine,Guenter,M,40000,9999-01-01
255400,Alair,Yetto,M,59347,9999-01-01
255403,Yuqun,Goldhammer,M,63736,9999-01-01
255407,Brewster,Strehl,M,63628,9999-01-01
255424,Vishwani,Jenevein,F,40000,9999-01-01
255432,Niranjan,Rajaraman,M,40000,9999-01-01
255456,Aleksandar,Tibblin,F,86526,9999-01-01
255464,Visit,Kragelund,F,42550,9999-01-01
255467,Hugh,Geffroy,F,69154,9999-01-01
255499,Dannz,Engelmann,M,72737,9999-01-01
255517,Niranjan,Schade,F,73791,9999-01-01
255534,Kauko,Ananiadou,F,47081,9999-01-01
255535,Visit,Panwar,F,40000,9999-01-01
255546,Froduald,Kroll,F,74324,9999-01-01
255556,Hironoby,Kavanagh,M,40990,9999-01-01
255579,Baoqiu,Birta,M,44666,9999-01-01
255598,Bernardo,Bugaenko,F,64344,9999-01-01
255610,Abdulah,Paciorek,M,68475,9999-01-01
255611,Hideyuki,Pell,F,40000,9999-01-01
255612,Kotesh,Bisiani,F,63944,9999-01-01
255620,Mani,Tiemann,M,84391,9999-01-01
255630,Kensei,Takkinen,M,50650,9999-01-01
255636,Itzchak,Docker,F,52970,9999-01-01
255641,Randy,Bahi,M,60548,9999-01-01
255647,Akemi,Smailagic,F,40000,9999-01-01
255668,Lokesh,Pashtan,F,59879,9999-01-01
255673,Yinlin,Crooks,M,40000,9999-01-01
255679,Lansing,Garnick,M,43688,9999-01-01
255686,Clyde,Peral,F,40000,9999-01-01
255711,Duangkaew,Erie,M,40000,9999-01-01
255715,Weicheng,Molberg,F,49726,9999-01-01
255717,Hein,Walstra,F,71882,9999-01-01
255741,Jacopo,Terwilliger,F,40000,9999-01-01
255768,Yuuichi,Plavsic,M,70968,9999-01-01
255773,Ingemar,Emden,F,72566,9999-01-01
255774,Taiji,Lagarias,F,71428,9999-01-01
255778,Manton,Rodier,M,59695,9999-01-01
255795,Sashi,Godskesen,F,40000,9999-01-01
255807,Mingzeng,Kleiser,M,40000,9999-01-01
255828,Akemi,Kilgore,F,40752,9999-01-01
255834,Brendon,Biros,F,40000,9999-01-01
255836,Pranjal,Nollmann,M,48909,9999-01-01
255837,Shigeo,Neimat,M,54703,9999-01-01
255858,Monique,Marzano,M,81471,9999-01-01
255877,Shao,Spinelli,M,66311,9999-01-01
255893,Jordanka,Showalter,F,40000,9999-01-01
255894,Nimmagadda,Stemann,M,57220,9999-01-01
255895,Moto,Hennebert,M,64698,9999-01-01
255902,Elvia,Businaro,F,68110,9999-01-01
255908,Ashish,Farris,M,62301,9999-01-01
255911,Bingning,Gladwell,M,40591,9999-01-01
255913,Ibibia,Hofman,F,60037,9999-01-01
255914,Vivian,Hutton,M,66251,9999-01-01
255925,Gaetan,Berztiss,M,52710,9999-01-01
255928,Tiina,Czaja,M,44560,9999-01-01
255933,Cheong,Swen,M,40000,9999-01-01
255934,Mantis,Fabrizio,M,56682,9999-01-01
255943,Gao,Cummings,M,64673,9999-01-01
255961,Harngdar,Kopetz,M,76019,9999-01-01
255962,Selwyn,Malabarba,F,84218,9999-01-01
255965,Kolar,Cooke,F,61396,9999-01-01
255966,Shay,McFarlin,M,47677,9999-01-01
255971,Xianlong,Beilner,M,61645,9999-01-01
255984,Stein,Kulisch,M,40000,9999-01-01
255989,Srinidhi,Couchot,M,47903,9999-01-01
255991,Sashi,Boreale,M,55979,9999-01-01
255997,Ugo,Cincotta,F,40000,9999-01-01
256001,Achilleas,Luby,F,55732,9999-01-01
256013,Visit,Nitto,F,46459,9999-01-01
256028,Barna,Mandell,M,40000,9999-01-01
256041,Yishay,Tomescu,M,50027,9999-01-01
256057,Shem,Khamsi,M,66862,9999-01-01
256061,Shiv,Karner,M,82060,9999-01-01
256099,Kersti,Alencar,F,46302,9999-01-01
256113,Snehasis,Vecchio,M,60294,9999-01-01
256116,Erzsebet,Walstra,M,56581,9999-01-01
256121,Katsuyuki,Pollacia,M,55385,9999-01-01
256137,Beshir,Kamble,M,78973,9999-01-01
256149,Tonia,Hiltgen,M,40000,9999-01-01
256163,Lakshmi,Mamelak,F,40000,9999-01-01
256167,Mahendra,Kenevan,F,48208,9999-01-01
256169,Fox,Prochazka,F,41857,9999-01-01
256172,Arvin,Arlazarov,M,54179,9999-01-01
256175,Hidefumi,Tokunaga,M,40000,9999-01-01
256179,Barun,Ginneken,M,56108,9999-01-01
256189,Kellyn,Reghbati,M,56755,9999-01-01
254409,Dante,Gide,F,51009,9999-01-01
256213,Shichao,Pileggi,M,40000,9999-01-01
256235,Oguz,Halevi,M,72421,9999-01-01
256241,Brigham,Uludag,F,65494,9999-01-01
254412,Akhilish,Vrecion,M,40000,9999-01-01
256253,Constantino,Bojadziev,F,44158,9999-01-01
256256,Sachem,Siprelle,F,40000,9999-01-01
254417,Yurii,Selvestrel,F,72148,9999-01-01
256277,Khaled,Genther,M,42643,9999-01-01
254418,Huican,Luan,F,40000,9999-01-01
256299,Chikako,Middleton,M,58177,9999-01-01
256300,Toshiko,Garnier,M,62401,9999-01-01
254436,Huai,Bottner,M,44144,9999-01-01
254444,Ramya,Buchter,F,40780,9999-01-01
256494,Kitty,Champarnaud,F,60199,9999-01-01
256302,Hercules,Zallocco,F,68321,9999-01-01
256320,Visit,Erva,F,40000,9999-01-01
256335,Flemming,Baba,F,40000,9999-01-01
256341,Parke,Candan,M,63793,9999-01-01
256342,Barton,Picaronny,M,62998,9999-01-01
256521,Bangqing,Kampfer,M,62755,9999-01-01
256361,Jaideep,Peltason,M,48901,9999-01-01
256391,Danai,Range,F,47759,9999-01-01
256394,Takahiro,Tagansky,M,47053,9999-01-01
256532,Percy,Benner,F,52412,9999-01-01
256403,Tua,Mattern,F,44299,9999-01-01
256407,Boaz,Mawatari,M,44973,9999-01-01
256408,Ortrud,Pollacia,M,40000,9999-01-01
256416,Oksana,Beutelspacher,F,63257,9999-01-01
256535,Yechiam,Danecki,F,40000,9999-01-01
256429,Takahiro,Kaiserswerth,M,40000,9999-01-01
256431,Lena,Schiettecatte,M,55925,9999-01-01
256536,Conor,Haumacher,F,40000,9999-01-01
256544,Nirmal,Gide,M,68952,9999-01-01
256551,Jaewoo,Peroz,F,51903,9999-01-01
256576,Kolar,Boudaillier,M,50817,9999-01-01
256583,Fatemeh,Servi,F,53571,9999-01-01
256611,Godehard,Lally,M,49510,9999-01-01
256440,Jenwei,Merey,M,46452,9999-01-01
256443,Lorien,Geffroy,F,74978,9999-01-01
256444,Quingbo,Vingron,M,53441,9999-01-01
256459,Claudi,Ranum,F,81131,9999-01-01
256461,Khedija,Muniz,F,76081,9999-01-01
256466,Constantine,Brodie,F,95493,9999-01-01
256468,Bernice,Grospietsch,M,40000,9999-01-01
256617,Mohan,Alameldin,M,41602,9999-01-01
256626,Yurii,Fortenbacher,F,40000,9999-01-01
256629,Toong,Jiang,F,40000,9999-01-01
256632,Qunsheng,Vingron,M,40000,9999-01-01
256636,Mayuri,Hoppenstand,M,47663,9999-01-01
256480,Demos,Ghemri,F,51574,9999-01-01
256637,Udi,Madeira,M,70359,9999-01-01
256484,Fayez,Randi,M,40000,9999-01-01
256648,Muzhong,Binkley,F,74697,9999-01-01
256657,Terresa,Baumann,M,57618,9999-01-01
256661,Moriyoshi,Talmor,M,41450,9999-01-01
256664,Alejandra,Poupard,F,85672,9999-01-01
256858,Fuqing,Strooper,M,40781,9999-01-01
256863,Jahangir,Leonhardt,M,48703,9999-01-01
256874,Rimli,Takanami,M,40000,9999-01-01
256678,Quingbo,Gustavson,M,57161,9999-01-01
256682,Troy,Imataki,M,43532,9999-01-01
256916,Suebskul,Anido,M,55134,9999-01-01
256701,Chikako,Veevers,F,40000,9999-01-01
256702,Uli,Murrill,F,40000,9999-01-01
256707,Breannda,Bain,F,78680,9999-01-01
256727,Marin,Glowinski,M,50335,9999-01-01
256728,Sajjan,Huxford,M,64478,9999-01-01
256740,Marsal,Vanwelkenhuysen,F,40000,9999-01-01
256919,Suebskul,Crouzet,M,40000,9999-01-01
256920,Martial,Salinas,M,40000,9999-01-01
256929,Gadiel,Anguita,M,50357,9999-01-01
256936,Maha,Redmiles,F,40000,9999-01-01
256956,Golgen,Unno,F,44349,9999-01-01
256961,Aksel,Farrar,F,56341,9999-01-01
256969,Kazuhisa,Keohane,F,45605,9999-01-01
256993,Martijn,Laurillard,F,58729,9999-01-01
256743,King,Bhattacharjee,M,40000,9999-01-01
256751,Boutros,Morris,M,45303,9999-01-01
256764,Shirish,Merks,M,40000,9999-01-01
257004,Godehard,Lowrie,F,40000,9999-01-01
256769,Shiv,Barbanera,F,85369,9999-01-01
256772,Hiroyasu,Malinowski,M,55199,9999-01-01
256783,Gonzalo,Bail,F,66157,9999-01-01
256792,Kerryn,Merli,M,93413,9999-01-01
257009,Jasminko,Zschoche,M,66665,9999-01-01
256823,Divier,Bolsens,F,40000,9999-01-01
257017,Margo,Rousseau,F,47352,9999-01-01
256828,Wilmer,Ramaiah,F,40000,9999-01-01
256834,Guozhong,Eickenmeyer,F,40000,9999-01-01
256835,Ranga,Hofstetter,F,40000,9999-01-01
256840,Bartek,Navazio,M,51810,9999-01-01
257235,Serap,Suomi,M,41879,9999-01-01
256852,Shir,Tanemo,F,61271,9999-01-01
257262,Geraldo,Cusworth,F,62316,9999-01-01
257264,Zhigen,Michaels,F,42573,9999-01-01
257051,Remzi,Norsworthy,M,78632,9999-01-01
257053,Nimmagadda,Emiris,M,68397,9999-01-01
257269,Rimon,Collette,F,77486,9999-01-01
257270,Tomokazu,Muhlberg,F,40000,9999-01-01
257073,Kagan,Schaar,F,40191,9999-01-01
257078,Boaz,Siepmann,F,40000,9999-01-01
257086,Xiaocheng,Ghalwash,F,57585,9999-01-01
257097,Sudharsan,Zielinski,M,40000,9999-01-01
257099,Nevin,Swan,M,49711,9999-01-01
257103,Rildo,Fabrizio,M,40000,9999-01-01
257127,Itzchak,Camarinopoulos,F,40000,9999-01-01
257133,Jenwei,Gill,M,40000,9999-01-01
257152,Phillip,Rosenbaum,F,40000,9999-01-01
257154,Kazuhiro,Vrecion,M,63408,9999-01-01
257189,Arlette,Tischendorf,M,40000,9999-01-01
257200,Satosi,Cromarty,F,40000,9999-01-01
257205,Menkae,Heydon,F,64166,9999-01-01
257209,Tamiya,Huhdanpaa,F,40000,9999-01-01
257217,Arco,Horswill,F,56645,9999-01-01
257274,Yagil,Perfilyeva,M,40000,9999-01-01
257416,Elvis,Jullig,M,61486,9999-01-01
257300,Nimmagadda,Taubenfeld,M,85537,9999-01-01
257432,Honglan,Birjandi,F,43163,9999-01-01
257435,Bangqing,Krybus,M,46317,9999-01-01
257436,Arlette,Dahlbom,M,86745,9999-01-01
257437,Valery,Menyhert,M,40000,9999-01-01
257441,Munehiko,Maccarone,M,47954,9999-01-01
257455,Maris,Dratva,F,69277,9999-01-01
257467,Jacqueline,Hofmeyr,M,64625,9999-01-01
257485,JoAnne,Schade,F,74705,9999-01-01
257498,Taiji,Bharadwaj,M,71520,9999-01-01
257501,Hilary,Bael,M,56813,9999-01-01
257505,Eran,Conta,M,66882,9999-01-01
257301,Zhenhua,Kampfer,M,79075,9999-01-01
257511,Younwoo,Luck,M,83214,9999-01-01
257302,Breannda,Steinauer,F,52753,9999-01-01
257517,Salvador,Speckmann,M,40000,9999-01-01
257311,Bernardo,Cooke,F,66997,9999-01-01
257322,Kotesh,Veldwijk,M,40000,9999-01-01
257526,Lalit,Ferretti,F,40000,9999-01-01
257533,Suebskul,Brookner,M,40000,9999-01-01
257537,Souichi,Segond,M,42323,9999-01-01
257538,Marco,Bellmore,M,40000,9999-01-01
257340,Gina,Feldmann,M,40000,9999-01-01
257350,Kaijung,Bardell,M,61884,9999-01-01
257565,Ymte,Heyers,M,40106,9999-01-01
257357,Lidong,Gomatam,F,40000,9999-01-01
257578,Ramachenga,Mersereau,M,44674,9999-01-01
257360,Honglan,Otillio,F,106124,9999-01-01
257369,Prasadram,Nannarelli,M,54587,9999-01-01
257376,Hyuncheol,Schwaller,F,53692,9999-01-01
257395,Yishay,Navazio,M,40000,9999-01-01
257401,Steve,Scallan,F,40000,9999-01-01
257617,Hideyuki,Markovitch,M,67926,9999-01-01
257407,Evgueni,Speer,F,49114,9999-01-01
257628,Luisa,Stille,M,56560,9999-01-01
257630,Jongsuk,Neiman,F,55060,9999-01-01
257409,Yuuichi,Sanella,M,41864,9999-01-01
257640,Reinhard,Klyachko,M,40000,9999-01-01
257793,Mitsuyuki,Kalafatis,F,66402,9999-01-01
257652,Naftaly,Kirkerud,F,40000,9999-01-01
257659,Danae,Kadhim,M,65660,9999-01-01
257665,Keiichiro,Gide,M,40000,9999-01-01
257667,Alagu,Dechter,F,40000,9999-01-01
257671,Rayond,Buescher,F,40000,9999-01-01
257677,Doowon,Bondorf,F,51596,9999-01-01
257685,Siamak,Szilard,M,40000,9999-01-01
257699,Gad,Zykh,F,51894,9999-01-01
257705,Takushi,Jumpertz,M,64269,9999-01-01
257797,Yongmin,Gecsei,M,54456,9999-01-01
257798,Alselm,Samarati,M,40090,9999-01-01
257733,Adin,Toyoshima,M,57893,9999-01-01
257802,Josyula,Vieri,M,48837,9999-01-01
257740,Jaewon,Merkl,M,73959,9999-01-01
257804,Peer,Conte,M,41900,9999-01-01
257817,Sanjay,Kaminger,M,65777,9999-01-01
257971,Hugo,Nivat,F,40000,9999-01-01
257977,Marko,Goodrum,M,52849,9999-01-01
257982,Saeed,Zaccaria,M,51082,9999-01-01
257988,Phule,Usdin,M,66819,9999-01-01
257992,Kazuhito,Besancenot,F,46394,9999-01-01
257993,Ronnie,Azulay,F,40000,9999-01-01
258003,Abdelghani,Rubsam,F,67536,9999-01-01
258009,Renee,Flanders,M,40000,9999-01-01
258010,Boaz,Birch,M,44728,9999-01-01
258041,Yuchang,Jeong,M,49890,9999-01-01
258054,Divier,Barinka,F,40000,9999-01-01
258061,Elvis,Kakkar,F,43918,9999-01-01
258071,Herbert,Jording,F,40000,9999-01-01
258078,Hilary,Orlowski,M,88057,9999-01-01
258084,Juichirou,Setia,F,54388,9999-01-01
258096,Shirish,Mitchem,M,59914,9999-01-01
258100,Pranas,Manderick,M,40000,9999-01-01
258102,Uinam,Ibel,M,62600,9999-01-01
258122,Mabhin,Mamelak,F,40000,9999-01-01
258129,Doohun,Heping,M,40000,9999-01-01
258132,Haldon,Speel,F,49605,9999-01-01
258140,Boutros,Georgakopoulos,M,58933,9999-01-01
258153,Billie,Guting,F,40000,9999-01-01
258157,Tetsushi,Frijda,F,57812,9999-01-01
258159,Ute,Wynblatt,F,40000,9999-01-01
258168,Junsik,Pews,M,43727,9999-01-01
258176,Honesty,Hinsberger,M,42073,9999-01-01
258187,Sanjay,Kitai,F,54328,9999-01-01
258193,Shaz,Calkin,M,40960,9999-01-01
258196,Adit,Lorys,F,63249,9999-01-01
258197,Saeko,Ranka,M,56257,9999-01-01
258198,Oguz,Heinisuo,F,53321,9999-01-01
258203,Kazuhiro,Skogmar,M,44527,9999-01-01
258205,Gill,Matteis,M,40000,9999-01-01
258214,Sandeepan,Picaronny,M,55026,9999-01-01
258216,Alper,Candan,M,66138,9999-01-01
258230,Mokhtar,Ranon,M,52832,9999-01-01
258240,Sushant,Clouatre,M,79121,9999-01-01
258256,Sahrah,Dayang,M,62652,9999-01-01
258259,Xudong,Kuzuoka,M,40000,9999-01-01
258271,Mads,Peck,M,62848,9999-01-01
258273,JoAnna,Maksimenko,M,61681,9999-01-01
258292,Bodo,Leivant,M,49669,9999-01-01
258317,Martina,Ciolek,M,46176,9999-01-01
258318,Manibrata,Remmele,M,47253,9999-01-01
258328,Peternela,Akiyama,M,40000,9999-01-01
258357,Ranan,Danecki,F,71913,9999-01-01
258359,Saeed,Bresenham,F,66607,9999-01-01
258371,Udi,Ciolek,F,82944,9999-01-01
258375,Marlo,Demos,F,40000,9999-01-01
258385,Tsz,Vesna,M,63714,9999-01-01
258386,Oscar,Ozeki,F,62143,9999-01-01
258397,Diederik,Khasidashvili,M,64101,9999-01-01
258398,Sangeeta,Lieblein,M,40000,9999-01-01
258399,Kendra,Journel,F,58089,9999-01-01
258411,Mihalis,Tchuente,M,50337,9999-01-01
258426,Rosalie,Klerer,F,40000,9999-01-01
258436,Sanjai,McClure,F,40700,9999-01-01
258451,Nahla,Menhardt,M,57052,9999-01-01
258457,True,Gihr,M,80523,9999-01-01
258473,Abdulah,Hellwagner,M,44989,9999-01-01
258484,Arve,Minakawa,M,40000,9999-01-01
258487,Vidya,Vingron,F,57800,9999-01-01
258496,Serap,Zultner,M,52254,9999-01-01
258500,Kristinn,Crabtree,M,56811,9999-01-01
258501,Nadjib,Bach,M,45544,9999-01-01
258507,Nechama,Miculan,M,75914,9999-01-01
258514,Lech,Thimonier,F,46694,9999-01-01
258521,Felicidad,Pintelas,M,93070,9999-01-01
258548,Jouni,Bierman,M,61244,9999-01-01
258554,Yonghong,Kossowski,M,40000,9999-01-01
258555,Uwe,Nyrup,F,57841,9999-01-01
258557,Kazuhisa,Pollacia,M,40000,9999-01-01
258562,Sverrir,Schwabacher,M,67344,9999-01-01
258568,Susumu,Masada,F,50486,9999-01-01
258581,Fumitaka,Ariola,M,46215,9999-01-01
258587,Francoise,Emden,M,40000,9999-01-01
258595,Sadun,Baumann,M,80161,9999-01-01
258599,Xiaocheng,Veccia,F,50933,9999-01-01
258604,Tsutomu,Rosaz,M,55370,9999-01-01
258609,Adit,Birge,M,40000,9999-01-01
258621,Arne,Aloia,M,43619,9999-01-01
258624,Dines,Swab,F,84313,9999-01-01
258627,Maris,Cools,M,70007,9999-01-01
258629,Filipe,Yeung,F,41485,9999-01-01
258632,Fei,Slaats,F,84957,9999-01-01
258651,Oscar,Compeau,M,50171,9999-01-01
258657,Denis,Choobineh,M,53853,9999-01-01
258660,King,Zastre,M,40000,9999-01-01
258669,Zissis,Ghazalie,M,63384,9999-01-01
258671,Weijing,Delgrossi,F,66571,9999-01-01
258678,Uinam,Iisaka,F,53896,9999-01-01
258680,Nakhoon,Kleiser,F,40278,9999-01-01
258681,Weijing,Brobst,M,48742,9999-01-01
258716,Shawna,Rabehasaina,M,74809,9999-01-01
258739,Girolamo,Toyoshima,M,48194,9999-01-01
258747,Shahaf,Candan,M,54958,9999-01-01
258752,Adil,Jervis,F,50527,9999-01-01
258763,Xiadong,Peak,M,66328,9999-01-01
258786,Huiqun,Birsak,M,49751,9999-01-01
258796,Badri,Hofstetter,M,89005,9999-01-01
258800,Margareta,Shanbhogue,M,43292,9999-01-01
258805,Masaru,Gulak,F,44039,9999-01-01
258810,Ziva,Sabnani,M,56744,9999-01-01
258822,Mizuhito,Pavlopoulou,F,40000,9999-01-01
258827,Zhiguo,Pusterhofer,F,70429,9999-01-01
258831,Adil,Perin,M,64905,9999-01-01
258838,Zhensheng,Stanger,M,73682,9999-01-01
258848,Tooru,Suermann,M,52858,9999-01-01
258850,Werner,Heuter,M,56477,9999-01-01
257828,Kristin,Iisaka,F,40000,9999-01-01
258861,Sigeru,Aamodt,M,40000,9999-01-01
258863,Elvia,Baig,M,40000,9999-01-01
258865,Marlo,Dichev,M,47178,9999-01-01
258867,Boguslaw,Berendt,M,40000,9999-01-01
258869,Valeska,Billawala,F,40000,9999-01-01
258878,Candido,Varker,M,40000,9999-01-01
258901,King,Keirsey,F,40000,9999-01-01
258907,Parke,Kumaresan,M,47471,9999-01-01
258924,Heekeun,Stiles,M,49342,9999-01-01
258927,Fumiya,Kragelund,M,62580,9999-01-01
258933,Danae,Karlin,F,52517,9999-01-01
258935,Moriyoshi,Harllee,M,40000,9999-01-01
257845,Uriel,Stafford,F,50502,9999-01-01
258938,Tse,Bugaenko,F,42332,9999-01-01
258944,Froduald,Hatcliff,F,47424,9999-01-01
258955,Serenella,Pollock,F,107773,9999-01-01
258963,Clyde,Riexinger,M,54239,9999-01-01
258968,Gil,Pokrovskii,M,74591,9999-01-01
258969,Jungsoon,Brandsma,F,40000,9999-01-01
258973,Dulce,Zultner,F,44848,9999-01-01
257860,Shahar,Gill,M,48065,9999-01-01
258974,Jinpo,Pusterhofer,F,65771,9999-01-01
258981,Guther,Swist,M,56107,9999-01-01
257863,Zhiwei,Niizuma,M,59610,9999-01-01
258992,Izaskun,Marakhovsky,M,57583,9999-01-01
258996,Halsur,Boudaillier,M,40455,9999-01-01
257867,Masaki,Collette,M,47199,9999-01-01
259002,Karlis,Cummings,F,74366,9999-01-01
259006,Sreekrishna,Neimat,F,63177,9999-01-01
257876,Kiam,Isard,F,44891,9999-01-01
259019,Paris,Bahl,M,51283,9999-01-01
259021,Maris,Redmiles,M,67287,9999-01-01
257888,Zhensheng,Tiemann,M,41353,9999-01-01
259041,Christoper,Feldhoffer,M,53688,9999-01-01
259047,Subhada,Wilharm,M,55972,9999-01-01
257907,Jacopo,Serdy,F,40000,9999-01-01
259052,Mads,Comellas,M,40000,9999-01-01
259060,Chaoyi,Kornatzky,M,54098,9999-01-01
259062,Tetsurou,Scharstein,F,40000,9999-01-01
259069,Shirish,Rodite,M,67463,9999-01-01
259075,Freyja,Herbst,F,52704,9999-01-01
257914,Garnet,Liedekerke,F,45712,9999-01-01
257915,Subir,Noriega,M,87774,9999-01-01
257920,Marek,Fiebach,M,73779,9999-01-01
257934,Ziyad,Baja,F,50390,9999-01-01
259085,Douadi,Puppe,M,74433,9999-01-01
259096,Yonghoan,Pavlopoulou,M,40000,9999-01-01
257953,Kwangyoen,Alencar,M,76071,9999-01-01
259102,Jiong,Nitta,M,40000,9999-01-01
259103,Shir,Valiente,M,76783,9999-01-01
259104,Masali,Ponthieu,F,60446,9999-01-01
259111,Christfried,Hennebert,M,40000,9999-01-01
259116,Eckart,Lunt,M,86835,9999-01-01
257957,Ugo,Pramanik,F,40000,9999-01-01
259120,Khalid,Matzke,F,40000,9999-01-01
259277,Sarita,Jansch,F,40000,9999-01-01
259126,Dines,Encarnacion,M,70329,9999-01-01
259134,Elgin,Raney,M,52107,9999-01-01
259140,Anyuan,Samarati,M,81137,9999-01-01
259150,Kiyomitsu,Majewski,M,59525,9999-01-01
259160,Marsha,Badr,F,62239,9999-01-01
259285,Odoardo,Khasidashvili,F,40000,9999-01-01
259166,Masadi,Krone,M,54130,9999-01-01
259311,Menkae,Hofstetter,M,58203,9999-01-01
259179,Petter,Ramaiah,M,72585,9999-01-01
259182,Kellyn,Ozeki,M,52888,9999-01-01
259194,Sandeepan,Merli,M,98624,9999-01-01
259202,Bodh,Moehrke,M,40000,9999-01-01
259313,Masadi,Aingworth,F,66604,9999-01-01
259223,Apostol,Vakili,M,96916,9999-01-01
259225,Toshimo,Stifter,M,67761,9999-01-01
259326,Sachar,Perly,M,79309,9999-01-01
259241,Becky,Setiz,M,43883,9999-01-01
259248,Chuanyi,Hertweck,F,40000,9999-01-01
259259,Douadi,Gist,F,54161,9999-01-01
259260,Morris,Pfau,M,49169,9999-01-01
259342,Serenella,Seghrouchni,M,67665,9999-01-01
259350,Poorav,Janetzko,M,40000,9999-01-01
259452,Juichirou,Gadepally,F,43287,9999-01-01
259382,Gurbir,Ushiama,F,40000,9999-01-01
259457,Alper,Garnier,M,62540,9999-01-01
259387,Vivian,Selenyi,M,40000,9999-01-01
259466,Genki,Aseltine,M,67787,9999-01-01
259467,Marit,Majewski,M,65770,9999-01-01
259469,Kristinn,Isard,M,44612,9999-01-01
259470,Karlis,Lakshmanan,F,61696,9999-01-01
259479,Vasilii,Zobel,M,64929,9999-01-01
259501,Udi,Zultner,M,40000,9999-01-01
259505,Mrinalini,Ozeri,M,51838,9999-01-01
259512,Jinxi,Arlazarov,F,47837,9999-01-01
259517,Tremaine,Miyakawa,F,40000,9999-01-01
259519,Jongsuk,Sambasivam,M,46753,9999-01-01
259536,Siamak,Verhoeff,M,50216,9999-01-01
259541,Jaber,Alblas,M,57690,9999-01-01
259542,Heekeun,Quaggetto,M,58670,9999-01-01
259551,Arup,Coorg,M,40000,9999-01-01
259553,Danai,Krychniak,M,41057,9999-01-01
259565,Shirish,Osgood,M,65510,9999-01-01
259583,Kiyomitsu,Swan,M,40000,9999-01-01
259609,Kristian,Prochazka,M,96362,9999-01-01
259613,Ulf,Vesel,F,65554,9999-01-01
259629,Sergi,Yemenis,M,40000,9999-01-01
259654,Pranay,Dehkordi,F,40000,9999-01-01
259660,Kristinn,Melter,M,73666,9999-01-01
259663,Masaki,Casley,M,42397,9999-01-01
259679,Jiong,Ishibashi,M,45190,9999-01-01
259682,Zine,Shobatake,M,40000,9999-01-01
259700,Ronghao,Hebert,M,44806,9999-01-01
259707,Rosella,Perin,M,67866,9999-01-01
259716,Remzi,Kolinko,F,80443,9999-01-01
259722,Candida,Vendrig,F,51612,9999-01-01
259726,Houman,Cyne,F,40000,9999-01-01
259731,Masaki,Flasterstein,M,59190,9999-01-01
259734,Reinhold,Gils,F,69301,9999-01-01
259771,Youssef,Chaudhuri,F,40000,9999-01-01
259777,Siamak,Godskesen,M,50401,9999-01-01
259783,Genevieve,Luby,M,40000,9999-01-01
259787,Yonghong,Giveon,M,70865,9999-01-01
259793,Yefim,Birke,F,40000,9999-01-01
259803,Kensyu,Zielinski,F,92954,9999-01-01
259825,Utpal,Soicher,M,47159,9999-01-01
259841,Pascal,Beausoleil,M,40000,9999-01-01
259846,Muneo,Parfitt,M,40000,9999-01-01
259849,Odoardo,Prampolini,M,72036,9999-01-01
259856,Yuriy,Camurati,F,40000,9999-01-01
259859,Miomir,Hooghiemstra,F,46234,9999-01-01
259860,Falguni,Polajnar,F,40537,9999-01-01
259863,Jovan,Siegrist,M,81484,9999-01-01
259880,Shuji,Bolsens,M,50097,9999-01-01
259898,Lakshmi,Angel,M,55327,9999-01-01
259900,Taiji,Sanella,F,83605,9999-01-01
259916,Tzu,Demri,F,40000,9999-01-01
259917,Isaac,Marletta,M,55899,9999-01-01
259922,Terresa,Kitsuregawa,M,40000,9999-01-01
259942,Arra,Linnainmaa,M,49030,9999-01-01
259947,Kasidit,Yoshimura,M,40000,9999-01-01
259949,Marc,Veeraraghavan,M,51819,9999-01-01
259951,Shir,Beerel,M,41919,9999-01-01
259958,Vatsa,DeMori,M,57818,9999-01-01
259960,Danae,Thambidurai,F,67120,9999-01-01
259391,Gadiel,Fiebach,F,40000,9999-01-01
259989,Magdalena,Nitsche,M,50316,9999-01-01
259392,Mary,Jansen,M,54087,9999-01-01
260000,Sudhanshu,Kalefeld,M,40005,9999-01-01
259402,Uriel,Seuren,M,50665,9999-01-01
259405,Yurij,Brookner,M,40000,9999-01-01
260007,Ute,McAffer,M,48537,9999-01-01
259410,Yechezkel,Waleschkowski,F,48951,9999-01-01
260011,Rosalie,Falck,F,50467,9999-01-01
260017,Berto,Swist,M,55690,9999-01-01
259411,Faiza,Perry,M,40000,9999-01-01
259414,Lena,Daescu,F,74905,9999-01-01
260029,Charmane,Keirsey,F,40000,9999-01-01
259424,Barun,Dayana,M,58489,9999-01-01
260035,Radhakrishnan,Morrey,F,40000,9999-01-01
260037,Naraig,Prochazka,M,40000,9999-01-01
260044,Josyula,Oaver,M,56293,9999-01-01
259427,Khedija,Lores,F,40000,9999-01-01
260046,Wonhee,Orlowski,M,40000,9999-01-01
259428,Dinkar,Passino,M,40000,9999-01-01
259430,Yechiam,Kobara,M,42235,9999-01-01
259431,Mitchel,Gluchowski,M,40000,9999-01-01
259437,Yucel,Babb,M,62660,9999-01-01
260077,Vishwani,Wallrath,M,40000,9999-01-01
260080,Gregory,Marzano,M,40000,9999-01-01
259440,Subir,Shumilov,F,68883,9999-01-01
260082,Gina,Swan,M,62814,9999-01-01
260092,Aruna,Detkin,F,50094,9999-01-01
259443,Yongmin,Ramsay,M,54838,9999-01-01
260189,Stabislas,Salvesen,F,50493,9999-01-01
260101,Dhritiman,Ghazalie,F,65936,9999-01-01
260117,Margo,Raczkowsky,M,40000,9999-01-01
260126,Spyrose,Worfolk,M,40000,9999-01-01
260193,Maya,Rassart,M,49149,9999-01-01
260128,Willard,Yoshimura,F,71758,9999-01-01
260206,Pranjal,Waterhouse,M,40000,9999-01-01
260144,Fun,Baja,M,43141,9999-01-01
260145,Lihong,Rajcani,M,64012,9999-01-01
260148,Yaghout,Eterovic,M,61442,9999-01-01
260222,Berry,Preusig,M,40000,9999-01-01
260169,Lokesh,Codenie,F,44695,9999-01-01
260181,Evgueni,Shanbhogue,F,40000,9999-01-01
260246,Alagu,Birta,M,40000,9999-01-01
260273,Lillian,McAlpine,F,40000,9999-01-01
260378,Taisook,Basagni,M,65279,9999-01-01
260380,Utpal,Tagansky,F,40000,9999-01-01
260393,Jongsuk,Matheson,F,79535,9999-01-01
260281,Hidefumi,Lodder,M,49792,9999-01-01
260414,Stamatina,Jullig,F,45983,9999-01-01
260415,Lobel,Broder,M,40000,9999-01-01
260417,Wuxu,Trachtenberg,M,58196,9999-01-01
260418,Alejandro,Pezzoli,F,40000,9999-01-01
260420,Yurii,Senzako,M,61592,9999-01-01
260423,Debaprosad,Papadias,M,40000,9999-01-01
260296,Heng,Denti,M,54751,9999-01-01
260427,Munehiro,Jervis,M,40000,9999-01-01
260441,Ennio,Gruenwald,F,40000,9999-01-01
260302,Munir,Velasco,F,61964,9999-01-01
260305,Jiong,Gill,M,40000,9999-01-01
260456,Shounak,Luck,M,40000,9999-01-01
260322,Arlette,Lamparter,F,40969,9999-01-01
260325,Zorica,Lamma,M,68748,9999-01-01
260331,Niteen,Matteis,M,67381,9999-01-01
260342,Leaf,Peroz,F,51495,9999-01-01
260502,Danco,Jeong,M,56554,9999-01-01
260507,Foong,Lueh,M,40000,9999-01-01
260344,Sugwoo,Marchesini,F,40000,9999-01-01
260348,Stafford,Pettit,M,54648,9999-01-01
260516,Hidekazu,Byoun,M,66474,9999-01-01
260521,Dekang,Marrevee,M,40000,9999-01-01
260522,Kasturi,Baez,F,66080,9999-01-01
260352,Ayonca,Kilgore,F,40000,9999-01-01
260527,Katsuyuki,Lindqvist,M,50086,9999-01-01
260529,Nechama,Hofstetter,F,40000,9999-01-01
260359,Kensyu,Furudate,M,40000,9999-01-01
260541,Ute,Scharstein,M,75064,9999-01-01
260546,Behnaam,Haldar,M,40000,9999-01-01
260550,Ebru,Birjandi,F,40000,9999-01-01
260551,Alper,Murtha,M,40000,9999-01-01
260573,Abdulla,Lamparter,F,58846,9999-01-01
260575,Kokou,Ushiama,M,40000,9999-01-01
260588,Shuichi,Speel,M,55406,9999-01-01
260603,Spyrose,Falster,M,60696,9999-01-01
260612,Roded,Conte,M,79824,9999-01-01
260742,Domenico,Schmiedel,M,40000,9999-01-01
260626,Piyawadee,Eppinger,F,59906,9999-01-01
260634,Beshir,Angelov,F,67532,9999-01-01
260638,Richara,Cronan,M,46203,9999-01-01
260642,Xianlong,Kemmerer,M,40000,9999-01-01
260644,Moty,Bennet,M,40000,9999-01-01
260756,Jahangir,Swick,M,57953,9999-01-01
260667,Akemi,Weedon,F,54938,9999-01-01
260669,Nitsan,Sinicrope,M,40000,9999-01-01
260670,Divine,Acton,M,40717,9999-01-01
260764,Honesty,Kalefeld,M,40000,9999-01-01
260690,Kristin,Tibblin,M,50759,9999-01-01
260779,Stepehn,Rando,M,48699,9999-01-01
260693,Oksana,Mungall,F,71136,9999-01-01
260697,Nagui,Renear,F,61967,9999-01-01
260700,Eishiro,Taubenfeld,M,96900,9999-01-01
260781,Bangqing,Walstra,M,42417,9999-01-01
260783,Danny,Emmerich,M,44669,9999-01-01
260727,Nalini,Billawala,M,92951,9999-01-01
260790,Niteen,Perfilyeva,M,40000,9999-01-01
260797,Dines,Kragelund,M,40000,9999-01-01
260834,Khoa,Tomescu,F,50743,9999-01-01
260949,Sudharsan,Oberman,M,54302,9999-01-01
260850,Goa,Serra,F,40188,9999-01-01
260969,Aamod,Leuchs,M,40000,9999-01-01
260864,Aram,Asser,M,72714,9999-01-01
260981,Reuven,Ermel,F,72561,9999-01-01
260986,Dung,Cardazo,M,55902,9999-01-01
260992,Dietrich,Etalle,M,40564,9999-01-01
260865,Giao,Zallocco,M,48791,9999-01-01
260994,Kazuhide,Schonegge,F,55458,9999-01-01
260998,Vishwani,Zyda,M,40000,9999-01-01
260889,Mona,Streng,M,45696,9999-01-01
261007,Yakkov,Jayawardene,M,64321,9999-01-01
261010,Fei,Nourani,M,42646,9999-01-01
261017,Genta,Varker,M,68767,9999-01-01
260895,Prasadram,Templeman,F,57607,9999-01-01
260902,Mandell,Raczkowsky,F,57750,9999-01-01
261053,Uwe,Honglei,M,76210,9999-01-01
260911,Tru,Vecchio,M,52819,9999-01-01
261070,King,Zuberek,M,40000,9999-01-01
261073,Carrsten,Wilfing,M,50109,9999-01-01
261075,Chandrasekaran,Esposito,M,72589,9999-01-01
260920,Irena,Highland,M,53846,9999-01-01
261087,Teiji,Hegner,F,40000,9999-01-01
260922,Irena,Bugrara,M,40000,9999-01-01
261127,Tremaine,Pena,F,72264,9999-01-01
261102,Chaoyi,Speckmann,M,71002,9999-01-01
261109,Bogdan,Quadeer,M,45502,9999-01-01
261130,Brigham,Stassinopoulos,F,53934,9999-01-01
261298,Ottavia,Ventosa,F,40000,9999-01-01
261135,Chriss,Noriega,M,50209,9999-01-01
261136,Vishv,Joslin,F,103702,9999-01-01
261317,Chenxi,Prenel,F,42955,9999-01-01
261143,Reinhard,Mansanne,M,69057,9999-01-01
261321,Aram,Eldridge,M,78838,9999-01-01
261330,Takahira,DiGiano,F,44173,9999-01-01
261147,Tommaso,Murillo,M,57009,9999-01-01
261337,Deniz,Leslie,M,67343,9999-01-01
261149,Wayne,Riesenhuber,F,57877,9999-01-01
261346,Elvis,Brendel,M,61633,9999-01-01
261153,Fusako,Anily,F,40000,9999-01-01
261351,Ottavia,Erde,F,40000,9999-01-01
261159,Kokou,Janocha,F,48512,9999-01-01
261362,Zdislav,Emiris,F,95193,9999-01-01
261365,Feiyu,Asmuth,M,82338,9999-01-01
261172,Katsuyuki,Luit,F,68463,9999-01-01
261372,Xianlong,Uhrig,M,40000,9999-01-01
261374,Arumugam,Antonisse,M,40000,9999-01-01
261383,Elliott,Manders,M,69142,9999-01-01
261385,Roddy,Angel,M,57141,9999-01-01
261189,Ottavia,Michaeli,F,40000,9999-01-01
261403,Berna,Uhrig,F,64863,9999-01-01
261190,Ranga,Pusterhofer,F,40000,9999-01-01
261409,Chiradeep,Cairo,M,90408,9999-01-01
261192,Susanta,Schneeberger,M,40000,9999-01-01
261416,Sreenivas,Vilarrasa,F,53405,9999-01-01
261194,Nimmagadda,Nitta,M,67590,9999-01-01
261421,Bingning,Tramer,M,51817,9999-01-01
261196,Maya,Kitsuregawa,M,40000,9999-01-01
261427,Ioana,Sinicrope,M,69526,9999-01-01
261213,Abdulah,Covnot,M,100122,9999-01-01
261437,Niclas,Cairo,F,40000,9999-01-01
261446,Erzsebet,Ligten,M,82468,9999-01-01
261451,Randi,Gide,M,69345,9999-01-01
261225,Parto,Honiden,F,40000,9999-01-01
261458,Eberhardt,Swiss,F,40000,9999-01-01
261468,Radoslaw,Covnot,F,48711,9999-01-01
261226,Zhaofang,Baby,F,80285,9999-01-01
261245,Shahab,Schusler,M,47656,9999-01-01
261247,Sanjiv,Munos,F,58994,9999-01-01
261486,Bezalel,Schreiter,F,40000,9999-01-01
261249,Gift,Negoita,F,56399,9999-01-01
261255,Sven,Michaels,M,48309,9999-01-01
261507,George,Driscoll,F,68938,9999-01-01
261510,Takahito,Ohori,F,40000,9999-01-01
261262,Bikash,Schahn,F,51622,9999-01-01
261516,Kitty,Ravishankar,M,40000,9999-01-01
261517,Caolyn,Orsini,M,40000,9999-01-01
261271,Dipayan,Murillo,F,40000,9999-01-01
261526,Fumiyo,Munro,M,74610,9999-01-01
261527,Arunachalam,Butner,M,41800,9999-01-01
261272,Fun,Gopalakrishnan,M,40000,9999-01-01
261274,Mads,Serra,F,54587,9999-01-01
261279,Ghassan,Sgarro,M,80023,9999-01-01
261548,Gita,Karunanithi,M,73014,9999-01-01
261673,Fatemeh,Birta,F,51116,9999-01-01
261569,Thodoros,Albarhamtoshy,F,81187,9999-01-01
261575,Maha,Comte,M,40000,9999-01-01
261580,Kellie,Chappelet,M,40000,9999-01-01
261686,Kenton,Perin,M,40000,9999-01-01
261595,Kankanahalli,Dymetman,F,50607,9999-01-01
261597,Shaunak,Prochazka,F,48447,9999-01-01
261598,Mostafa,Anily,F,40000,9999-01-01
261599,Jouko,Genin,M,42580,9999-01-01
261607,Billur,Gunderson,M,59171,9999-01-01
261695,Giri,Acton,M,57189,9999-01-01
261615,Faiza,Nittel,M,50486,9999-01-01
261624,Freyja,Takanami,F,40000,9999-01-01
261700,Mamdouh,Gronowski,F,40000,9999-01-01
261627,Mokhtar,Kemmerer,M,64078,9999-01-01
261628,Arvin,Rajaraman,M,40000,9999-01-01
261633,Zhiguo,Hertweck,M,41402,9999-01-01
261635,Amalendu,Ruther,M,41984,9999-01-01
261702,Goa,Kaltofen,M,40000,9999-01-01
261729,Oldrich,Mawatari,F,40000,9999-01-01
261644,Stafford,Codenie,F,40000,9999-01-01
261648,Zhenbing,Maksimenko,F,56333,9999-01-01
261651,Angus,Anguita,M,77905,9999-01-01
261852,Vesna,Orsini,F,48340,9999-01-01
261853,Cedric,Gerlach,F,40000,9999-01-01
261856,Domenico,Gente,F,69634,9999-01-01
261862,Demin,Penn,F,73235,9999-01-01
261866,Michaela,Juneja,M,40000,9999-01-01
261874,Elrique,Mandelberg,F,40000,9999-01-01
261883,Froduald,Versino,M,53780,9999-01-01
261894,Nechama,Versino,F,59071,9999-01-01
261897,Moss,Molberg,M,49143,9999-01-01
261900,Zongyan,Randt,M,90098,9999-01-01
261901,Richara,Covnot,F,40000,9999-01-01
261904,Gurbir,Raczkowsky,M,40000,9999-01-01
261912,Pranjal,Ghalwash,F,40000,9999-01-01
261732,Bogdan,Pfau,M,46948,9999-01-01
261738,Radhia,Velardi,M,60861,9999-01-01
261750,Anyuan,Codenie,M,43801,9999-01-01
261957,Thodoros,Gecseg,F,54278,9999-01-01
261754,Tzvetan,Bala,M,47396,9999-01-01
261960,Xinyu,Mahnke,F,49578,9999-01-01
261962,Boutros,Ramaiah,M,40000,9999-01-01
261764,Kenton,Viele,F,40000,9999-01-01
261978,Mahendra,Willoner,M,40000,9999-01-01
261772,Weiyi,Esteva,M,49257,9999-01-01
261987,Sanjoy,Kushner,M,40000,9999-01-01
261779,Yahiko,Dichev,F,48566,9999-01-01
262003,Xuejia,Werthner,M,62722,9999-01-01
261786,Pantung,Fontet,F,48557,9999-01-01
261801,Van,Kinley,M,46750,9999-01-01
262027,Georg,Schauser,M,59202,9999-01-01
262035,Clyde,Streng,M,40000,9999-01-01
261803,Hugh,Kowalchuk,M,57206,9999-01-01
261805,Akeel,Veeraraghavan,F,40000,9999-01-01
261811,Kensei,Middleton,M,40000,9999-01-01
262041,Eckart,Valette,F,40000,9999-01-01
262043,Jasminko,Schrooten,M,62260,9999-01-01
261815,Makato,Zaumen,F,40000,9999-01-01
262047,Aksel,Thibadeau,M,67633,9999-01-01
262051,Martien,Cummings,M,40000,9999-01-01
262053,Hailing,Colorni,M,64539,9999-01-01
261817,Guadalupe,Kowalchuk,M,59467,9999-01-01
262057,Dinah,Bojadziev,M,65644,9999-01-01
261826,Martins,Ulupinar,M,40000,9999-01-01
261846,Phuoc,Farris,F,52263,9999-01-01
262080,Rosine,Validov,F,40000,9999-01-01
261849,Alselm,Makinen,M,40000,9999-01-01
262105,Heeju,Perly,M,89631,9999-01-01
262243,Qunsheng,Buchter,M,52779,9999-01-01
262116,Shunichi,Swift,M,46098,9999-01-01
262132,Genevieve,Lichtman,M,45832,9999-01-01
262141,Bartek,Kilgour,F,40000,9999-01-01
262260,Ishfaq,Lund,M,44838,9999-01-01
262168,Youjian,Pews,F,63842,9999-01-01
262178,Stein,Dalphin,M,40000,9999-01-01
262271,Martina,Maliniak,M,40000,9999-01-01
262184,Trygve,Farrel,M,55886,9999-01-01
262190,Marin,Hofman,M,40000,9999-01-01
262273,Yakkov,Guting,M,40000,9999-01-01
262292,Hyuckchul,Cardazo,M,54794,9999-01-01
262212,Evgueni,Clouatre,M,63535,9999-01-01
262216,Ennio,Auria,M,76452,9999-01-01
262296,Harngdar,Rindone,F,49136,9999-01-01
262304,Izaskun,Schwartzburd,M,40000,9999-01-01
262319,Mooi,Barreiro,M,42427,9999-01-01
262323,Sugwoo,Rodiger,M,40000,9999-01-01
262428,Changho,Gerlach,F,70301,9999-01-01
262325,Zejun,Luit,F,40000,9999-01-01
262333,Fayez,Haumacher,M,45360,9999-01-01
262451,Baoqiu,Pokrovskii,F,40000,9999-01-01
262340,Zengping,Deverell,M,49501,9999-01-01
262457,Stein,Collavizza,F,40000,9999-01-01
262348,Aksel,Frezza,F,53824,9999-01-01
262478,Otilia,Pargas,M,59344,9999-01-01
262362,Arnd,Birge,F,44485,9999-01-01
262485,Tsvetan,Danecki,M,40000,9999-01-01
262486,Pranas,Farrow,M,40000,9999-01-01
262498,Navin,Sluis,M,40000,9999-01-01
262368,Shir,Masamoto,M,79115,9999-01-01
262505,Shahab,Peris,F,47541,9999-01-01
262506,Masamitsu,Fordan,F,71802,9999-01-01
262511,Fatemeh,Jansen,M,44780,9999-01-01
262371,Ute,Weedman,M,60052,9999-01-01
262516,Kayoko,Nilsson,M,56925,9999-01-01
262373,Sahrah,Koblitz,F,60678,9999-01-01
262526,Shaunak,Mateescu,M,40000,9999-01-01
262384,Angus,Msuda,F,52172,9999-01-01
262550,Masako,Baranowski,M,77233,9999-01-01
262392,Teiji,Majewski,M,46924,9999-01-01
262557,Rosalie,Barriga,M,54613,9999-01-01
262397,Marin,Kobara,F,59375,9999-01-01
262566,Rafols,Ladret,F,40000,9999-01-01
262572,Xiaobin,Srimani,F,81779,9999-01-01
262591,Vivian,Ramalingam,M,65364,9999-01-01
262608,Aria,Pfau,M,40000,9999-01-01
262611,Georgy,Nitsche,F,49642,9999-01-01
262625,Gopalakrishnan,Streit,M,40000,9999-01-01
262790,Supot,Compeau,M,40000,9999-01-01
262801,Aamer,Krider,M,40000,9999-01-01
262635,Marit,Syrzycki,F,88266,9999-01-01
262814,Vasiliy,Coullard,M,40000,9999-01-01
262645,Martins,Ranum,F,43537,9999-01-01
262844,Jovan,Capobianchi,M,44975,9999-01-01
262663,Fumino,Riexinger,M,42308,9999-01-01
262856,Yinghua,Jarecki,M,40000,9999-01-01
262866,Poorav,Morrow,F,54603,9999-01-01
262868,Arnould,Seiwald,M,77200,9999-01-01
262673,Kazuhira,Wixon,M,40000,9999-01-01
262879,Mostafa,Zedlitz,M,56954,9999-01-01
262882,Hatsukazu,Erdi,M,40000,9999-01-01
262677,Eishiro,Zumaque,F,72416,9999-01-01
262894,Mara,Gajiwala,F,59148,9999-01-01
262679,Sahrah,Gyimothy,M,62733,9999-01-01
262900,IEEE,Egerstedt,M,54674,9999-01-01
262902,Wayne,Guting,F,58149,9999-01-01
262903,Geoff,Pettit,M,40000,9999-01-01
262696,Mart,Setlzner,M,70505,9999-01-01
262919,Naftali,Gist,F,45859,9999-01-01
262934,Breannda,Gini,F,40000,9999-01-01
262700,Ishfaq,Sooriamurthi,M,40000,9999-01-01
262709,Parto,Cmelik,M,62180,9999-01-01
262953,Maha,Feldmann,M,58092,9999-01-01
262715,Boaz,Montresor,M,40000,9999-01-01
262725,Miyeon,Schiettecatte,M,40026,9999-01-01
262736,Maris,Waschkowski,F,49779,9999-01-01
262975,Suvo,Lanphier,F,52832,9999-01-01
262755,Arunachalam,Collette,M,44314,9999-01-01
262993,Guttorm,Danley,F,40000,9999-01-01
263000,Mayuko,Bale,F,48050,9999-01-01
263001,Gennady,Versino,M,40000,9999-01-01
263002,Ramzi,Bernatsky,F,52819,9999-01-01
262766,Hauke,Meszaros,M,54082,9999-01-01
263025,Idoia,Ginneken,F,77660,9999-01-01
263028,Kazuhiko,Homond,M,85715,9999-01-01
263147,Fumiya,Broomell,M,50029,9999-01-01
263039,Susuma,Egerstedt,M,40000,9999-01-01
263056,Kasidit,Vanwelkenhuysen,M,44195,9999-01-01
263057,Shigenori,Yeung,M,40000,9999-01-01
263061,Xiaobin,Jenevein,M,65580,9999-01-01
263062,Berto,Piancastelli,M,55805,9999-01-01
263070,Subhrajyoti,Raney,M,40000,9999-01-01
263074,Masadi,Schapire,F,40000,9999-01-01
263082,Bluma,Roisin,F,52476,9999-01-01
263084,Subhrajyoti,Ranai,F,61053,9999-01-01
263088,Xianlong,Undy,F,41440,9999-01-01
263111,Arup,Avouris,F,48157,9999-01-01
263112,Zhiwei,Angelopoulos,F,64086,9999-01-01
263116,Baziley,Jullig,M,46314,9999-01-01
263122,Hyuckchul,Ranai,M,62522,9999-01-01
263124,Chinya,Bellmore,M,71558,9999-01-01
263126,Berry,Hinsberger,M,41022,9999-01-01
263130,Haldun,Grandbois,M,40000,9999-01-01
263140,Abdulla,Iisaku,M,76277,9999-01-01
263141,Niclas,Stavenow,M,40000,9999-01-01
263142,Masaki,Linares,F,72840,9999-01-01
263143,Berhard,Baca,F,51619,9999-01-01
263166,Iara,Salinas,M,55954,9999-01-01
263169,Kamakshi,Schaad,F,54641,9999-01-01
263335,Leah,Rullman,M,42865,9999-01-01
263174,Shen,Wielonsky,F,54976,9999-01-01
263182,Yongmin,Garnham,F,40000,9999-01-01
263349,Lucien,Naumovich,M,64768,9999-01-01
263354,Emdad,Caine,F,65045,9999-01-01
263360,Sanjeeva,Butterworth,F,62646,9999-01-01
263183,Giri,Awdeh,F,40000,9999-01-01
263366,Ewing,Bolotov,M,64261,9999-01-01
263194,Ranan,Gini,M,40000,9999-01-01
263374,Arnould,Farrar,F,40000,9999-01-01
263380,Haldon,Samarati,F,80829,9999-01-01
263198,Sampalli,Genther,M,66043,9999-01-01
263202,Adhemar,Lyonns,M,40000,9999-01-01
263398,Rutger,Gente,F,43104,9999-01-01
263399,Mariangiola,Gils,M,61789,9999-01-01
263400,Mads,Solovay,F,41138,9999-01-01
263209,Howell,Schieder,M,40000,9999-01-01
263210,Atreyi,Hoppenstand,F,55735,9999-01-01
263219,Hisao,Pokrovskii,F,54033,9999-01-01
263429,Claudi,Kropf,M,45109,9999-01-01
263440,Selwyn,Haumacher,F,40000,9999-01-01
263234,Xiaocheng,Rassart,M,40000,9999-01-01
263448,Gopalakrishnan,Brodal,M,40000,9999-01-01
263456,Shichao,Nourani,M,40000,9999-01-01
263235,Elgin,Doering,F,41399,9999-01-01
263461,Vugranam,Munro,M,40000,9999-01-01
263462,Theron,Jarecki,M,40000,9999-01-01
263243,Amstein,Giveon,M,93759,9999-01-01
263471,Candida,Fiebach,F,56274,9999-01-01
263248,Jeong,Fiebach,F,70698,9999-01-01
263270,Bedir,Sullins,M,40000,9999-01-01
263500,Sachio,Gyorkos,M,40000,9999-01-01
263510,Deniz,Bolotov,F,43008,9999-01-01
263514,Mayuko,Lorie,M,40000,9999-01-01
263274,Amalendu,Engberts,M,40000,9999-01-01
263282,Siddarth,Kranzdorf,M,65616,9999-01-01
263516,Youssef,Berendt,M,46623,9999-01-01
263517,Remko,Strandh,M,59277,9999-01-01
263305,Arie,Luit,F,40000,9999-01-01
263525,Reinhard,Baek,F,72233,9999-01-01
263540,Dharmaraja,Cummings,F,40000,9999-01-01
263544,Kazuyasu,Baez,M,40000,9999-01-01
263313,Mitsuyuki,Perko,M,68173,9999-01-01
263551,KayLiang,Uhrik,M,70930,9999-01-01
263318,Kazuhisa,Muhling,M,58099,9999-01-01
263713,Abdulla,Bashian,F,59364,9999-01-01
263569,Barun,Gips,F,43364,9999-01-01
263573,Visit,Anguita,M,59935,9999-01-01
263574,Teunis,Erie,M,68090,9999-01-01
263577,Ulf,Cullers,F,46240,9999-01-01
263582,Froduald,Ruther,M,40000,9999-01-01
263583,Fun,Speel,M,40000,9999-01-01
263587,Suzette,Heydon,F,40000,9999-01-01
263590,Jinpo,Erev,M,45476,9999-01-01
263591,Parviz,Restivo,M,40000,9999-01-01
263599,Fen,VanScheik,M,46170,9999-01-01
263714,Yagil,Kleiser,M,69107,9999-01-01
263730,Huai,Frezza,F,40000,9999-01-01
263630,Ute,Terekhov,M,40000,9999-01-01
263735,Magdalena,Siksek,F,57663,9999-01-01
263640,Gina,Alpin,M,48151,9999-01-01
263646,Nathalie,Remmele,M,40000,9999-01-01
263647,Weidon,Hellwagner,F,40000,9999-01-01
263738,Kazunori,Bressoud,F,44998,9999-01-01
263655,Florina,Stifter,F,40000,9999-01-01
263661,Luisa,Kaelbling,F,40000,9999-01-01
263777,Janche,Oppitz,M,40000,9999-01-01
263790,Hauke,Christ,M,48624,9999-01-01
263792,Brigham,Merel,M,40000,9999-01-01
263887,Pranas,Chinen,F,40000,9999-01-01
263892,Elzbieta,Dymetman,M,59707,9999-01-01
263893,Masali,Dolinsky,M,40000,9999-01-01
263804,Takanari,Ellozy,M,40000,9999-01-01
263913,Sampalli,Berstel,F,43960,9999-01-01
263920,Pintsang,Gecsel,M,60182,9999-01-01
263822,Seongbin,Ananiadou,F,42793,9999-01-01
263925,Poorav,Yamaashi,F,56727,9999-01-01
263927,Charlene,Zaccaria,M,55917,9999-01-01
263940,Suebskul,Emmerich,M,63504,9999-01-01
263824,Yolla,Constantine,M,40000,9999-01-01
263947,Siamak,Markovitch,F,54821,9999-01-01
263829,Jagoda,Ohori,F,60195,9999-01-01
263952,Vincent,Joslin,M,40000,9999-01-01
263953,Rosli,Oxman,F,40000,9999-01-01
263956,Shaowen,Schmiedel,F,40000,9999-01-01
263868,Chinhyun,Koprowski,M,73556,9999-01-01
263967,Pranav,Farrag,F,49994,9999-01-01
263973,Armond,Vecchi,M,63751,9999-01-01
263985,Tiina,Stifter,M,67700,9999-01-01
263988,Licheng,Sinitsyn,F,66315,9999-01-01
263993,Reinhold,Anick,M,44393,9999-01-01
263997,Gita,Begiun,M,65355,9999-01-01
264004,Chiradeep,Compeau,F,40000,9999-01-01
263879,Tianruo,Carrere,M,40000,9999-01-01
264013,Baziley,Stifter,M,95604,9999-01-01
264018,Djenana,Lorcy,F,46245,9999-01-01
264019,Ulises,Barreiro,F,71030,9999-01-01
264074,Martine,Serov,M,40000,9999-01-01
264044,Gay,Kalloufi,M,40000,9999-01-01
264057,Pranav,Cmelik,M,52158,9999-01-01
264081,Sadok,Feldmann,M,51144,9999-01-01
264083,Vojin,Acton,F,40000,9999-01-01
264086,Aris,Deverell,M,69981,9999-01-01
264087,Shridhar,Simkin,F,65097,9999-01-01
264096,Serenella,Valiente,F,52873,9999-01-01
264098,Sverrir,Rohrbach,M,40000,9999-01-01
264267,Conrado,Chappelet,M,40000,9999-01-01
264099,Toshimitsu,Rettelbach,F,67158,9999-01-01
264105,Rasikan,Lichtman,F,62099,9999-01-01
264280,Mohua,Lienhardt,M,59767,9999-01-01
264281,Heather,Halloran,F,65364,9999-01-01
264292,Boguslaw,Frolund,M,60054,9999-01-01
264306,Xiaobin,Curless,F,40000,9999-01-01
264311,Christoper,Muniz,F,42966,9999-01-01
264327,Kristen,Speer,F,56049,9999-01-01
264334,Kenroku,Penttonen,M,50698,9999-01-01
264338,Luerbio,Garigliano,M,40000,9999-01-01
264345,Foong,Moffat,F,53344,9999-01-01
264354,Sreekrishna,Lamparter,F,40000,9999-01-01
264356,Niteen,McAlpine,F,63556,9999-01-01
264361,Ferdinand,Kambil,M,40000,9999-01-01
264107,Shalesh,Chenney,M,40000,9999-01-01
264122,Hyuckchul,Oppitz,F,43817,9999-01-01
264383,Freyja,Krohn,F,51371,9999-01-01
264390,Abdelghani,Waeselynck,F,91248,9999-01-01
264397,Samphel,Homond,M,55581,9999-01-01
264125,Arnould,Thibadeau,M,95123,9999-01-01
264403,Jeane,Barinka,M,50391,9999-01-01
264126,Toshiki,Thimonier,M,71356,9999-01-01
264128,Guangming,Suomi,F,90452,9999-01-01
264415,Uzi,Furudate,M,59936,9999-01-01
264138,Mara,Garrabrants,M,55633,9999-01-01
264428,JiYoung,McFarlin,F,40000,9999-01-01
264139,Stein,Schade,F,40000,9999-01-01
264434,Mizuhito,Ghelli,F,50456,9999-01-01
264144,Saeed,Cronin,F,80522,9999-01-01
264150,Ziya,Hatcliff,M,59936,9999-01-01
264151,Heather,Worfolk,M,78850,9999-01-01
264441,Horward,Sinitsyn,F,40000,9999-01-01
264446,Katsuo,Kroha,F,56131,9999-01-01
264161,Arun,Montemayor,M,40000,9999-01-01
264454,Hsiangchu,Hatcliff,M,45045,9999-01-01
264456,Muzhong,Rando,M,44193,9999-01-01
264459,Wilmer,Baca,F,42778,9999-01-01
264461,Ewing,Jording,F,40000,9999-01-01
264171,Kristinn,Angelopoulos,M,52295,9999-01-01
264477,Sigeru,Orsini,M,41408,9999-01-01
264174,Jianwen,Brizzi,M,56167,9999-01-01
264188,Tonia,Marquardt,F,45073,9999-01-01
264492,Ebru,Harllee,M,67776,9999-01-01
264494,Yolla,Itzfeldt,F,74749,9999-01-01
264495,Manibrata,Cyre,F,45279,9999-01-01
264506,Parke,Kalefeld,F,42530,9999-01-01
264507,Barna,Brender,M,64972,9999-01-01
264190,Limsoon,Schaap,M,60119,9999-01-01
264193,Gererd,Desikan,F,79937,9999-01-01
264513,Kazuhira,Kugler,M,57840,9999-01-01
264194,Aral,Merey,M,68609,9999-01-01
264198,Richard,Siprelle,M,49761,9999-01-01
264535,Gunilla,Ashish,F,40000,9999-01-01
264200,Almudena,Koblick,M,40000,9999-01-01
264543,Marsal,Kroll,M,67535,9999-01-01
264545,Mani,Panwar,M,46760,9999-01-01
264546,Branimir,Perl,F,72582,9999-01-01
264201,Karlis,Mahmud,F,56526,9999-01-01
264207,Yinlin,Schwartzbauer,F,74668,9999-01-01
264559,Kiyotoshi,Mundy,M,40000,9999-01-01
264212,Salvador,Lagarias,F,40000,9999-01-01
264565,Berthier,Willoner,M,40000,9999-01-01
264218,Baruch,Rosch,F,40000,9999-01-01
264580,Valeri,Rosis,F,40000,9999-01-01
264234,Rayond,Benzaken,M,40000,9999-01-01
264587,Flemming,Herbst,M,61064,9999-01-01
264592,Margo,Pero,M,40000,9999-01-01
264236,Sadun,Papsdorf,M,57574,9999-01-01
264618,Kazuyasu,Mahnke,F,52713,9999-01-01
264241,Shin,Chvatal,M,55578,9999-01-01
264247,Herbert,Rotem,M,45138,9999-01-01
264250,Shmuel,Fasbender,F,40000,9999-01-01
264813,Jeanna,Reutenauer,M,40000,9999-01-01
264629,Guiseppe,Herbst,M,53770,9999-01-01
264633,Aral,Lichtman,F,63966,9999-01-01
264636,Kwangsub,Stassinopoulos,F,50476,9999-01-01
264638,Kolar,Melter,F,86908,9999-01-01
264647,Yannik,Rothenberg,F,54193,9999-01-01
264649,Kwee,Benantar,F,82054,9999-01-01
264830,Heng,Denti,M,55418,9999-01-01
264662,Zhonghui,Yetim,M,46982,9999-01-01
264663,Martial,Stenning,F,46060,9999-01-01
264667,Uwe,Mitsuhashi,M,48067,9999-01-01
264670,Dinkar,Ferretti,M,47463,9999-01-01
264680,Zissis,Businaro,F,55659,9999-01-01
264842,Valeri,Asrin,M,40000,9999-01-01
264689,Sangeeta,Rajcani,M,40000,9999-01-01
264690,Venkatesan,Sewelson,F,40000,9999-01-01
264699,Remmert,Usery,F,40000,9999-01-01
264846,Dinah,Reeken,M,40000,9999-01-01
264703,Temple,Genther,F,50268,9999-01-01
264848,Gino,Fandrianto,F,46133,9999-01-01
264717,Adel,McConalogue,F,40000,9999-01-01
264851,Sadok,Muntz,F,75311,9999-01-01
264724,Babette,Baig,M,73414,9999-01-01
264855,Slavian,Peres,M,91271,9999-01-01
264728,Izaskun,Setia,M,46302,9999-01-01
264731,Hitofumi,Kriebel,F,54517,9999-01-01
264860,Menkae,Munos,M,79278,9999-01-01
264748,Qiwen,Penttonen,M,86261,9999-01-01
264752,Juichirou,Syrotiuk,M,40000,9999-01-01
264884,Berto,Lambe,M,61604,9999-01-01
264775,Kristine,Azadmanesh,M,40000,9999-01-01
264786,Xinglin,Riefers,M,63505,9999-01-01
264890,Serenella,Unno,M,62125,9999-01-01
264798,Kristine,Bennet,M,40000,9999-01-01
264800,Ymte,Collavizza,F,66798,9999-01-01
264802,Bluma,Kroll,M,46915,9999-01-01
264894,Constantino,McAlpine,F,51566,9999-01-01
264898,Michaela,Ranum,F,40000,9999-01-01
264904,Sachin,Siksek,M,40000,9999-01-01
264907,Menkae,Rajaraman,F,43757,9999-01-01
264929,Yuichiro,Esteva,M,92626,9999-01-01
264932,Abdulah,Valiente,M,40000,9999-01-01
264935,Kristinn,Rissland,M,42087,9999-01-01
264996,Gian,Avouris,F,40000,9999-01-01
264937,Mang,Chachaty,F,75972,9999-01-01
264945,Baoqiu,Salinas,M,40000,9999-01-01
264948,Fay,Litzkow,M,55408,9999-01-01
264951,Jagoda,Brobst,F,69701,9999-01-01
265020,Jiafu,Setia,F,40000,9999-01-01
265021,Demos,Escriba,M,50139,9999-01-01
265022,Ayakannu,Erni,M,40000,9999-01-01
264952,Jahangir,Narlikar,M,53731,9999-01-01
264953,Rafael,Dredge,F,64111,9999-01-01
265040,Yuping,Choobineh,M,79189,9999-01-01
264954,Naftali,McClure,M,69956,9999-01-01
264955,Souichi,Muniz,M,59422,9999-01-01
264968,Collette,Farrel,M,46786,9999-01-01
265060,Ortrud,Serot,M,40615,9999-01-01
265068,Weidon,Bernardinello,M,53576,9999-01-01
264984,Pranav,Birdsall,M,40000,9999-01-01
264994,Gou,Brender,M,40000,9999-01-01
265194,Shahar,Menhardt,F,40000,9999-01-01
265105,Ronnie,Capobianchi,M,40519,9999-01-01
265115,Heekeun,Plavsic,F,81873,9999-01-01
265124,Aemilian,Panienski,F,45708,9999-01-01
265131,Naftaly,Bottner,M,41812,9999-01-01
265133,Neven,DiGiano,F,67974,9999-01-01
265137,Ugo,Panangaden,M,40000,9999-01-01
265148,Subhada,Schneeberger,M,48800,9999-01-01
265157,Narain,Aamodt,F,48088,9999-01-01
265161,Hausi,Pfau,M,40000,9999-01-01
265179,Nobuyoshi,Muhling,F,62195,9999-01-01
265377,Vasilii,Merle,M,40000,9999-01-01
265201,Lakshmi,Walstra,M,40000,9999-01-01
265203,Debatosh,Sudkamp,M,63916,9999-01-01
265223,Danny,Minakawa,M,40000,9999-01-01
265422,Gurbir,Gerlach,M,49069,9999-01-01
265423,Bokyung,Rosis,M,52508,9999-01-01
265429,Hatem,Juneja,F,40000,9999-01-01
265230,Rafail,Setlzner,M,40000,9999-01-01
265435,Aleksander,Garnham,F,97399,9999-01-01
265237,Jiafu,Kavraki,F,40000,9999-01-01
265456,Xiaoqiang,Reutenauer,F,40000,9999-01-01
265238,Goa,Benzaken,F,74588,9999-01-01
265462,Mara,Guardalben,F,49706,9999-01-01
265465,Kotesh,Ishibashi,F,40000,9999-01-01
265249,Jacqueline,Levergood,M,40000,9999-01-01
265469,Taisook,Brandsma,M,48579,9999-01-01
265481,Sven,Kolinko,F,40000,9999-01-01
265250,Khaled,Panangaden,M,40000,9999-01-01
265489,Mitchel,Koprowski,M,42107,9999-01-01
265268,Yoshinari,Lally,M,72489,9999-01-01
265501,Paraskevi,Cromarty,M,97944,9999-01-01
265512,Elrique,Gopalakrishnan,F,43575,9999-01-01
265276,Toshiki,Back,F,44866,9999-01-01
265523,Koldo,Daescu,M,58943,9999-01-01
265527,Olivera,Hiraishi,F,44057,9999-01-01
265279,Alejandra,Nishimukai,F,40000,9999-01-01
265540,Matt,Reistad,M,40000,9999-01-01
265286,Inderjeet,Mahmud,F,69577,9999-01-01
265544,Pasqua,Rosiles,F,87849,9999-01-01
265550,Fun,Bottner,M,81632,9999-01-01
265293,Herbert,Hempstead,M,79470,9999-01-01
265332,Xiaoqiang,Szemeredi,M,40000,9999-01-01
265557,Younwoo,Roccetti,M,43271,9999-01-01
265582,Vitaly,Isard,M,70037,9999-01-01
265584,Jayson,Vuskovic,M,75695,9999-01-01
265588,Syozo,Gils,M,40000,9999-01-01
265339,Lijie,Camurati,M,74979,9999-01-01
265595,Tooru,Levergood,M,56557,9999-01-01
265342,Tadahiro,Iivonen,F,40000,9999-01-01
265606,Boalin,Zhang,F,40000,9999-01-01
265345,Hiroyasu,Conry,M,40000,9999-01-01
265741,Odoardo,Guenter,F,43543,9999-01-01
265622,Babette,Picel,F,40000,9999-01-01
265626,Alagu,Pagter,M,67600,9999-01-01
265635,Djelloul,Marakhovsky,M,70291,9999-01-01
265661,Alenka,Masamoto,F,55479,9999-01-01
265666,Shushma,Henders,M,40000,9999-01-01
265742,Rosella,Makrucki,M,43075,9999-01-01
265762,George,Murrill,F,51201,9999-01-01
265674,Xinglin,Sherertz,F,58973,9999-01-01
265675,Sachin,Chiola,F,40000,9999-01-01
265681,Marsal,Atrawala,F,90646,9999-01-01
265682,Xiaobin,Irland,F,56320,9999-01-01
265687,Shuky,Ranta,M,40000,9999-01-01
265696,Fayez,Jiang,F,40000,9999-01-01
265697,Jahangir,Ecklund,M,40000,9999-01-01
265789,Tsutomu,Besselaar,M,61150,9999-01-01
265720,Yucai,Otillio,M,64063,9999-01-01
265733,Adly,Pelc,M,61238,9999-01-01
265791,Shem,Gien,M,84542,9999-01-01
265813,Elliott,Businaro,M,98944,9999-01-01
265814,Adam,Garrabrants,M,40000,9999-01-01
265822,Georgy,Kornatzky,M,40000,9999-01-01
265936,Fun,Kawashimo,M,70349,9999-01-01
265937,Shuji,Chinen,M,40000,9999-01-01
265829,Demos,Menhoudj,F,56486,9999-01-01
265948,Weiru,Budinsky,M,71092,9999-01-01
265830,Adam,Marchegay,M,40000,9999-01-01
265962,Nahid,Pepe,F,40000,9999-01-01
265846,Akemi,Birge,F,76902,9999-01-01
265977,Lene,Tischendorf,F,42443,9999-01-01
265979,Guoxiang,Sevcikova,M,69469,9999-01-01
265984,Taegyun,Kenevan,F,81314,9999-01-01
265985,Christ,Picaronny,M,45074,9999-01-01
265855,Mandell,Simmel,F,40000,9999-01-01
265990,Claudi,Brattka,F,44753,9999-01-01
265998,Guther,Heering,F,52973,9999-01-01
266000,Zhonghua,Brookman,M,42450,9999-01-01
265857,Make,Conti,M,96997,9999-01-01
266004,Xinyu,Kaiserswerth,M,56504,9999-01-01
265870,Zongyan,Lamba,M,69221,9999-01-01
266012,Satosi,Vieri,F,61570,9999-01-01
266017,Gift,Spelt,M,68777,9999-01-01
266018,Masanao,Cools,M,40000,9999-01-01
266024,Shooichi,Nergos,M,65492,9999-01-01
265872,Reuven,Alblas,M,40000,9999-01-01
266038,Bodh,Chinin,M,40000,9999-01-01
265903,Abdelkader,Angelov,F,49831,9999-01-01
266044,Sibyl,Gunderson,M,44486,9999-01-01
266048,Shaowen,Tetzlaff,M,60843,9999-01-01
266049,Odysseas,Delaune,F,67285,9999-01-01
266053,Mario,Szilard,M,51062,9999-01-01
266054,Younwoo,Ratnakar,M,52127,9999-01-01
266075,Makato,Lovengreen,M,51023,9999-01-01
265916,Hausi,Bratsberg,M,40000,9999-01-01
266079,Adil,Ghemri,F,40000,9999-01-01
266080,Mari,Maraist,M,40000,9999-01-01
266082,Randi,Cichocki,M,40000,9999-01-01
266089,Arno,Ranum,M,40000,9999-01-01
266315,Taisook,Boguraev,F,57252,9999-01-01
266100,Maria,Ritcey,M,49653,9999-01-01
266114,Arvind,Marletta,M,55737,9999-01-01
266325,Boriana,Hemaspaandra,M,43327,9999-01-01
266135,Shridhar,Apsitis,M,40000,9999-01-01
266333,Moss,Oppitz,M,52343,9999-01-01
266142,Marco,Bernini,M,47114,9999-01-01
266147,Lalit,Krichel,M,57640,9999-01-01
266349,Foong,Stille,M,44242,9999-01-01
266159,Navid,Uludag,M,47437,9999-01-01
266161,Gita,Mansanne,M,43100,9999-01-01
266170,Sungwon,Stellhorn,F,44723,9999-01-01
266373,Utpal,Ramamoorthy,M,64454,9999-01-01
266173,Arie,Cannane,F,40000,9999-01-01
266177,Marke,Weedon,M,40000,9999-01-01
266181,Hidefumi,Lodder,F,51469,9999-01-01
266185,Kazuhiro,Perl,M,48342,9999-01-01
266190,Xiahua,Xiaoshan,M,40000,9999-01-01
266199,Goetz,Ferriere,M,64618,9999-01-01
266209,Hinrich,Erde,M,63507,9999-01-01
266377,Fumitaka,Ranon,M,40000,9999-01-01
266217,Wuxu,Takanami,F,40000,9999-01-01
266221,Sashi,Hofmeyr,M,40000,9999-01-01
266385,Hidde,Gill,F,40000,9999-01-01
266236,Guenter,Cherinka,F,40000,9999-01-01
266238,Sachar,Weedon,F,58034,9999-01-01
266389,Armond,Pauthner,M,61555,9999-01-01
266242,Fusako,Berstel,M,40000,9999-01-01
266243,Lech,Borovoy,M,71646,9999-01-01
266255,Manu,Dehkordi,M,54543,9999-01-01
266261,Guenter,Luon,M,66855,9999-01-01
266284,Zejun,Thiria,M,40398,9999-01-01
266287,Serif,Decaestecker,M,47440,9999-01-01
266476,Sastry,Rodiger,M,40000,9999-01-01
266390,Chiranjit,Spinelli,M,40000,9999-01-01
266487,Unal,Boyle,M,63251,9999-01-01
266399,Breannda,Rubsam,M,40000,9999-01-01
266498,Sreenivas,Feldmann,M,74777,9999-01-01
266500,Hidekazu,Brickell,F,81812,9999-01-01
266503,Sanjeeva,VanScheik,F,40000,9999-01-01
266432,Roddy,Biron,F,40000,9999-01-01
266542,Shim,Bail,M,76687,9999-01-01
266547,Kasturi,Stassinopoulos,M,46279,9999-01-01
266550,Yuriy,Rouquie,M,69837,9999-01-01
266457,Yannis,Kobuchi,F,72634,9999-01-01
266562,Ebru,Peltason,F,70709,9999-01-01
266564,Nimmagadda,Swiler,M,44949,9999-01-01
266579,Rosella,Ranai,M,50166,9999-01-01
266581,Gonzalo,Leppanen,F,40000,9999-01-01
266467,Miquel,Tiemann,F,56020,9999-01-01
266599,Rosine,Barreiro,M,57370,9999-01-01
266471,Quingbo,Birke,F,70695,9999-01-01
266607,Tran,Hopewell,M,40000,9999-01-01
266610,Giao,Gimarc,F,51621,9999-01-01
266673,Stevo,Schade,F,54484,9999-01-01
266615,Monique,Menhardt,M,99290,9999-01-01
266632,Tayeb,Suermann,F,58668,9999-01-01
266638,Maik,Schlumberger,M,55294,9999-01-01
266643,Tonia,Basawa,M,40588,9999-01-01
266647,Domenick,Moffat,M,71641,9999-01-01
266653,Khun,Cochrane,F,56954,9999-01-01
266708,Nahid,Ariola,M,40000,9999-01-01
266847,Noritoshi,Servieres,M,72936,9999-01-01
266853,Hironobu,Piancastelli,F,53101,9999-01-01
266709,Moie,Potthoff,M,61597,9999-01-01
266860,Miomir,Otillio,F,40000,9999-01-01
266715,Basil,Birnbaum,M,52815,9999-01-01
266866,Shounak,Lakshmanan,F,43013,9999-01-01
266871,Adib,Tsukune,M,46567,9999-01-01
266716,Bernt,Buchter,F,40000,9999-01-01
266729,Nahid,Bellone,M,53915,9999-01-01
266885,Shawna,Bojadziev,M,40565,9999-01-01
266731,Hugo,Khamsi,M,46674,9999-01-01
266904,Shalesh,Jeong,M,47168,9999-01-01
266908,Kokou,Thorensen,F,58992,9999-01-01
266735,Adamantios,Thambidurai,M,40721,9999-01-01
266914,Sudharsan,Steenbeek,M,60309,9999-01-01
266741,Utz,Birnbaum,M,64209,9999-01-01
266922,Koldo,Erde,F,54172,9999-01-01
266747,Shigenori,Bael,F,40000,9999-01-01
266934,Guadalupe,Pavlopoulou,M,46090,9999-01-01
266936,Vidya,Rusterholz,F,52685,9999-01-01
266939,Chinhyun,Zobel,M,40000,9999-01-01
266748,Henk,Nitsch,F,54311,9999-01-01
266945,Xiaobin,Aseltine,M,51419,9999-01-01
266751,Dhritiman,Penz,M,42381,9999-01-01
266759,Boriana,Slaats,M,52759,9999-01-01
266957,Susumu,Marciano,M,40000,9999-01-01
266959,Valery,Thiran,M,52974,9999-01-01
266968,Hisao,Hettesheimer,F,40000,9999-01-01
266974,Rafael,Bellone,M,58877,9999-01-01
266762,Niranjan,Luon,M,57047,9999-01-01
266766,Stein,Solares,F,54983,9999-01-01
266990,Renny,Skrikant,M,40000,9999-01-01
266773,Qingxiang,Veeraraghavan,F,51072,9999-01-01
266783,Pranjal,Barvinok,M,40128,9999-01-01
267012,Armond,Lodder,M,49569,9999-01-01
266789,Alejandro,Vesna,F,63048,9999-01-01
266821,Akeno,Cooke,M,61861,9999-01-01
267032,Mani,Back,M,88806,9999-01-01
267046,Saeed,Kushner,M,47240,9999-01-01
266827,Udi,Gronowski,F,40000,9999-01-01
266828,Lobel,Curless,F,81618,9999-01-01
267220,Kwan,Sluis,M,47919,9999-01-01
267083,JoAnna,Knightly,F,40000,9999-01-01
267088,Kien,Backhouse,M,69152,9999-01-01
267094,Ymte,Kaelbling,F,82139,9999-01-01
267104,Ronghao,Marciano,M,64541,9999-01-01
267222,Atreye,Pell,F,40000,9999-01-01
267109,Mohua,Kaminger,M,65852,9999-01-01
267228,Van,Crouzet,M,55262,9999-01-01
267244,Sadegh,Reistad,M,64882,9999-01-01
267124,Kwangsub,Bauknecht,F,42867,9999-01-01
267132,Subir,Gire,M,53289,9999-01-01
267246,Leif,Valiente,M,46225,9999-01-01
267148,Fayez,Coors,M,43787,9999-01-01
267249,Ziya,Range,F,49634,9999-01-01
267160,Alselm,Brookner,M,45998,9999-01-01
267257,Somnath,Sidhu,M,93465,9999-01-01
267170,Tzu,Cheshire,F,60986,9999-01-01
267259,Takahito,Skafidas,F,81786,9999-01-01
267178,Licheng,Sinicrope,M,64014,9999-01-01
267179,Shichao,Sadowski,M,40000,9999-01-01
267274,Munehiko,Kornyak,F,62122,9999-01-01
267198,Przemyslawa,Casperson,F,69880,9999-01-01
267280,Josyula,Fraisse,M,40016,9999-01-01
267282,Guttorm,Szmurlo,F,53228,9999-01-01
267287,Samphel,Swen,F,53747,9999-01-01
267295,Guiseppe,Fujisaki,F,78325,9999-01-01
267411,Gio,Aloia,M,62412,9999-01-01
267299,Ennio,Bisiani,M,51944,9999-01-01
267300,Ugo,Panienski,M,54400,9999-01-01
267425,Saniya,Khalil,F,56769,9999-01-01
267301,Irene,Antonakopoulos,M,40000,9999-01-01
267328,Marsja,Luders,F,85284,9999-01-01
267452,Hitofumi,Goldhammer,M,58479,9999-01-01
267460,Surveyors,Mukaidono,F,40000,9999-01-01
267467,Billur,Ramsak,M,72373,9999-01-01
267344,Otmar,Ghemri,M,47601,9999-01-01
267480,Xiaoqiu,Koshiba,M,40000,9999-01-01
267485,Valery,Tsunoo,M,40000,9999-01-01
267356,JoAnne,Sury,M,63968,9999-01-01
267507,Peer,Riexinger,F,40000,9999-01-01
267508,Otmar,Glowinski,M,52131,9999-01-01
267362,Bluma,Impagliazzo,F,74267,9999-01-01
267527,Serenella,Comte,M,40000,9999-01-01
267375,Koichi,Birdsall,M,67951,9999-01-01
267534,Teruyuki,Walstra,M,40000,9999-01-01
267535,Mototsugu,Maierhofer,M,40000,9999-01-01
267540,Danny,Sabnani,M,45137,9999-01-01
267544,Ingmar,Honglei,F,40000,9999-01-01
267376,Randi,Peck,M,40577,9999-01-01
267378,Tiina,Kawashimo,M,58504,9999-01-01
267556,Gita,Molenaar,F,42755,9999-01-01
267383,Anyuan,Verhoeff,F,50504,9999-01-01
267386,DAIDA,Sichman,M,53583,9999-01-01
267575,Lalit,Falster,M,40000,9999-01-01
267387,Mohammad,Ghemri,M,40000,9999-01-01
267393,Hironobu,Makinen,F,63053,9999-01-01
267781,Nathan,Bade,F,63900,9999-01-01
267599,Youjian,Niizuma,F,40098,9999-01-01
267610,Rance,Zyda,F,43709,9999-01-01
267793,Guther,Heydon,F,52454,9999-01-01
267663,Kirk,Bellmore,M,69333,9999-01-01
267682,Baoqiu,dAstous,M,40000,9999-01-01
267688,Woody,Poujol,F,54399,9999-01-01
267692,Vishu,Spelt,M,50716,9999-01-01
267702,Gritta,Tzvieli,M,73724,9999-01-01
267703,Shushma,Versino,F,76048,9999-01-01
267706,Miomir,Rusterholz,M,62086,9999-01-01
267707,Tze,Giveon,F,40000,9999-01-01
267710,Sanjoy,Baer,M,40000,9999-01-01
267716,Sanjoy,Sidhu,M,66533,9999-01-01
267722,Baruch,Cangellaris,F,82434,9999-01-01
267725,Kolar,Fasbender,M,51608,9999-01-01
267750,Sahrah,Suppi,F,62187,9999-01-01
267752,Siddarth,Oxenboll,M,40000,9999-01-01
267796,Moie,Coors,F,48492,9999-01-01
267807,Weiye,Harnett,F,76663,9999-01-01
267768,Francesca,Vigier,M,65660,9999-01-01
267825,Radoslaw,Karner,M,49240,9999-01-01
267840,Jianhui,Benzaken,F,55501,9999-01-01
267971,Gad,Rodiger,F,48171,9999-01-01
267841,Shaw,Magalhaes,F,58754,9999-01-01
267993,Kerryn,Zwicker,M,70536,9999-01-01
267851,Visit,Stasinski,F,40000,9999-01-01
268009,Yolla,Quadeer,F,52608,9999-01-01
268012,Rafail,Fasbender,F,40000,9999-01-01
268014,Hitomi,Rosca,M,44919,9999-01-01
268015,Rajmohan,Waterhouse,M,40000,9999-01-01
267854,Remko,Meszaros,F,78297,9999-01-01
268022,Froduald,Gyorkos,M,54255,9999-01-01
267870,Genevieve,Silva,F,60617,9999-01-01
267891,Rafail,Rajala,M,51188,9999-01-01
268054,Tonia,Demos,M,58603,9999-01-01
268055,Shahid,Kornyak,M,54106,9999-01-01
268056,Lucian,Speek,F,40000,9999-01-01
268075,Jongsuk,Harllee,M,49534,9999-01-01
268079,Toshimori,Papsdorf,F,53876,9999-01-01
267904,Suebskul,Rande,M,52749,9999-01-01
268088,Joydip,Biros,M,52044,9999-01-01
267923,Valter,Karnin,M,55600,9999-01-01
268108,Yonghong,Nitsche,M,40000,9999-01-01
267924,Bernardo,Munos,F,62436,9999-01-01
267932,Paraskevi,Zaiane,M,81127,9999-01-01
268138,Changho,Miara,M,79907,9999-01-01
268139,Ramachenga,Fritzsche,M,40000,9999-01-01
267945,Along,Remmele,M,55982,9999-01-01
267946,Candida,Nyanchama,F,64658,9999-01-01
267952,Boriana,Fandrianto,M,61855,9999-01-01
268142,Baocai,Brendel,M,43715,9999-01-01
268147,Shao,Asrin,F,46817,9999-01-01
268339,Sigeru,Jonsson,M,53173,9999-01-01
268164,Shahaf,Sambasivam,M,44997,9999-01-01
268179,Lansing,Ratnaker,M,47224,9999-01-01
268180,Alois,Baca,F,48426,9999-01-01
268355,Gregory,Petereit,M,72001,9999-01-01
268189,Fox,Jumpertz,M,40000,9999-01-01
268361,Kristof,Kruskal,F,70267,9999-01-01
268207,Nigel,Baalen,F,74226,9999-01-01
268211,Sverrir,Jansch,M,65855,9999-01-01
268365,Hinrich,Ossenbruggen,F,47332,9999-01-01
268218,Xiping,Maliniak,M,48377,9999-01-01
268219,Marsha,Khamsi,M,49072,9999-01-01
268386,Jiong,Bardell,M,52306,9999-01-01
268227,Arif,Showalter,F,52755,9999-01-01
268393,Ung,Garigliano,M,54177,9999-01-01
268256,Marla,Gire,F,52785,9999-01-01
268403,Muzhong,Llado,M,48058,9999-01-01
268264,Joydip,Peyn,M,48149,9999-01-01
268405,Keiichiro,Penz,F,51336,9999-01-01
268281,Yaghout,Jakobus,M,76397,9999-01-01
268407,Yongdong,Madeira,M,48573,9999-01-01
268416,Mahendra,Ermel,M,57894,9999-01-01
268294,Weiye,Ressouche,F,42355,9999-01-01
268430,Erez,Avouris,M,40000,9999-01-01
268312,Tsvetan,Kaiser,F,97585,9999-01-01
268313,Arlette,Showalter,M,71104,9999-01-01
268436,Phuoc,Onuegbe,F,40000,9999-01-01
268447,Denis,Shackel,F,41004,9999-01-01
268468,Seongbin,Ranze,M,61716,9999-01-01
268513,Alenka,Macedo,M,52262,9999-01-01
268527,Muzhong,Zucker,M,45653,9999-01-01
268530,Aria,Mayerwieser,M,40003,9999-01-01
268489,Zita,Fontan,F,40000,9999-01-01
268569,Remmert,Sifakis,M,94816,9999-01-01
268492,Marie,Flowers,M,43829,9999-01-01
268580,Lucien,Matzov,F,40000,9999-01-01
268494,Ramachenga,Azadmanesh,F,40000,9999-01-01
268501,Xiadong,Ariola,M,66515,9999-01-01
268596,Matk,Demian,F,71335,9999-01-01
268698,Hercules,Streng,M,40000,9999-01-01
268615,Lansing,Koshiba,M,41192,9999-01-01
268620,Leszek,Kossowski,F,62224,9999-01-01
268624,Fay,Erev,M,61847,9999-01-01
268633,Kshitij,Litecky,M,74513,9999-01-01
268699,Nadjib,Azadmanesh,M,40000,9999-01-01
268709,Arunachalam,Rassart,F,40000,9999-01-01
268655,Yahiko,Mandell,M,40000,9999-01-01
268656,Gaetan,Copas,F,88455,9999-01-01
268659,Pradeep,Weedon,F,94126,9999-01-01
268661,Mohammad,Zaccaria,F,78913,9999-01-01
268717,Zejun,Pettis,M,51315,9999-01-01
268665,Hyuckchul,Panwar,M,47624,9999-01-01
268722,Muneo,Marshall,M,55840,9999-01-01
268678,Xiaoqiang,Tsukune,F,46052,9999-01-01
268723,Aleksander,Wegerle,M,40000,9999-01-01
268726,Jianwen,Thummel,M,51939,9999-01-01
268728,Jouni,Kuszyk,F,51539,9999-01-01
268740,Fumiya,Zhang,M,69425,9999-01-01
268742,Gianluca,Halloran,F,40000,9999-01-01
268885,Gila,Portugali,M,94252,9999-01-01
268887,Krister,Calkin,F,40000,9999-01-01
268747,Kitty,Casperson,M,40000,9999-01-01
268901,Zengping,Segond,M,83638,9999-01-01
268761,Zhanqiu,Buescher,M,65409,9999-01-01
268911,Randi,Carrera,M,40000,9999-01-01
268919,Shay,Rosin,M,60234,9999-01-01
268922,Eishiro,Bonifati,F,65189,9999-01-01
268778,Guadalupe,Akazan,F,71783,9999-01-01
268935,Munehiko,Gimbel,F,54805,9999-01-01
268941,Danny,Edelhoff,F,40000,9999-01-01
268815,Syozo,Merey,F,77856,9999-01-01
268957,Heather,Schapire,M,40000,9999-01-01
268962,Chaosheng,dAstous,F,43336,9999-01-01
268965,Kiyomitsu,Attimonelli,M,40000,9999-01-01
268967,Tooru,Snedden,M,40000,9999-01-01
268968,Van,Wilharm,M,40000,9999-01-01
268969,Lein,Kermarrec,M,56868,9999-01-01
268981,Miomir,Schusler,F,77047,9999-01-01
268985,Unal,Sichman,M,40000,9999-01-01
268822,Siddarth,dAstous,F,40000,9999-01-01
268992,Basil,Genther,F,69353,9999-01-01
269008,Ranga,Emmart,F,52715,9999-01-01
268838,Mabry,Jumpertz,F,40000,9999-01-01
269012,Ronghao,Puoti,F,42129,9999-01-01
269017,Prodip,Worfolk,M,51175,9999-01-01
269022,Masoud,Gunderson,F,40000,9999-01-01
269030,Aruna,Masada,F,61536,9999-01-01
269039,Lenore,Alpin,F,50571,9999-01-01
269041,Yahiko,Picaronny,M,60384,9999-01-01
269049,Felicidad,Furudate,M,85049,9999-01-01
269066,Brigham,Plavsic,M,40000,9999-01-01
269069,Vishv,Mundy,M,40000,9999-01-01
269081,Tiina,Besancenot,M,53351,9999-01-01
268848,Lene,Vandervoorde,M,40000,9999-01-01
269107,Candida,Ritzmann,F,60153,9999-01-01
269109,Karlis,Goldhammer,M,77635,9999-01-01
268856,Kazuhiro,Doering,M,40000,9999-01-01
269126,Jaroslava,Rodham,M,40000,9999-01-01
268859,Sailaja,Sridhar,F,40000,9999-01-01
269127,Poorav,Ishibashi,M,69865,9999-01-01
269133,Janche,Krychniak,F,40000,9999-01-01
268861,Duke,Ecklund,M,58177,9999-01-01
269139,Jeane,Gewali,F,40000,9999-01-01
268862,Jianhui,Rassart,F,40000,9999-01-01
268863,Sanjeeva,Pleszkun,F,58116,9999-01-01
269151,Unal,Zaumen,F,40000,9999-01-01
268864,Suzette,Vecchi,M,40000,9999-01-01
269157,Leaf,Asrin,F,84354,9999-01-01
269161,Oksana,Feldmann,F,40000,9999-01-01
268867,Tetsurou,Parascandalo,M,40000,9999-01-01
268874,Gou,Radwan,M,40000,9999-01-01
269180,Subir,VanScheik,M,51444,9999-01-01
269184,King,Gonthier,M,53362,9999-01-01
269188,Pramod,Szilard,F,51090,9999-01-01
268880,Mary,Strooper,M,40000,9999-01-01
269196,Yonghoan,Schlenzig,F,40000,9999-01-01
269197,Kiyokazu,Undy,M,58409,9999-01-01
269201,Houman,Thiran,M,85018,9999-01-01
269205,Fumitake,Junet,M,63958,9999-01-01
269252,Behnaam,Schwartzbauer,M,65078,9999-01-01
269216,Weijing,Zweizig,M,57630,9999-01-01
269268,Khatoun,Steinauer,M,73679,9999-01-01
269237,Maik,Naudin,M,40490,9999-01-01
269269,Leucio,Buchter,M,83377,9999-01-01
269270,Manohar,Melton,F,69219,9999-01-01
269271,Boaz,Zizka,M,71177,9999-01-01
269279,Aria,Staelin,M,40000,9999-01-01
269439,Kerryn,Billingsley,F,45999,9999-01-01
269285,Hsiangchu,Falco,M,57550,9999-01-01
269441,Pradeep,Zschoche,M,40000,9999-01-01
269443,Ute,Schaad,M,52961,9999-01-01
269446,Leif,Merel,M,43883,9999-01-01
269293,Hairong,Kamber,F,40000,9999-01-01
269453,Yishai,Chaudhuri,M,46733,9999-01-01
269466,Khalil,Baer,M,40000,9999-01-01
269305,Sergi,Prenel,M,51768,9999-01-01
269309,Hatim,Pelz,M,68396,9999-01-01
269501,Udi,Delaune,M,49855,9999-01-01
269315,Geoffrey,Kleiser,F,40000,9999-01-01
269505,Erzsebet,Basawa,F,51237,9999-01-01
269316,Bartek,Luby,M,41795,9999-01-01
269330,Mooi,Lichtner,F,48273,9999-01-01
269331,Subhash,Itzigehl,F,40000,9999-01-01
269341,Aluzio,Keohane,F,62282,9999-01-01
269556,Indrajit,Lodder,M,40000,9999-01-01
269359,Branimir,Paludetto,M,55460,9999-01-01
269565,Maik,Rosar,M,52351,9999-01-01
269581,Tonny,Hasenauer,M,53895,9999-01-01
269583,Mori,Mattern,M,49398,9999-01-01
269368,Shalesh,Tasistro,M,40000,9999-01-01
269587,Visit,Hedayat,M,40000,9999-01-01
269592,Kauko,Argence,M,40000,9999-01-01
269381,Hugh,Peak,F,52255,9999-01-01
269606,Sadok,Pluym,M,58768,9999-01-01
269616,Yakkov,Apsitis,F,40000,9999-01-01
269617,Xianlong,Perng,F,40000,9999-01-01
269385,Fay,Aumann,F,42307,9999-01-01
269392,Jaana,Polupanov,M,63360,9999-01-01
269394,Teiji,Noriega,F,40000,9999-01-01
269399,Danny,Iacovou,F,40000,9999-01-01
269627,Howell,Rullman,M,44361,9999-01-01
269400,Shuho,Murillo,M,56434,9999-01-01
269641,Ymte,Lamma,F,48293,9999-01-01
269414,Izaskun,Khalil,M,49760,9999-01-01
269648,Martial,Kirkerud,M,40000,9999-01-01
269661,Arve,Syang,M,43060,9999-01-01
269662,Shih,Benantar,M,49429,9999-01-01
269665,Koichi,Demir,M,72687,9999-01-01
269667,Mabry,Dalphin,M,44783,9999-01-01
269423,Sajjad,Kolinko,F,57921,9999-01-01
269675,Padma,Cannard,M,40528,9999-01-01
269678,Richard,Coney,M,54033,9999-01-01
269427,Poorav,Stille,M,40000,9999-01-01
269686,Hidde,Rosay,M,40000,9999-01-01
269811,Khoa,Jansch,M,81970,9999-01-01
269697,Candido,Weisert,F,90215,9999-01-01
269705,Kensyu,Soloway,F,62003,9999-01-01
269706,Berni,Wissmann,M,65444,9999-01-01
269712,Kazunori,Vieth,F,44350,9999-01-01
269715,Ohad,Crelier,F,43382,9999-01-01
269725,Sarita,Ranon,M,40000,9999-01-01
269812,Dayanand,Thorensen,M,45085,9999-01-01
269730,Jordanka,Ranft,F,40864,9999-01-01
269813,Chaitali,Egerstedt,F,104331,9999-01-01
269817,Shigehito,Savasere,F,52965,9999-01-01
269832,Ranan,Zallocco,M,63811,9999-01-01
269758,Oldrich,Speckmann,F,50470,9999-01-01
269768,Khaled,Rusterholz,F,53875,9999-01-01
269834,Wuxu,Erde,M,62972,9999-01-01
269775,Kellie,Katzenelson,M,40000,9999-01-01
269776,Achilleas,Pelc,M,56149,9999-01-01
269779,Kazuhisa,Syang,F,52092,9999-01-01
269835,Rasikan,Massonet,M,49479,9999-01-01
269841,Vasilis,Jumpertz,M,69797,9999-01-01
269790,Shen,Gustavson,M,64025,9999-01-01
269802,Gregory,Tiemann,F,63368,9999-01-01
269854,Shih,Gente,M,44728,9999-01-01
269873,Hidekazu,Danner,M,66561,9999-01-01
270000,Anwar,Eterovic,F,40000,9999-01-01
270006,Selwyn,Bolsens,M,64771,9999-01-01
269875,Ravishankar,Erde,M,40000,9999-01-01
270008,Tetsushi,England,M,46368,9999-01-01
269893,Tayeb,McAlpine,M,72317,9999-01-01
270020,Mahmut,Vendrig,F,42223,9999-01-01
270026,Moss,Ghalwash,M,57683,9999-01-01
270027,Theirry,Binkley,M,40822,9999-01-01
270033,Muneo,Sluis,M,54685,9999-01-01
269911,Yakichi,Lienhardt,M,55798,9999-01-01
270039,Minghong,Ecklund,F,80406,9999-01-01
270040,Eric,Schueller,M,56124,9999-01-01
270044,Maren,Falck,M,44539,9999-01-01
270052,Sanjay,Serna,F,49519,9999-01-01
270058,Oscal,Rodite,M,40000,9999-01-01
269913,Alain,Jervis,M,89097,9999-01-01
269914,Fan,Baer,M,42629,9999-01-01
269918,Stella,Pelc,M,95504,9999-01-01
270076,Gadiel,Rohrbach,M,48388,9999-01-01
269923,Sanjiv,Vadhan,M,95408,9999-01-01
270087,Kinh,Ranum,F,50026,9999-01-01
270095,JoAnne,Matzov,F,40000,9999-01-01
270099,Krister,Rosaz,F,69919,9999-01-01
270103,Edwin,Melski,M,53869,9999-01-01
270109,Mara,Fujisaki,F,40000,9999-01-01
270121,Kaijung,Ritcey,M,40000,9999-01-01
270125,Shih,Hettesheimer,F,60052,9999-01-01
270130,Kayoko,Ashish,M,74776,9999-01-01
270142,Xuejun,DuBourdieux,M,48005,9999-01-01
270146,Bernt,Cappelli,M,70315,9999-01-01
270149,Zhanqiu,Busillo,F,40000,9999-01-01
270150,Atreyi,Bellone,M,58047,9999-01-01
270151,Christoph,Chiodo,M,73326,9999-01-01
270154,Perry,Lortz,M,46480,9999-01-01
270173,Younwoo,Keohane,M,52034,9999-01-01
269924,Francoise,Berstel,M,67799,9999-01-01
269929,Lijia,Clemencon,M,55739,9999-01-01
269936,Cathie,Bratsberg,M,64378,9999-01-01
270179,Yakichi,Chepyzhov,M,61900,9999-01-01
270184,Udo,Azumi,M,41786,9999-01-01
269943,Arve,Couchot,M,40000,9999-01-01
269948,Akeel,Gopalakrishnan,F,54708,9999-01-01
269950,Huei,Irland,F,50116,9999-01-01
269952,Lijie,Kroha,F,40000,9999-01-01
269969,Premsyl,Schaap,M,62352,9999-01-01
269985,Mingsen,Kriebel,F,42955,9999-01-01
270247,Mats,Szmurlo,M,45761,9999-01-01
270259,Christoper,Onuegbe,M,57329,9999-01-01
269987,Falguni,Crouzet,M,54653,9999-01-01
269988,Giao,Shimshoni,M,57698,9999-01-01
270364,Anoosh,Pellegrinelli,M,40000,9999-01-01
270296,Jasminko,Barvinok,M,66118,9999-01-01
270299,Genta,Akazan,F,40000,9999-01-01
270303,Shaibal,Biros,F,40057,9999-01-01
270304,Amabile,Ramsak,M,40000,9999-01-01
270371,Moon,Capobianchi,M,80759,9999-01-01
270318,True,Macedo,M,40000,9999-01-01
270322,Dannz,Zastre,F,47491,9999-01-01
270394,Suvo,Improta,M,40000,9999-01-01
270339,Sashi,Hanratty,M,40113,9999-01-01
270348,Nitsan,Rubsam,F,40000,9999-01-01
270409,Yuchang,Merlo,F,43933,9999-01-01
270438,King,Whitcomb,F,62675,9999-01-01
270552,Venkatesan,Greibach,M,60204,9999-01-01
270564,Abdelaziz,Pearson,F,40000,9999-01-01
270448,Becky,Snedden,M,41906,9999-01-01
270482,Muneo,Businaro,F,41352,9999-01-01
270585,Anneke,Glinert,F,50395,9999-01-01
270625,Rajmohan,Azevdeo,M,48582,9999-01-01
270486,Randy,Schwabacher,F,54507,9999-01-01
270630,Masaru,Lortz,M,40000,9999-01-01
270634,Akeel,Vakili,F,57610,9999-01-01
270492,Achilleas,Leonhardt,M,52428,9999-01-01
270496,Kolar,Peak,M,75637,9999-01-01
270649,Slavian,Baik,F,40268,9999-01-01
270651,Amstein,Passino,F,40000,9999-01-01
270510,Claude,Bazelow,F,60600,9999-01-01
270662,Hausi,Copas,F,46183,9999-01-01
270527,Hinrich,Strandh,M,60968,9999-01-01
270695,Marit,Dahlbom,M,56057,9999-01-01
270698,Hongzhu,Lieblein,M,40000,9999-01-01
270532,Geoffry,Riexinger,F,40000,9999-01-01
270702,Hailing,Birrer,M,40000,9999-01-01
270704,Rosella,Leivant,M,49173,9999-01-01
270732,Ghassan,Itzigehl,M,40000,9999-01-01
270718,Berhard,Birta,F,41335,9999-01-01
270721,Margo,Luby,M,67371,9999-01-01
270735,Yucai,Beausoleil,M,59308,9999-01-01
270737,Xinyu,Marsiglia,M,52274,9999-01-01
270765,Stafford,Flanders,F,54482,9999-01-01
270919,JiYoung,Zweizig,F,40000,9999-01-01
270922,Aram,Rouquie,M,82096,9999-01-01
270951,Mario,Hasham,M,40000,9999-01-01
270768,Tuval,Smeets,F,49268,9999-01-01
270957,Foong,Oskamp,F,58786,9999-01-01
270959,Odysseas,Danley,M,40000,9999-01-01
270966,Hongzue,Heering,M,54562,9999-01-01
270773,Matt,Himler,M,44359,9999-01-01
270970,Jaroslava,Picaronny,M,45000,9999-01-01
270973,Malu,Kalloufi,F,59700,9999-01-01
270783,Aamod,Vilarrasa,M,62493,9999-01-01
270983,Shen,Einsfeld,M,40000,9999-01-01
270993,Irena,Heusch,M,40000,9999-01-01
270784,Piyush,Docker,M,53925,9999-01-01
270785,Yurii,Zaiane,F,81012,9999-01-01
271008,Masaru,Plotkin,M,62599,9999-01-01
270795,Domenico,Diderrich,M,101061,9999-01-01
271013,Ipke,Bage,M,45483,9999-01-01
271016,Mihalis,Morton,M,75795,9999-01-01
270810,Gonzalo,Braccini,M,56560,9999-01-01
271033,Anyuan,Sidou,F,59402,9999-01-01
271039,Cedric,Colorni,F,58248,9999-01-01
271040,Chirstian,Sidou,M,43832,9999-01-01
271050,Takushi,Koblick,M,82397,9999-01-01
270820,Nahid,Pettis,F,40000,9999-01-01
271053,Bernd,Baby,F,42709,9999-01-01
271063,Ramzi,Morrow,F,65229,9999-01-01
271068,Nahla,Angel,M,43819,9999-01-01
270822,Kwun,Rodier,F,40515,9999-01-01
271077,Kannan,Stille,F,57045,9999-01-01
270838,Yurij,Jiang,F,78228,9999-01-01
270842,Masasuke,Birke,M,69348,9999-01-01
270874,Vitaly,Terlouw,F,40000,9999-01-01
271103,Berry,Shigei,F,40000,9999-01-01
271109,Vincent,Bednarek,M,63129,9999-01-01
270877,Sariel,Iwayama,M,60867,9999-01-01
271124,Shooichi,Jarecki,F,40000,9999-01-01
270885,Yuuichi,Veldwijk,F,40000,9999-01-01
271135,Chinho,Brattka,F,40000,9999-01-01
271143,Mizuhito,Farris,F,40000,9999-01-01
271145,Stella,Shackel,F,70166,9999-01-01
271148,Adel,Czaja,M,40000,9999-01-01
270888,Dannz,Rodham,F,70849,9999-01-01
270890,Basant,Ohori,F,40000,9999-01-01
270898,Arno,Tanemo,M,77427,9999-01-01
271172,Chandrasekaran,Heijenga,F,46158,9999-01-01
270915,Constantino,Taubenfeld,M,64065,9999-01-01
271179,Jaewoo,Murrill,M,90327,9999-01-01
271186,Frederique,Engberts,F,40000,9999-01-01
271189,Eirik,Plump,F,40000,9999-01-01
271300,Gilbert,Curless,M,70448,9999-01-01
271199,Tzvetan,Karner,F,40555,9999-01-01
271201,Franziska,Lagarias,F,56244,9999-01-01
271203,Karoline,Poupard,M,73409,9999-01-01
271210,Lokesh,VanScheik,F,40000,9999-01-01
271305,Lena,Zolotykh,F,42121,9999-01-01
271232,Ingmar,Demian,M,40000,9999-01-01
271234,Naftali,Gluchowski,F,40000,9999-01-01
271307,Shaowei,Pietrzykowski,F,53061,9999-01-01
271311,Christ,Gargeya,M,72308,9999-01-01
271255,Shahid,Kusakabe,F,64225,9999-01-01
271330,Phillip,Werthner,F,42913,9999-01-01
271271,Yurii,Seghrouchni,M,64955,9999-01-01
271272,Willard,Matheson,M,40000,9999-01-01
271282,Kamran,Siochi,M,75636,9999-01-01
271284,Jackson,Barvinok,F,49990,9999-01-01
271477,Naftali,Whittlesey,M,40530,9999-01-01
271480,Arumugam,Cooley,F,45121,9999-01-01
271491,Fen,Snedden,M,59543,9999-01-01
271493,Ulises,Jullig,M,40000,9999-01-01
271495,Lena,Falco,M,40000,9999-01-01
271497,Salvador,Bojadziev,M,40000,9999-01-01
271504,Olivera,Clemencon,M,52688,9999-01-01
271344,Eckart,Rodiger,M,40000,9999-01-01
271536,Luisa,Henders,M,40000,9999-01-01
271537,Gio,Tiemann,M,40000,9999-01-01
271539,Yakkov,Rosca,F,58787,9999-01-01
271541,Vidya,Cronau,M,82058,9999-01-01
271545,Temple,Negoita,F,79212,9999-01-01
271368,Narain,Tramer,M,44990,9999-01-01
271549,Bartek,Schauser,F,51148,9999-01-01
271550,Mats,Menhardt,F,75106,9999-01-01
271560,Mohan,Papastamatiou,M,63670,9999-01-01
271565,Sugwoo,Juneja,M,62945,9999-01-01
271575,Karoline,Tsunoo,M,40000,9999-01-01
271576,Kirk,Marquardt,F,62563,9999-01-01
271579,Mechthild,Luan,F,55010,9999-01-01
271380,LiMin,Dahlbom,F,73508,9999-01-01
271594,Marjo,Jonsson,M,42787,9999-01-01
271383,Nishit,Syang,M,40000,9999-01-01
271602,Troy,Baak,M,40000,9999-01-01
271603,Szabolcs,Carrere,F,40000,9999-01-01
271604,Phillip,Bael,F,40000,9999-01-01
271605,Demin,Yemenis,F,62354,9999-01-01
271607,Augustine,Pezzoli,M,50681,9999-01-01
271384,Kwangho,Peron,M,40000,9999-01-01
271611,Vitaly,Raczkowsky,F,66059,9999-01-01
271403,Baocai,Kuzuoka,F,94810,9999-01-01
271631,Ravishankar,Litecky,M,70605,9999-01-01
271638,Jungsoon,Plavsic,M,40000,9999-01-01
271644,Pranav,Peroz,F,40000,9999-01-01
271421,Nectarios,Litvinov,F,40000,9999-01-01
271648,Jungsoon,Unno,M,40000,9999-01-01
271429,Mostafa,Gustavson,M,55365,9999-01-01
271436,Fei,Cummings,F,40000,9999-01-01
271451,Bluma,Leijenhorst,M,86718,9999-01-01
271679,Shaz,Ladret,F,63737,9999-01-01
271453,Shalesh,Gadepally,F,52819,9999-01-01
271847,Valdiodio,Takanami,M,79780,9999-01-01
271703,Debatosh,Flowers,M,99281,9999-01-01
271704,Vivian,Gente,M,40000,9999-01-01
271710,Leszek,Ossenbruggen,F,40000,9999-01-01
271873,Piyush,Jiafu,M,43151,9999-01-01
271727,Dmitri,Nourani,M,40000,9999-01-01
271752,Yuguang,Lipner,M,46638,9999-01-01
271754,Kenroku,Gente,M,40000,9999-01-01
271888,Dekang,Gide,F,40000,9999-01-01
271760,Tzu,Yavatkar,M,56146,9999-01-01
271763,Alois,Furedi,F,40000,9999-01-01
271891,Karlis,Ouhyoung,M,43535,9999-01-01
271915,Zhenbing,Anandan,M,40287,9999-01-01
271793,Kenroku,Brendel,M,40000,9999-01-01
271801,IEEE,Bernardeschi,M,43892,9999-01-01
271803,Tru,Dichev,F,68302,9999-01-01
271918,Giri,Cronau,M,40000,9999-01-01
271922,Val,Kalefeld,F,44967,9999-01-01
271828,Kamakshi,Braunmuhl,F,64785,9999-01-01
271837,Narain,Szmurlo,M,48301,9999-01-01
271933,Arnould,Ducloy,M,58049,9999-01-01
271942,Uta,Borstler,F,49633,9999-01-01
272028,Laurentiu,Curless,M,43152,9999-01-01
271962,Stamatina,Ranft,M,40000,9999-01-01
272032,Ronghao,Zschoche,M,40000,9999-01-01
271969,Ranan,Heystek,F,45338,9999-01-01
271973,Mototsugu,Iwayama,F,40000,9999-01-01
271976,Mary,Kuhnemann,F,66603,9999-01-01
272085,Arie,Swen,M,50027,9999-01-01
272089,Reuven,Makrucki,M,40000,9999-01-01
271980,Shigenori,Angel,F,96207,9999-01-01
272093,Boalin,Alpin,M,76739,9999-01-01
272094,Uli,Mamelak,M,71222,9999-01-01
272096,Geoffrey,Veevers,M,40000,9999-01-01
271991,Kwangjo,Michaels,F,54170,9999-01-01
272104,Paris,Koshino,M,57313,9999-01-01
272109,Kellyn,Famili,M,54351,9999-01-01
272118,Shigehiro,Ertl,M,68303,9999-01-01
272009,Deborah,Woycyznski,M,44502,9999-01-01
272119,Akhilish,Businaro,M,40000,9999-01-01
272123,Sibyl,Warwick,F,40000,9999-01-01
272125,Ranan,Demir,M,49018,9999-01-01
272021,Baoqiu,Asrin,M,49057,9999-01-01
272146,Tommaso,Tramer,F,54150,9999-01-01
272214,Yurij,Alpin,F,40000,9999-01-01
272162,Kwangyoen,Ouhyoung,M,40000,9999-01-01
272225,Martijn,Millington,M,63730,9999-01-01
272188,Vasilii,Luck,M,116019,9999-01-01
272197,Wilmer,Meriste,M,40000,9999-01-01
272203,Somnath,Pardalos,F,40000,9999-01-01
272230,Kwangsub,Peternell,F,40000,9999-01-01
272239,Weiwu,Falster,F,62475,9999-01-01
272251,Larisa,Grospietsch,M,51881,9999-01-01
272252,Gay,Murillo,M,58696,9999-01-01
272406,Ger,Zucker,M,40000,9999-01-01
272254,Danel,Lambe,F,52545,9999-01-01
272409,Tomoyuki,Sudbeck,M,45272,9999-01-01
272259,Yongqiao,Lorcy,F,40000,9999-01-01
272418,Golgen,Versino,F,64812,9999-01-01
272419,Masanao,Kuhnemann,F,61273,9999-01-01
272269,Jaewoo,Zhang,F,40487,9999-01-01
272434,Shugo,Ishibashi,M,52075,9999-01-01
272438,Tonia,Litecky,F,72757,9999-01-01
272272,Ziva,Fontet,F,40000,9999-01-01
272281,Abdelkader,Fairtlough,F,40000,9999-01-01
272446,Yonghong,Molenkamp,F,40000,9999-01-01
272448,Constantine,Pearson,M,40000,9999-01-01
272296,Duro,Bennet,M,40000,9999-01-01
272309,Tadahiro,Waeselynck,M,40000,9999-01-01
272486,Anneke,Gide,F,59197,9999-01-01
272317,Zhiguo,Luga,F,67959,9999-01-01
272498,Mansur,Keohane,M,52836,9999-01-01
272322,Shrikanth,DuCasse,M,40000,9999-01-01
272516,Mansur,Socorro,M,40000,9999-01-01
272520,Shigehito,Gomatam,M,40000,9999-01-01
272324,Toshiko,Feinberg,M,96619,9999-01-01
272344,Mamdouh,Vesna,M,69920,9999-01-01
272538,Masoud,Hiroyama,M,87279,9999-01-01
272541,Arie,Bade,M,55393,9999-01-01
272543,Feiyu,Karunanithi,M,40000,9999-01-01
272544,Yefim,Malinowski,F,87832,9999-01-01
272545,Kasturi,Rando,F,40000,9999-01-01
272550,Katsuyuki,Cmelik,M,59928,9999-01-01
272552,Tetsurou,Azadmanesh,M,40000,9999-01-01
272349,Slavian,Standera,M,40000,9999-01-01
272566,Tonia,Kavraki,F,51857,9999-01-01
272353,Kauko,Rajala,F,42766,9999-01-01
272577,Mark,Glinert,M,40000,9999-01-01
272355,Ger,Setia,F,40000,9999-01-01
272378,Kamakshi,Ranta,M,40000,9999-01-01
272395,Chenyi,Kamble,F,61237,9999-01-01
272615,Debatosh,Heyers,F,63848,9999-01-01
272625,Hitomi,Roccetti,M,58828,9999-01-01
272626,Sashi,Pena,M,51895,9999-01-01
272627,Naraig,Chvatal,M,70603,9999-01-01
272631,Jianhua,Liesche,F,61717,9999-01-01
272637,Remzi,Greibach,F,64772,9999-01-01
272648,Jungsoon,Belinskaya,M,44517,9999-01-01
272654,Piyush,Uehara,F,48448,9999-01-01
272657,Vincent,Rusmann,F,52238,9999-01-01
272670,Shigeichiro,Schmittgen,M,81797,9999-01-01
272676,Danny,Hebden,M,40000,9999-01-01
272683,Monique,Cyne,F,46759,9999-01-01
272685,Emdad,Trachtenberg,M,97175,9999-01-01
272691,Nectarios,Usery,M,55747,9999-01-01
272693,Shichao,Douceur,M,40000,9999-01-01
272699,Elrique,Uchoa,F,40000,9999-01-01
272704,Noritoshi,Laurillard,M,40000,9999-01-01
272766,Bodh,Kilgore,M,46713,9999-01-01
272708,Juyoung,Huhdanpaa,F,43553,9999-01-01
272712,Utpal,Heering,F,40000,9999-01-01
272720,Yuguang,Carrere,F,49915,9999-01-01
272781,Kwan,Shinomoto,F,62003,9999-01-01
272726,Marsha,Eppinger,M,82979,9999-01-01
272727,Adam,Shiratori,M,40000,9999-01-01
272786,Vesna,Loncour,F,50754,9999-01-01
272806,Tomokazu,Marrakchi,M,55607,9999-01-01
272763,Heekeun,Zambonelli,M,57264,9999-01-01
272816,Gita,Litvinov,M,71392,9999-01-01
272825,Kensyu,Bahl,M,78597,9999-01-01
272958,Marc,Chepyzhov,F,43326,9999-01-01
272961,Prodip,Danner,M,40000,9999-01-01
272826,Odoardo,Ranze,F,49000,9999-01-01
272974,Waiman,Klerer,M,62812,9999-01-01
272832,Nahid,Zizka,M,47461,9999-01-01
272976,Augustine,Hiraishi,F,50778,9999-01-01
272833,Goo,Maierhofer,M,53415,9999-01-01
272991,Heejo,Gerlach,M,53226,9999-01-01
272848,Kazuhira,Silva,F,70300,9999-01-01
272995,Yuping,Lampe,M,47434,9999-01-01
273003,Pantung,Rotem,M,47216,9999-01-01
273007,Yuqun,Ghemri,M,40000,9999-01-01
273013,Taisook,Rodiger,F,47310,9999-01-01
273015,Parviz,Blokdijk,M,59446,9999-01-01
272855,Rosalyn,Ecklund,F,74210,9999-01-01
273032,Jongsuk,Miyakawa,M,49815,9999-01-01
273037,Hongzue,Bernini,F,40000,9999-01-01
272861,Gonzalo,Angelopoulos,M,40000,9999-01-01
272863,Mang,Hockney,F,41762,9999-01-01
272873,Vitaly,Thibadeau,F,40000,9999-01-01
273060,Kitty,Riefers,F,40675,9999-01-01
273067,Matk,Barinka,M,62261,9999-01-01
273068,Arfst,Ramaiah,F,57131,9999-01-01
272876,Aamer,Standera,M,40000,9999-01-01
272887,Baziley,Acton,F,40000,9999-01-01
273083,Kazuhito,Vitiello,M,40000,9999-01-01
273092,Snehasis,Hoogerwoord,F,49004,9999-01-01
272895,Berna,Hertweck,M,40000,9999-01-01
273108,Zhiguo,Murtafg,F,62487,9999-01-01
272897,Gila,Erde,M,40000,9999-01-01
273129,Sumant,Whitcomb,F,58050,9999-01-01
273132,Dmitry,Munro,M,40538,9999-01-01
272902,Junsik,Shumilov,F,40000,9999-01-01
272903,Sergi,Mundy,M,40000,9999-01-01
272930,Sasan,Hoogerwoord,M,63077,9999-01-01
273136,Itzchak,Sidje,M,56525,9999-01-01
273138,Mizuhito,Rebaine,M,56094,9999-01-01
273157,Maik,Valtorta,M,40000,9999-01-01
272943,Temple,Gewali,M,81125,9999-01-01
272945,Tran,Mayerwieser,F,40000,9999-01-01
273177,Shao,Eickenmeyer,M,40000,9999-01-01
272947,Kirk,Basawa,M,66630,9999-01-01
273181,Etsuo,Isard,M,40000,9999-01-01
273322,Jaana,Lagarias,F,40000,9999-01-01
273201,Feipei,Molenkamp,M,49745,9999-01-01
273208,Uta,Delgrange,M,40000,9999-01-01
273326,Aksel,Gulik,M,61869,9999-01-01
273213,Masako,Sommen,M,40691,9999-01-01
273329,Fumiyo,Scharstein,M,65915,9999-01-01
273225,Jeong,Zolotykh,M,42984,9999-01-01
273333,Jungsoon,Luff,M,40000,9999-01-01
273234,Moto,Pettis,F,53644,9999-01-01
273344,Christ,Heiserman,M,48887,9999-01-01
273240,Cordelia,Brendel,M,40000,9999-01-01
273352,Sanjay,Molenkamp,F,46004,9999-01-01
273255,Neven,Haumacher,M,40000,9999-01-01
273360,Kellie,Bade,F,43634,9999-01-01
273276,Maya,Makrucki,M,40000,9999-01-01
273277,Renny,Douceur,M,82871,9999-01-01
273367,Shalesh,Munawer,F,47424,9999-01-01
273293,Koldo,Gornas,F,53784,9999-01-01
273398,Masamitsu,Bolsens,M,40000,9999-01-01
273298,Gennady,Claffy,M,40000,9999-01-01
273304,Conrado,Melichar,F,40000,9999-01-01
273306,Ziyad,Otillio,F,40000,9999-01-01
273318,Baoqiu,Marrakchi,M,53519,9999-01-01
273400,Berni,Hegner,F,53129,9999-01-01
273406,Hitofumi,Randt,M,40303,9999-01-01
273409,Nectarios,Camarinopoulos,M,40000,9999-01-01
273425,Martina,Bottner,F,47163,9999-01-01
273532,Sivanarayana,Bonifati,M,77316,9999-01-01
273427,Arvind,Melski,F,48935,9999-01-01
273429,Abdulah,Lovengreen,F,64049,9999-01-01
273547,Mohammed,Melichar,M,54518,9999-01-01
273477,Shaowen,Validov,M,63003,9999-01-01
273561,Susanne,McAffer,M,54411,9999-01-01
273563,Shaz,Ohori,F,50179,9999-01-01
273568,Mizuhito,Kilgore,M,70246,9999-01-01
273575,Neelam,Colorni,M,46574,9999-01-01
273593,Ranga,Tyugu,F,40000,9999-01-01
273596,Wuxu,Schwartzburd,M,40000,9999-01-01
273597,Takahira,Penttonen,M,44832,9999-01-01
273601,Anwar,Seiwald,F,40000,9999-01-01
273497,Mantis,Birdsall,M,59908,9999-01-01
273617,Theron,Nyanchama,M,76704,9999-01-01
273631,Richara,Perfilyeva,F,69661,9999-01-01
273711,Kensyu,Rodier,M,40725,9999-01-01
273638,Chikara,Farrar,M,40000,9999-01-01
273657,Jouko,Hashii,F,40000,9999-01-01
273658,Jaana,Lipner,M,74405,9999-01-01
273659,Toshimo,Smailagic,M,66263,9999-01-01
273663,Bartek,Ananiadou,M,88441,9999-01-01
273678,Gro,Cronau,M,40000,9999-01-01
273712,Mart,Miara,M,45703,9999-01-01
273718,Padma,Nitto,M,66725,9999-01-01
273687,Bouchung,Beidas,M,40000,9999-01-01
273721,Kazuhisa,Wegerle,F,61132,9999-01-01
273740,Youpyo,Cannata,M,55400,9999-01-01
273881,Stamatina,Klerer,F,40000,9999-01-01
273883,Sanjit,Rothe,F,43792,9999-01-01
273894,Shalesh,Giaccio,F,79985,9999-01-01
273742,Rildo,Armand,F,40000,9999-01-01
273900,Jianhui,Waleschkowski,F,60881,9999-01-01
273902,Mabhin,Feldmann,F,57098,9999-01-01
273749,Youssef,Standera,M,49766,9999-01-01
273918,Mario,Samarati,M,55037,9999-01-01
273925,Bilhanan,Cheshire,F,53991,9999-01-01
273931,Shahid,Zykh,F,60377,9999-01-01
273933,Sreenivas,Parfitt,M,92626,9999-01-01
273935,Heng,Gils,M,40000,9999-01-01
273942,Ayakannu,Boissier,M,44907,9999-01-01
273945,Aruna,Rijckaert,M,40000,9999-01-01
273952,Nahla,Braccini,F,40000,9999-01-01
273958,Jiafu,Klerer,M,49260,9999-01-01
273964,Nathan,Ratnaker,F,50294,9999-01-01
273972,Danae,Conta,M,40000,9999-01-01
273981,Gunilla,Bratsberg,M,49977,9999-01-01
273983,Manohar,Matzen,F,50723,9999-01-01
273987,Emran,Halloran,M,46484,9999-01-01
273995,Hilary,Litvinov,F,59837,9999-01-01
273997,Yechiam,Braunschweig,M,70325,9999-01-01
274011,Breannda,Mawatari,M,48022,9999-01-01
274044,Yuchang,Erni,M,55056,9999-01-01
274052,Monique,Hempstead,M,65076,9999-01-01
274066,Navin,Aloisi,F,65483,9999-01-01
274084,Bernice,Luon,F,43272,9999-01-01
274087,Mari,Olano,F,48955,9999-01-01
274090,Franziska,Peng,F,47080,9999-01-01
274099,Stevo,Perko,F,40000,9999-01-01
274106,Leon,Herber,M,63643,9999-01-01
274118,Kinh,Srimani,F,40000,9999-01-01
274119,Hugo,Narwekar,M,52843,9999-01-01
274168,Kensyu,Clouatre,F,40000,9999-01-01
274181,Yechezkel,Fortenbacher,M,62131,9999-01-01
274197,Geoffrey,Randi,M,91290,9999-01-01
274202,Guoxiang,Christ,M,40000,9999-01-01
274214,Tomoyuki,Conti,M,63292,9999-01-01
274220,Apostol,Karcich,M,43525,9999-01-01
274239,Juyoung,Borovoy,M,64835,9999-01-01
274251,Heon,Kadhim,M,82935,9999-01-01
274269,Macha,Nitto,F,54497,9999-01-01
274272,Persi,Conia,M,67916,9999-01-01
274278,Horward,Oberman,F,40000,9999-01-01
274282,Saeko,Bernatsky,M,65903,9999-01-01
274283,Takahira,Sherertz,F,49547,9999-01-01
274290,Tsuneo,Birke,F,46369,9999-01-01
274319,Sanjay,Gammage,M,43377,9999-01-01
274342,Mihalis,Baca,F,84500,9999-01-01
274346,Sadun,Plessier,M,40000,9999-01-01
274348,Cheong,Siksek,F,45518,9999-01-01
274349,Lubomir,Wilfing,F,40000,9999-01-01
274360,Shuzo,Oskamp,M,40000,9999-01-01
274364,Reuven,Kavraki,F,40000,9999-01-01
274371,Genki,Delaune,M,112020,9999-01-01
274372,Herbert,Atrawala,F,54544,9999-01-01
274390,Marsja,Salinas,F,48190,9999-01-01
274392,Matt,Schrooten,M,40000,9999-01-01
274397,Rimli,Wendorf,M,75155,9999-01-01
274413,Stamatina,Valtorta,M,40000,9999-01-01
274427,Guther,Akaboshi,M,67320,9999-01-01
274428,Lenore,Savasere,M,51882,9999-01-01
274436,Brewster,Zockler,M,86796,9999-01-01
274440,Mahmut,Valette,M,55196,9999-01-01
274441,Marla,Denis,M,76067,9999-01-01
273754,Kristin,Chartres,F,60621,9999-01-01
274458,Arfst,Ghandeharizadeh,M,40000,9999-01-01
274459,Manu,Curless,F,62240,9999-01-01
273762,Masoud,Schaap,M,40000,9999-01-01
274462,Mamdouh,Leonhardt,M,50690,9999-01-01
274463,Uli,Glowinski,M,40000,9999-01-01
274473,Rutger,Bhattacharjee,M,40000,9999-01-01
274478,Sugwoo,Paludetto,F,40000,9999-01-01
273771,Sudhanshu,Perri,M,59003,9999-01-01
274489,Dhritiman,Gulak,M,40000,9999-01-01
274492,Malu,Zeilberger,M,59356,9999-01-01
273773,Fan,Seuren,M,40000,9999-01-01
274496,Danae,Boguraev,F,65770,9999-01-01
273778,Maik,Landherr,M,55474,9999-01-01
274508,Rosli,Vickson,M,64288,9999-01-01
274511,Stafford,Pews,M,40000,9999-01-01
273783,Geoffrey,Vesna,F,57932,9999-01-01
274523,Mani,Cronin,F,45121,9999-01-01
274534,Freyja,McClurg,M,40000,9999-01-01
273792,Berna,McClurg,M,45830,9999-01-01
274543,Teruyuki,Marrakchi,F,69666,9999-01-01
273795,Jianhao,Lorho,M,43773,9999-01-01
274554,Sakthirel,Rattan,F,56199,9999-01-01
273798,Katsuo,Gyimothy,M,41894,9999-01-01
274560,Snehasis,Pusterhofer,M,40000,9999-01-01
274563,Masaki,Serre,M,41256,9999-01-01
273822,Mana,Roison,F,45872,9999-01-01
274572,Barton,Restivo,M,40000,9999-01-01
274574,Chirstian,Bharadwaj,M,82083,9999-01-01
274585,Aleksandar,Itzfeldt,F,50350,9999-01-01
273823,Kolar,Salinas,F,57549,9999-01-01
274603,Harjit,Erie,M,47038,9999-01-01
273831,Kousuke,Farrar,M,65524,9999-01-01
274612,Bodh,Masaki,M,64136,9999-01-01
273843,Arvin,Beetstra,M,41529,9999-01-01
273864,Isaac,Perelgut,M,46861,9999-01-01
274624,Fun,Serna,F,52377,9999-01-01
274625,Fatemeh,Assaf,F,80053,9999-01-01
274627,Ibibia,Cooke,F,40504,9999-01-01
273867,Arch,Leaver,M,55186,9999-01-01
274809,Taiji,Jayawardene,M,40000,9999-01-01
274683,Elrique,Strooper,F,40000,9999-01-01
274817,Sastry,Hainaut,M,40417,9999-01-01
274833,Chikako,Krohm,M,40000,9999-01-01
274704,Masanao,Rothe,M,64892,9999-01-01
274706,Xiaoqiu,Thimonier,F,56651,9999-01-01
274714,Marit,Kakkad,M,40000,9999-01-01
274716,Jungsoon,Legleitner,F,40000,9999-01-01
274836,Almudena,Furudate,M,40090,9999-01-01
274729,Manibrata,Glinert,M,58984,9999-01-01
274842,Phillip,Dredge,F,56597,9999-01-01
274735,Noritoshi,Haldar,M,63733,9999-01-01
274742,Sadok,Demos,M,52835,9999-01-01
274845,Satoru,Schaad,M,40000,9999-01-01
274743,Irena,Driscoll,M,81844,9999-01-01
274746,Taegyun,Slutz,F,46385,9999-01-01
274749,Luisa,Danner,M,40000,9999-01-01
274856,Fayez,Weedman,M,65798,9999-01-01
274757,Jiann,Pettis,M,66163,9999-01-01
274760,Goh,Prampolini,F,67804,9999-01-01
274761,Jianwen,Milicia,M,40000,9999-01-01
274869,Nadjib,Bressoud,M,40000,9999-01-01
274772,Palash,Busillo,F,50299,9999-01-01
274785,Sandeepan,Krohn,M,77694,9999-01-01
274872,Przemyslawa,Sessa,M,60304,9999-01-01
274875,Teruyuki,Erbe,M,48410,9999-01-01
274893,Sverrir,Kropatsch,M,76796,9999-01-01
274898,Qiwen,Deyuan,M,43323,9999-01-01
274991,Xinyu,Gide,M,99624,9999-01-01
274994,Tru,Casperson,F,72901,9999-01-01
274996,Abdelghani,Fioravanti,F,40000,9999-01-01
274903,Fusako,Crooks,M,78539,9999-01-01
275001,Katsuo,Mitina,M,68485,9999-01-01
275002,Hercules,Yurek,F,48898,9999-01-01
275011,Leen,Wallrath,F,60017,9999-01-01
274910,Parke,Braccini,M,80003,9999-01-01
275022,Lansing,Yoshimura,M,59381,9999-01-01
275032,Horward,Rubsam,M,40000,9999-01-01
275042,Filipe,Gide,M,47917,9999-01-01
275048,Nidapan,Gniady,M,40000,9999-01-01
275070,Yongdong,Maccarone,M,40000,9999-01-01
275076,Foong,Barbanera,F,40000,9999-01-01
275083,Pranjal,Kopetz,F,40000,9999-01-01
275085,Utz,Beetstra,M,40000,9999-01-01
275106,Unal,Muhling,M,40000,9999-01-01
275110,Pradeep,McConalogue,F,65350,9999-01-01
274913,Dmitry,Ishibashi,M,46558,9999-01-01
275120,Jaideep,Aamodt,M,57206,9999-01-01
275126,Abdelkader,Dichev,M,56868,9999-01-01
274925,Sadun,Meriste,M,40000,9999-01-01
274932,Mikhail,Schmiedel,M,69901,9999-01-01
275144,Taegyun,Varman,M,41226,9999-01-01
275150,Naftali,Pollacia,M,63738,9999-01-01
274935,Christoper,Cannane,F,40000,9999-01-01
274971,Alper,Kitsuregawa,M,49406,9999-01-01
274980,Sahrah,Slobodova,F,63838,9999-01-01
275181,Yuchang,Kriebel,M,40000,9999-01-01
275182,Poornachandra,Engberts,M,78472,9999-01-01
275189,Sachar,Katzenelson,M,45637,9999-01-01
275194,Doowon,Shobatake,F,46136,9999-01-01
274983,Shahab,Gecsel,M,52206,9999-01-01
274984,Tesuya,Marshall,M,53151,9999-01-01
274985,Alagu,Emmerich,M,57279,9999-01-01
275357,Ziya,Orsini,M,46312,9999-01-01
275225,Mong,Luce,F,54617,9999-01-01
275372,Xuejia,Danecki,F,49344,9999-01-01
275239,Guther,Collette,F,40000,9999-01-01
275252,Candida,Murtagh,F,40000,9999-01-01
275386,Parke,Lortz,F,83406,9999-01-01
275257,Kasidit,Yavatkar,F,46995,9999-01-01
275403,Fei,Farrag,M,63360,9999-01-01
275281,Nadjib,Veevers,M,84368,9999-01-01
275283,Xiaopeng,Ozery,M,55602,9999-01-01
275285,Mana,Aingworth,M,44323,9999-01-01
275288,Sadegh,Sommen,M,60653,9999-01-01
275410,Marin,Businaro,F,40000,9999-01-01
275421,King,Cooley,M,79820,9999-01-01
275308,Samphel,Chinin,F,72459,9999-01-01
275313,Serge,Keustermans,M,45798,9999-01-01
275319,Mani,Vadhan,M,44383,9999-01-01
275431,Fumitake,Gomatam,M,40000,9999-01-01
275337,Ortrud,Matzke,F,65673,9999-01-01
275435,Fumiya,Gluchowski,M,54675,9999-01-01
275347,Parke,Spinelli,M,85607,9999-01-01
275447,Denny,Begiun,M,40000,9999-01-01
275449,Ronghao,Lambe,M,53607,9999-01-01
275466,Danco,Puoti,M,54370,9999-01-01
275479,Georgi,Ratnakar,F,63085,9999-01-01
275549,LiMin,Usdin,M,40000,9999-01-01
275565,Frederique,Bail,F,40000,9999-01-01
275504,Aluzio,Bahi,M,52126,9999-01-01
275566,Maja,Birrer,F,40000,9999-01-01
275568,Uwe,Bottner,M,40000,9999-01-01
275570,Masaru,Streit,M,76820,9999-01-01
275581,Honglan,Azulay,M,40000,9999-01-01
275588,Xumin,Peak,M,72975,9999-01-01
275531,Doohun,Macedo,M,52385,9999-01-01
275599,Toshimi,Cichocki,F,62267,9999-01-01
275603,Siddarth,Rehfuss,F,65064,9999-01-01
275606,Stamatina,Alpay,F,40000,9999-01-01
275620,Arunas,Yetim,F,60157,9999-01-01
275622,Ennio,Emiris,M,53289,9999-01-01
275533,Takanari,Muhling,F,72289,9999-01-01
275534,Troy,Oxman,M,48146,9999-01-01
275735,Chinya,Compeau,F,40000,9999-01-01
275639,Kasturi,Claffy,M,62187,9999-01-01
275641,Oldrich,Ulupinar,M,50413,9999-01-01
275739,Patricio,Snyers,M,60548,9999-01-01
275675,Hitomi,Shanbhogue,M,40000,9999-01-01
275751,Pohua,Restivo,M,62788,9999-01-01
275692,Arfst,Soloway,F,80766,9999-01-01
275754,Debatosh,Rosaz,M,83874,9999-01-01
275700,Jacopo,Henseler,M,44067,9999-01-01
275703,Panayotis,Unni,F,40000,9999-01-01
275762,Hugh,Brlek,M,68879,9999-01-01
275706,Arfst,Mandell,F,59173,9999-01-01
275707,Junsik,Skrikant,M,79590,9999-01-01
275710,Abdelwaheb,Hofmeyr,M,51041,9999-01-01
275767,Uinam,Varker,F,67739,9999-01-01
275775,Dung,Oppitz,F,40000,9999-01-01
275792,Martine,Camarinopoulos,F,41193,9999-01-01
275798,Anneke,Gente,F,40000,9999-01-01
275712,Sverrir,Karnin,M,50336,9999-01-01
275719,Licheng,Nollmann,M,40000,9999-01-01
275720,Zeljko,Leuchs,M,70079,9999-01-01
275721,Shigeichiro,Farrar,M,50840,9999-01-01
275803,Jaroslava,Erdmenger,F,40000,9999-01-01
275811,Sailaja,McAlpine,M,54185,9999-01-01
275816,Rosalyn,Kavvadias,M,55026,9999-01-01
275828,Yifei,Terlouw,M,55439,9999-01-01
275847,Fay,Streng,M,40000,9999-01-01
275851,Panayotis,Glowinski,M,40000,9999-01-01
275854,Szabolcs,Kavraki,F,41386,9999-01-01
275865,Joydip,Fritzsche,M,40000,9999-01-01
275872,Sadun,Thummel,M,61830,9999-01-01
275873,Tuval,Haumacher,F,40000,9999-01-01
275880,Geraldo,Picaronny,F,41094,9999-01-01
275908,Bodo,Ratnaker,M,40000,9999-01-01
275928,Manu,Braunmuhl,F,69263,9999-01-01
275930,Nagui,Rosis,F,49263,9999-01-01
275932,Mantis,Millington,M,73157,9999-01-01
276114,Moni,Zuberek,F,65774,9999-01-01
275955,Domenick,Menhoudj,M,40000,9999-01-01
276127,Hsiangchu,Broomell,M,40000,9999-01-01
276143,Vishv,Hedayat,M,74853,9999-01-01
275964,Dines,Shrader,M,49840,9999-01-01
276153,Kazuhito,Copas,F,41491,9999-01-01
275977,Ibibia,Wilfing,M,72598,9999-01-01
275980,Mostafa,Ponthieu,F,85283,9999-01-01
276177,Augustine,Rettelbach,M,40000,9999-01-01
275991,Tzu,Staudhammer,F,40000,9999-01-01
276010,Khoa,Baig,F,56029,9999-01-01
276019,Abdulla,Erev,M,40000,9999-01-01
276178,Jacqueline,Gerlach,F,40000,9999-01-01
276179,Stein,Matteis,M,51098,9999-01-01
276228,Seongbin,Bierbaum,M,40000,9999-01-01
276044,Atreye,Whitcomb,M,48080,9999-01-01
276046,Sanjai,Hartvigsen,F,64857,9999-01-01
276053,True,Lyonns,F,69751,9999-01-01
276054,Manohar,Gils,F,40000,9999-01-01
276056,Piyawadee,Frezza,M,40000,9999-01-01
276058,Shiv,Tchuente,M,48872,9999-01-01
276074,Niranjan,Penz,F,40000,9999-01-01
276079,Jessie,Brlek,M,79890,9999-01-01
276240,Aamod,Kitsuregawa,F,40000,9999-01-01
276088,Uma,Zastre,F,66286,9999-01-01
276089,Achilleas,Goldhammer,F,54001,9999-01-01
276091,Szabolcs,Halevi,F,77397,9999-01-01
276242,Nikolaus,Itzigehl,M,40000,9999-01-01
276244,Shigeichiro,Hofmeyr,F,71246,9999-01-01
276289,Yuchang,Gilg,M,78960,9999-01-01
276293,Munehiko,Covnot,M,67927,9999-01-01
276294,Indrajit,Gecsei,F,40000,9999-01-01
276299,Frazer,Bierman,F,40000,9999-01-01
276314,Evgueni,Demke,F,66611,9999-01-01
276318,Rosella,Neiman,F,40036,9999-01-01
276327,Lijie,Kadhim,F,59341,9999-01-01
276344,Mana,Vieri,M,40000,9999-01-01
276359,Honesty,Soicher,M,49870,9999-01-01
276360,Berry,Gerlach,M,40000,9999-01-01
276371,Khaled,Rubsam,F,40080,9999-01-01
276378,Wanqing,Luiz,F,40000,9999-01-01
276381,Genki,Kirkerud,F,52829,9999-01-01
276403,Maria,Yurek,F,56772,9999-01-01
276409,Mingsen,Cools,M,54757,9999-01-01
276413,Kwangho,Mellouli,M,47685,9999-01-01
276426,Christophe,Narahari,F,62996,9999-01-01
276433,Dante,Morton,F,42284,9999-01-01
276451,Xiaoqiu,Riefers,M,70445,9999-01-01
276455,Remko,Awdeh,M,89931,9999-01-01
276458,Christfried,Litvinov,F,40000,9999-01-01
276245,Kwee,Merks,M,40000,9999-01-01
276254,Saddek,Kalorkoti,M,40554,9999-01-01
276464,Guiseppe,Luks,F,63781,9999-01-01
276468,Rosalie,DuCasse,F,65998,9999-01-01
276475,Susanne,Passino,M,53480,9999-01-01
276476,Susuma,Kropf,M,40000,9999-01-01
276484,Limsoon,Flasterstein,M,45595,9999-01-01
276486,Yannis,Rosen,F,40000,9999-01-01
276494,Xiaopeng,Ermel,M,66983,9999-01-01
276502,Indrajit,Segond,M,40000,9999-01-01
276503,Tesuro,Schrooten,M,46345,9999-01-01
276515,Hercules,Granlund,M,40000,9999-01-01
276517,Kitty,Matzke,M,51421,9999-01-01
276531,Michaela,Litvinov,F,75961,9999-01-01
276541,Pranav,Krohm,M,40000,9999-01-01
276543,Georg,Vanwelkenhuysen,M,40000,9999-01-01
276576,Guadalupe,McClurg,M,73373,9999-01-01
276578,Sibyl,Luff,F,77104,9999-01-01
276258,Ulf,Denis,M,59309,9999-01-01
276584,Toshiki,Shobatake,F,52257,9999-01-01
276263,Sverrir,Braunmuhl,F,40000,9999-01-01
276626,Baruch,Aseltine,M,44576,9999-01-01
276627,Dzung,Tempesti,M,71946,9999-01-01
276633,Shin,Birdsall,M,120127,9999-01-01
276268,Souichi,Cmelik,M,40000,9999-01-01
276272,Sverrir,Aloisi,M,42317,9999-01-01
276648,Mokhtar,Tetzlaff,M,68814,9999-01-01
276650,Itzchak,Yeung,F,40000,9999-01-01
276273,Anyuan,Kushnir,F,56929,9999-01-01
276837,Gina,Farrag,M,63872,9999-01-01
276844,Elzbieta,Peltason,M,84524,9999-01-01
276657,Reinhold,Wrigley,F,62953,9999-01-01
276670,Vasilis,Hegner,F,47569,9999-01-01
276847,Salvador,Massonet,F,61243,9999-01-01
276683,Jingling,Shackel,F,40000,9999-01-01
276854,Kamran,Rattan,M,40000,9999-01-01
276685,Pradeep,Piveteau,M,88043,9999-01-01
276686,Reinhold,Solares,F,53479,9999-01-01
276694,Ymte,Emmerich,F,40000,9999-01-01
276695,Katsuyuki,Menhoudj,M,40000,9999-01-01
276876,Anoosh,Quittner,M,48097,9999-01-01
276705,Kristinn,Walston,F,48147,9999-01-01
276720,Guadalupe,Solovay,M,40000,9999-01-01
276879,Matt,Leppanen,M,40000,9999-01-01
276733,Sungwon,Schonegge,M,55685,9999-01-01
276739,Nevio,Birta,M,62669,9999-01-01
276741,Ramya,Colorni,F,40000,9999-01-01
276880,Ramalingam,Kobuchi,F,50294,9999-01-01
276749,Barna,Farrar,F,44797,9999-01-01
276898,Cristinel,Chaudhury,F,40000,9999-01-01
276764,Xiaoheng,Emmart,F,62510,9999-01-01
276771,Tremaine,Moehrke,F,49556,9999-01-01
276774,Bader,Barriga,M,40000,9999-01-01
276781,Atreye,Merle,F,44880,9999-01-01
276786,Arvind,Domenig,M,46536,9999-01-01
276800,Honglan,Remmele,F,81673,9999-01-01
276824,Zsolt,Setia,F,50238,9999-01-01
276831,Kwangyoen,Olivero,M,50763,9999-01-01
276918,Yongqiao,Garnham,F,40000,9999-01-01
277029,Fumiyo,Bade,F,40000,9999-01-01
276943,Macha,Hardjono,M,43144,9999-01-01
277033,Paloma,Thorelli,F,50293,9999-01-01
277038,Ottavia,Oberman,M,40000,9999-01-01
276944,Arlette,Picco,F,49936,9999-01-01
277085,Alper,Vasanthakumar,M,58647,9999-01-01
277094,Genki,Berztiss,F,40000,9999-01-01
277095,Atilio,Kaelbling,M,66742,9999-01-01
276947,Dinkar,Yoshizawa,M,67993,9999-01-01
276950,Berthier,Sewelson,M,42196,9999-01-01
277123,Miquel,Schnabel,F,41198,9999-01-01
277129,Uma,Besancenot,F,40000,9999-01-01
277130,Bojan,Passino,F,40000,9999-01-01
276961,Tomoyuki,Birnbaum,F,40000,9999-01-01
277144,Vishv,Munck,M,40000,9999-01-01
277153,Giap,Lindenbaum,M,49861,9999-01-01
277157,Boutros,Fasbender,M,76285,9999-01-01
277166,Yuchang,Poehlman,F,48510,9999-01-01
277172,Yongmin,Sluis,F,46197,9999-01-01
276971,Abdulah,Kropp,F,40000,9999-01-01
277182,Alejandra,Comyn,M,51624,9999-01-01
277187,Arlette,Shinomoto,F,69426,9999-01-01
277203,Shigeichiro,Piancastelli,M,63506,9999-01-01
277204,Garnik,Busillo,M,47604,9999-01-01
276972,Cordelia,Butner,M,79181,9999-01-01
276981,Danai,Perfilyeva,F,41424,9999-01-01
277019,Toshimi,Cherinka,M,74244,9999-01-01
277235,Ayakannu,Ashish,M,57406,9999-01-01
277248,Barna,Erni,M,60581,9999-01-01
277252,Sampalli,Gurbaxani,M,40000,9999-01-01
277253,Francesca,Poehlman,M,40000,9999-01-01
277274,Uli,Peternell,M,43916,9999-01-01
277276,Marsha,Figueira,M,48151,9999-01-01
277281,Shahar,Lieberherr,M,40000,9999-01-01
277290,Masali,Kalefeld,F,41314,9999-01-01
277294,Teiji,Thombley,M,46436,9999-01-01
277296,Xiaoshan,Randi,F,74172,9999-01-01
277298,Phuoc,Garnier,M,74540,9999-01-01
277308,Patricio,Matzat,M,75970,9999-01-01
277415,Xiaoqiang,Ramamoorthy,M,51226,9999-01-01
277330,Tsuneo,Brobst,M,40000,9999-01-01
277331,Uno,Ghalwash,F,47627,9999-01-01
277334,Xianlong,Oppitz,F,40000,9999-01-01
277358,Sahrah,Brizzi,F,40000,9999-01-01
277361,Cedric,Nilsson,M,40000,9999-01-01
277372,Koichi,Terkki,F,57848,9999-01-01
277376,Indrajit,Unno,F,72430,9999-01-01
277384,Hercules,Maliniak,F,40000,9999-01-01
277418,Kasidit,Terekhov,F,67998,9999-01-01
277580,Jaques,Schaar,M,64288,9999-01-01
277442,Hirochika,Pero,M,42276,9999-01-01
277588,Kensei,Guerreiro,F,68117,9999-01-01
277592,Rafael,Eiron,M,50736,9999-01-01
277606,Gina,Muhlberg,M,40000,9999-01-01
277608,Vasilis,Pettis,M,64364,9999-01-01
277612,Lokesh,Flowers,M,65517,9999-01-01
277621,Shin,Lorch,M,40000,9999-01-01
277625,Giap,Suppi,M,40000,9999-01-01
277633,Rimli,Solares,F,76984,9999-01-01
277655,Kien,Setia,F,40000,9999-01-01
277661,Hilari,Bednarek,F,65535,9999-01-01
277709,Supot,Leonhardt,M,52221,9999-01-01
277713,Jeanna,Sudkamp,F,40815,9999-01-01
277729,Shirish,Nanard,F,40000,9999-01-01
277731,Stabislas,Botman,M,40000,9999-01-01
277742,Shaleah,Lamparter,M,40000,9999-01-01
277745,Fay,Suppi,M,53167,9999-01-01
277759,Steve,Emmerich,F,40000,9999-01-01
277762,Fusako,Bondorf,M,46181,9999-01-01
277784,Jacqueline,Pfau,F,55677,9999-01-01
277788,Zijian,Syang,F,40000,9999-01-01
277789,Katsuyuki,Aloisi,M,63486,9999-01-01
277804,Chikara,Kolvik,M,54741,9999-01-01
277835,Arup,Wixon,M,55498,9999-01-01
277842,Chikako,Benzaken,F,40000,9999-01-01
277853,Manibrata,Bale,M,62570,9999-01-01
277854,Shem,Levergood,F,56231,9999-01-01
277869,Berto,Kakkar,M,55457,9999-01-01
277455,Luigi,Kermarrec,F,53161,9999-01-01
277886,Vishv,Yeung,F,61591,9999-01-01
277892,Pintsang,Heyers,M,47112,9999-01-01
277895,Aloke,Swiler,M,42023,9999-01-01
277909,Supot,Boyle,M,55031,9999-01-01
277910,Eirik,Kieras,M,40000,9999-01-01
277916,Satoru,Cullers,M,40000,9999-01-01
277928,Uma,Pettey,F,40000,9999-01-01
277935,Bedrich,Ghalwash,M,40000,9999-01-01
277937,Subir,Biros,M,40000,9999-01-01
277472,Bernd,Lung,M,49033,9999-01-01
277947,Gaurav,Rouquie,M,40000,9999-01-01
277495,Etsuo,Couchot,M,53779,9999-01-01
277971,Lijie,Mansanne,M,40000,9999-01-01
277973,Parviz,Morton,M,40000,9999-01-01
277979,Jaroslava,Lammel,M,67324,9999-01-01
277996,Naftaly,Straney,M,53996,9999-01-01
278003,Mohit,Melichar,M,45740,9999-01-01
278008,Krassimir,Merle,F,61831,9999-01-01
278020,Xiaopeng,Chaudhuri,M,40000,9999-01-01
278024,Guangming,Sridhar,M,70454,9999-01-01
278031,Marco,Chandrasekhar,M,73316,9999-01-01
277501,Sastry,Lupu,F,56211,9999-01-01
278041,Kristian,Bolotov,M,55550,9999-01-01
278051,Hugh,DuBourdieux,M,59669,9999-01-01
278053,Bernardo,Heystek,F,46834,9999-01-01
278058,Gao,Gide,M,57023,9999-01-01
278065,Shigehito,Bade,F,43199,9999-01-01
277502,Selwyn,Rossi,F,55635,9999-01-01
278075,Akeno,Soicher,F,71702,9999-01-01
278079,Mayumi,Chandrasekhar,M,40000,9999-01-01
278083,Georg,Pollock,M,47922,9999-01-01
278085,Georg,Businaro,M,40032,9999-01-01
277503,Eberhardt,Gomatam,F,45030,9999-01-01
278095,Nagui,Merel,M,51083,9999-01-01
277506,Dipayan,Sidou,M,40000,9999-01-01
278112,Paddy,Ginneken,M,77031,9999-01-01
278123,Shaibal,Hinsberger,F,54377,9999-01-01
278126,Zdislav,Greibach,M,67718,9999-01-01
278127,LiMin,Stentiford,F,40000,9999-01-01
277523,Yuqun,Fabrizio,F,40559,9999-01-01
278134,Sorina,Crouzet,M,87238,9999-01-01
277554,Jianhao,Perry,M,93272,9999-01-01
278168,Weicheng,Horswill,M,40000,9999-01-01
278177,Moni,Percebois,M,87644,9999-01-01
278181,Selwyn,Foong,M,56239,9999-01-01
278189,Yinlin,Gunderson,F,43317,9999-01-01
278194,Mototsugu,Murillo,M,65127,9999-01-01
277566,Jinya,Kumaresan,F,41741,9999-01-01
278215,Ottavia,Zaccaria,F,65154,9999-01-01
278232,Krassimir,Sanella,M,65093,9999-01-01
278237,Ewing,Azuma,M,43068,9999-01-01
278240,Youssef,Nitsch,F,51684,9999-01-01
278243,Werner,Roison,M,53672,9999-01-01
278317,Hein,Millington,F,40000,9999-01-01
278257,Mona,Beutelspacher,M,51142,9999-01-01
278260,Ravishankar,Diderrich,F,59012,9999-01-01
278267,Patricia,Sichman,M,40514,9999-01-01
278280,Adib,Shiratori,M,41063,9999-01-01
278285,Ronghao,Fairtlough,M,40000,9999-01-01
278290,Shigeaki,Millington,M,85184,9999-01-01
278298,Ronghao,Fadgyas,M,40000,9999-01-01
278308,Sadun,Velasco,F,50171,9999-01-01
278329,Khatoun,Isard,F,59613,9999-01-01
278508,Mansur,Improta,F,60529,9999-01-01
278510,Gil,Baak,F,63571,9999-01-01
278332,Mototsugu,Baezner,F,56905,9999-01-01
278523,Berni,Back,M,75523,9999-01-01
278528,Maya,Rando,F,40000,9999-01-01
278531,Zeljko,Serre,M,55662,9999-01-01
278343,Pohua,Plumb,M,67977,9999-01-01
278346,Siddarth,Duclos,F,40000,9999-01-01
278353,Junichi,Kalsbeek,M,50764,9999-01-01
278608,Reuven,Angel,M,50813,9999-01-01
278610,Akeno,Benzmuller,M,62499,9999-01-01
278619,Malu,Denis,M,94424,9999-01-01
278624,Rimli,Demizu,M,59472,9999-01-01
278360,Gregory,Bottner,M,73262,9999-01-01
278368,Parke,Skrikant,M,40000,9999-01-01
278372,Rosita,Talmon,M,40000,9999-01-01
278379,Iara,Braunmuhl,M,47078,9999-01-01
278395,Somnath,Motley,F,40000,9999-01-01
278689,Itzchak,Terkki,M,40000,9999-01-01
278703,Irena,Kitai,M,66322,9999-01-01
278704,Gill,Mondadori,M,72820,9999-01-01
278715,Amstein,Schaft,M,58499,9999-01-01
278721,Tonia,Flexer,M,54476,9999-01-01
278727,Shakhar,Beutelspacher,F,40000,9999-01-01
278733,Moty,Bamford,F,40000,9999-01-01
278396,Xianlong,Marakhovsky,M,69309,9999-01-01
278407,Lunjin,Egerstedt,F,40000,9999-01-01
278764,Koichi,Lueh,M,97697,9999-01-01
278768,Koichi,Oxman,M,40000,9999-01-01
278771,Mikhail,Henders,F,64443,9999-01-01
278413,Seshu,Fasbender,F,40662,9999-01-01
278809,Kirk,Grospietsch,F,41095,9999-01-01
278422,Peer,Zeleznik,M,46685,9999-01-01
278823,Deborah,Besancenot,M,57308,9999-01-01
278825,Jiakeng,Delgrossi,M,55698,9999-01-01
278828,Stabislas,Rosin,M,50224,9999-01-01
278445,Kamakshi,Improta,F,40000,9999-01-01
278860,Fay,Emiris,F,59719,9999-01-01
278873,Qunsheng,Vecchio,F,40000,9999-01-01
278882,Garnet,Vrecion,F,48434,9999-01-01
278885,Akeno,Birch,M,42668,9999-01-01
278886,Divier,Escriba,M,40000,9999-01-01
278446,Sachio,Carrere,M,40000,9999-01-01
278894,Chinhyun,Sethi,F,46530,9999-01-01
278900,Xiaoshan,Grospietsch,M,40000,9999-01-01
278908,Tuval,Stavenow,F,81236,9999-01-01
278918,Sadun,DiGiano,M,40000,9999-01-01
278938,Laurentiu,Cesareni,F,50684,9999-01-01
278943,Masaki,Shimshoni,M,40000,9999-01-01
278949,Frazer,Rosenbaum,F,56680,9999-01-01
278954,Gritta,Gerlach,M,40000,9999-01-01
278955,Sachin,Lambe,F,43424,9999-01-01
278958,Wayne,Peck,M,58157,9999-01-01
278970,Jordanka,Pfau,M,40000,9999-01-01
278977,Vatsa,Unno,F,40000,9999-01-01
278993,Monique,Peha,F,40000,9999-01-01
278995,Shigehiro,Dalton,M,77328,9999-01-01
278996,Shigeu,Kaltofen,M,46309,9999-01-01
279003,Chinhyun,Hofting,M,40000,9999-01-01
279009,Taiji,Brookman,M,85634,9999-01-01
279014,Kazuhisa,Shackell,M,48758,9999-01-01
279018,Constantino,Mellouli,F,40000,9999-01-01
279037,Ramachenga,Mateescu,M,40000,9999-01-01
279042,Susanna,Eldridge,F,40000,9999-01-01
279058,Paraskevi,Verhoeff,M,76409,9999-01-01
279064,Stella,Flanders,M,56330,9999-01-01
279070,Marie,Diderrich,M,41574,9999-01-01
279077,Shounak,Dahlbom,M,50886,9999-01-01
279079,Adly,Koblitz,F,40000,9999-01-01
279093,Turgut,Farrag,M,42226,9999-01-01
279105,Shuichi,Litecky,M,40000,9999-01-01
279111,Aiichiro,Herath,F,40000,9999-01-01
279127,Gregory,Lorch,M,40000,9999-01-01
279134,Manu,Lorch,M,68073,9999-01-01
279139,Tetsushi,Eastman,M,60322,9999-01-01
279143,Marl,Krohm,M,66490,9999-01-01
279162,Reinhard,Kavraki,M,59749,9999-01-01
279169,Billur,Sidhu,M,67163,9999-01-01
279186,Valery,Frijda,M,40000,9999-01-01
279187,Karsten,Millington,M,57601,9999-01-01
279201,Udo,Stiles,M,40000,9999-01-01
279207,Zorica,Birch,M,41372,9999-01-01
279216,Debaprosad,Kamber,M,40000,9999-01-01
279226,Isaac,Gopalakrishnan,M,43025,9999-01-01
279234,Gonzalo,Diderrich,M,40000,9999-01-01
279249,Alagu,Litecky,M,73559,9999-01-01
279286,Kenroku,Benzaken,F,40000,9999-01-01
279287,Uli,Ranum,M,40000,9999-01-01
279288,Patricio,Masand,M,77104,9999-01-01
279300,Tomokazu,Bondorf,F,40000,9999-01-01
279308,Ziva,Kopetz,M,47715,9999-01-01
279321,Sukumar,Flasterstein,M,44674,9999-01-01
279336,Moss,Bonifati,F,60207,9999-01-01
279342,Babette,Orlowska,F,40000,9999-01-01
279349,Cullen,Shanbhogue,M,55251,9999-01-01
279351,Shaunak,Sgarro,M,59276,9999-01-01
278456,Xuedong,Shackel,F,40954,9999-01-01
278466,Armond,Boreale,F,40000,9999-01-01
279378,Pradeep,Lenart,M,42161,9999-01-01
278479,Goa,Simmen,F,40000,9999-01-01
279386,Parto,Verspoor,M,59100,9999-01-01
279397,Elvis,Karcich,F,82635,9999-01-01
278486,Aiichiro,Maraist,M,71759,9999-01-01
279414,Iara,Lores,M,56055,9999-01-01
278495,Gilbert,Erdi,M,72611,9999-01-01
279611,Pranav,Perry,M,47476,9999-01-01
279618,Eben,Cannata,M,40000,9999-01-01
279619,Youngkon,Thiran,M,46285,9999-01-01
279433,Tetsurou,Billawala,F,64839,9999-01-01
279434,Baocai,Suermann,F,40000,9999-01-01
279435,Mayumi,Wilharm,F,60060,9999-01-01
279436,Fun,Setiz,M,50146,9999-01-01
279440,Shin,Hebden,F,48082,9999-01-01
279620,Suzette,Erbe,M,40000,9999-01-01
279446,Basant,Jansch,M,40000,9999-01-01
279448,Keung,Halloran,M,40000,9999-01-01
279451,Pasqua,Qiwen,F,94698,9999-01-01
279642,Feipei,Besancenot,M,53904,9999-01-01
279468,Weiwu,Kornyak,M,51233,9999-01-01
279477,Moon,Kalsbeek,M,58962,9999-01-01
279478,Steve,Zyda,M,62437,9999-01-01
279643,Kiam,Massonet,F,79806,9999-01-01
279484,Yunming,Famili,F,84957,9999-01-01
279649,Rajmohan,Dolinsky,F,40000,9999-01-01
279487,Dietrich,Fasbender,M,40000,9999-01-01
279488,Aleksandar,Vandervoorde,M,46765,9999-01-01
279657,Mayuko,Kavraki,M,68069,9999-01-01
279661,Xiadong,Bach,M,58554,9999-01-01
279673,Xiaopeng,Leppanen,M,48674,9999-01-01
279504,Olivera,Thibadeau,M,44042,9999-01-01
279506,Shih,Selvestrel,M,40000,9999-01-01
279507,Masato,Desikan,M,78754,9999-01-01
279687,Howell,Maquelin,F,40000,9999-01-01
279510,Makato,Munck,F,70768,9999-01-01
279511,Tsuneo,Rahier,M,49064,9999-01-01
279514,Fumiko,Heyers,F,40000,9999-01-01
279689,Martins,McDermid,M,40000,9999-01-01
279518,Werner,Ellozy,M,78461,9999-01-01
279691,Peternela,Lindenbaum,M,53724,9999-01-01
279703,Kirk,Makrucki,M,40000,9999-01-01
279519,Trygve,Neimat,F,49332,9999-01-01
279528,Rosita,Szilard,F,40000,9999-01-01
279707,Makato,Broder,M,40000,9999-01-01
279535,Domenico,Sullins,F,52348,9999-01-01
279716,Sham,Validov,F,40000,9999-01-01
279541,Tsutomu,Felder,F,81861,9999-01-01
279718,Sanjiv,Srimani,F,40000,9999-01-01
279553,Elzbieta,Brlek,M,40038,9999-01-01
279726,Zhenhua,Farris,M,40000,9999-01-01
279729,Gully,Masada,F,60317,9999-01-01
279732,Sedat,Imataki,F,56233,9999-01-01
279583,Gianluca,Masada,M,55370,9999-01-01
279735,Ravishankar,Atrawala,M,40000,9999-01-01
279594,Alexius,Ponthieu,M,76130,9999-01-01
279740,Sachio,Molenaar,M,40000,9999-01-01
279742,Navid,Woycyznski,M,58034,9999-01-01
279745,Hongzue,Brattka,F,50334,9999-01-01
279753,Gio,Georg,M,40000,9999-01-01
279758,Honesty,Chiola,F,40000,9999-01-01
279762,Rildo,Bael,M,72757,9999-01-01
279763,Marke,Lipner,F,40000,9999-01-01
279765,Rosine,Ranta,M,53668,9999-01-01
279804,Sugwoo,Camurati,F,41744,9999-01-01
279770,Chenyi,Brickell,M,95481,9999-01-01
279808,Tooru,Dolinsky,F,43069,9999-01-01
279776,Mohammed,Moehrke,M,108388,9999-01-01
279829,Iara,Stille,M,85334,9999-01-01
279996,Zejun,Lampe,M,42575,9999-01-01
279832,Kristen,Vural,F,40000,9999-01-01
279834,Susanna,Eugenio,M,42030,9999-01-01
279868,Hidekazu,Schiper,M,40907,9999-01-01
279875,KayLiang,Kornyak,F,62259,9999-01-01
279880,Surveyors,Akiyama,M,59888,9999-01-01
279891,Eben,Gihr,M,56668,9999-01-01
279997,Heeju,Burnard,M,47502,9999-01-01
279901,Premsyl,Stanfel,F,40000,9999-01-01
280010,Arnould,Awdeh,M,62558,9999-01-01
279910,Yongmin,Snyers,M,40000,9999-01-01
279915,Angus,Rijsenbrij,M,40000,9999-01-01
279917,Jaroslava,Selenyi,F,40000,9999-01-01
279920,Stamatina,Papsdorf,M,40503,9999-01-01
279972,Jianhua,Gecsei,M,61807,9999-01-01
280169,Aimee,Sherertz,M,43251,9999-01-01
280171,Rasikan,Condotta,F,62005,9999-01-01
280179,Fuqing,Flexer,M,42672,9999-01-01
280187,Dipankar,Ducloy,M,51808,9999-01-01
280197,Panayotis,Fordan,M,40000,9999-01-01
280025,Kazunori,Bernardeschi,F,40000,9999-01-01
280212,Chanjung,Heemskerk,F,58441,9999-01-01
280216,Lene,McDermid,M,51427,9999-01-01
280220,Hailing,Pollock,F,40000,9999-01-01
280038,Gunilla,Luks,F,49779,9999-01-01
280229,Tooru,Fiutem,F,40000,9999-01-01
280236,Sadegh,Vingron,M,58675,9999-01-01
280238,Aria,Rodier,M,40000,9999-01-01
280244,Indrajit,Wilfing,M,59587,9999-01-01
280247,Lorien,Desikan,F,40000,9999-01-01
280050,Fay,Gewali,M,40000,9999-01-01
280255,Richara,Roccetti,M,85005,9999-01-01
280062,Sashi,Condotta,M,62979,9999-01-01
280271,Yucel,Papastamatiou,F,71110,9999-01-01
280277,Magdalena,Perry,M,52821,9999-01-01
280066,Kazuyasu,Sanella,M,67487,9999-01-01
280309,Chuanyi,Bolsens,F,84662,9999-01-01
280325,Masato,Carrera,M,40000,9999-01-01
280088,Iara,Llado,M,57372,9999-01-01
280333,Zongyan,Kisuki,M,53755,9999-01-01
280334,Chrisa,Kadhim,M,40000,9999-01-01
280106,Duke,Koyama,M,60594,9999-01-01
280117,Janalee,Stanger,M,46797,9999-01-01
280353,Cheong,Sooriamurthi,M,62335,9999-01-01
280355,Xiaoqiu,Stroustrup,M,71794,9999-01-01
280361,Shooichi,Hiltgen,M,61253,9999-01-01
280368,Danae,Sullins,M,73774,9999-01-01
280370,Mayuko,Vesel,M,93615,9999-01-01
280118,Constantino,Khasidashvili,F,54459,9999-01-01
280122,Rutger,Crooks,M,43090,9999-01-01
280126,Arie,Danecki,M,40000,9999-01-01
280391,Niclas,Spell,M,77729,9999-01-01
280396,Shih,Solares,F,68955,9999-01-01
280127,Arnd,Hammerschmidt,M,40000,9999-01-01
280404,Shuji,Matheson,M,40000,9999-01-01
280134,Yuichiro,Pehl,M,40000,9999-01-01
280137,Cullen,Ruther,F,62016,9999-01-01
280430,Sudharsan,Syrotiuk,M,61214,9999-01-01
280161,Zeljko,Suermann,M,41173,9999-01-01
280448,Theron,Aamodt,M,87465,9999-01-01
280452,Navin,Chenoweth,M,44906,9999-01-01
280165,Berni,Srimani,M,40000,9999-01-01
280476,Harngdar,Mandelberg,M,79973,9999-01-01
280477,Utz,Sidou,M,40000,9999-01-01
280541,Holgard,Rotem,F,51987,9999-01-01
280483,Naraig,Jeong,M,68110,9999-01-01
280492,Chuanyi,Rosay,F,63823,9999-01-01
280496,Xianlong,Potthoff,F,40000,9999-01-01
280508,Srinidhi,Demos,M,48196,9999-01-01
280512,Sumant,Trelles,M,79264,9999-01-01
280574,Shih,Orlowska,F,52427,9999-01-01
280517,Aris,Henders,F,54068,9999-01-01
280522,Shigeichiro,Bazelow,M,72491,9999-01-01
280532,Gilbert,Jayawardene,F,40000,9999-01-01
280534,Oscal,Nilsson,F,40000,9999-01-01
280535,Shay,Conti,M,54153,9999-01-01
280595,Frazer,Kitsuregawa,M,40000,9999-01-01
280721,Arumugam,Fiutem,M,67532,9999-01-01
280723,Arfst,Kolinko,F,61816,9999-01-01
280729,Shuho,Pearson,F,40000,9999-01-01
280598,Takanari,Lovengreen,F,40920,9999-01-01
280603,Kien,Sinitsyn,M,64173,9999-01-01
280746,Taizo,Molenkamp,F,47895,9999-01-01
280609,Elrique,Khasidashvili,M,40000,9999-01-01
280756,Nahum,Nitto,M,45829,9999-01-01
280612,Yifei,Gien,M,86300,9999-01-01
280615,Shuky,Takanami,M,40000,9999-01-01
280622,Wayne,Back,F,40000,9999-01-01
280643,Dmitry,Peroz,M,55627,9999-01-01
280760,Rafail,Klassen,M,43194,9999-01-01
280764,Fumiyo,Minakawa,M,48294,9999-01-01
280790,Ekawit,Baumann,F,40000,9999-01-01
280796,Shigenori,Lundstrom,M,49048,9999-01-01
280799,Bartek,Feldmann,M,40000,9999-01-01
280651,Yakichi,Seghrouchni,M,57334,9999-01-01
280803,Zine,Dayana,F,42621,9999-01-01
280659,Xudong,Valiente,F,48923,9999-01-01
280681,Nahum,Braccini,M,40000,9999-01-01
280827,Kwangjo,Krybus,M,61607,9999-01-01
280686,Jingling,Choobineh,M,40000,9999-01-01
280860,Gudjon,Syang,M,55012,9999-01-01
280687,Sakthirel,Lodder,F,43322,9999-01-01
280699,Elvis,Krychniak,M,40000,9999-01-01
280876,Saniya,Maginnis,M,62290,9999-01-01
280883,Shao,Compeau,M,53939,9999-01-01
280707,Edwin,Unno,M,62007,9999-01-01
280900,Odinaldo,Ramsay,M,41433,9999-01-01
280711,Tua,Qiwen,M,43899,9999-01-01
281093,Anyuan,Legleitner,M,59891,9999-01-01
281113,Sumali,Giaccio,F,65527,9999-01-01
280908,Yunming,Segond,M,43980,9999-01-01
280910,Arve,Dehkordi,M,86669,9999-01-01
280917,Doowon,Melter,M,48434,9999-01-01
280923,Uno,Silva,M,68881,9999-01-01
280924,Sigeru,Merey,M,69706,9999-01-01
280927,Zhenhua,Muniz,M,40000,9999-01-01
280929,Khue,Peot,F,75181,9999-01-01
281116,Kazuhira,Syrotiuk,F,40518,9999-01-01
280933,Jianhao,Dalphin,M,40000,9999-01-01
280934,Gritta,Gils,F,74345,9999-01-01
281118,Munir,Leaver,M,72801,9999-01-01
280941,Taisook,Furudate,M,40000,9999-01-01
281137,Vugranam,Luca,F,43198,9999-01-01
280949,Make,Setiz,F,59700,9999-01-01
280954,Raimond,Cappelletti,M,55752,9999-01-01
280955,Mona,Anido,M,77869,9999-01-01
280960,Serif,Brodal,F,40000,9999-01-01
280961,Mingsen,Pesch,M,52310,9999-01-01
281150,Masanao,Lichtner,M,87550,9999-01-01
280977,Frazer,Shokrollahi,F,43557,9999-01-01
280979,Remmert,Orsini,F,77998,9999-01-01
281159,Sakthirel,Bernardinello,M,56263,9999-01-01
281163,Mohammad,Giarratana,M,56050,9999-01-01
281009,Yongmao,Esteva,M,48139,9999-01-01
281170,Abdulah,Dulli,F,48437,9999-01-01
281184,Hilari,Tagansky,M,40000,9999-01-01
281042,Leaf,Makinen,F,40000,9999-01-01
281188,Sedat,Heyers,F,68052,9999-01-01
281195,Zengping,Undy,M,47067,9999-01-01
281058,Miomir,Bressoud,M,40000,9999-01-01
281204,Quingbo,Azumi,F,40717,9999-01-01
281070,Chenye,Shanbhogue,M,44900,9999-01-01
281071,Utpal,Bednarek,M,40000,9999-01-01
281074,Kendra,Xiaoshan,M,40000,9999-01-01
281079,Kamakshi,Schwartzburd,F,40000,9999-01-01
281083,Conrado,Emden,M,40000,9999-01-01
281084,Sven,Bugaenko,M,41542,9999-01-01
281282,Mohd,Fadgyas,F,40000,9999-01-01
281288,Nikolaos,Menyhert,F,40000,9999-01-01
281293,Chikara,Bednarek,F,83511,9999-01-01
281299,Jianhui,Herber,M,40000,9999-01-01
281303,Nadjib,Wolniewicz,F,40000,9999-01-01
281345,Giordano,Beetstra,M,85228,9999-01-01
281347,Lakshmi,Luby,F,49492,9999-01-01
281213,Kellyn,Staylopatis,M,40000,9999-01-01
281358,Kamran,Poupard,M,59049,9999-01-01
281364,Masami,Majewski,M,40000,9999-01-01
281369,Teruyuki,Dalton,F,40000,9999-01-01
281217,Goh,Mayerwieser,F,40000,9999-01-01
281378,Denny,Denos,M,40000,9999-01-01
281380,Karlis,Grandbois,M,41672,9999-01-01
281225,Lubomir,Waymire,F,66158,9999-01-01
281385,Georgi,Oxenboll,F,52189,9999-01-01
281398,Randy,Poujol,F,58121,9999-01-01
281400,Kristen,Lores,F,45360,9999-01-01
281234,Harngdar,Falby,F,40000,9999-01-01
281413,Kersti,Monarch,F,40000,9999-01-01
281414,Giri,Kusakari,F,40000,9999-01-01
281416,Sadun,Kuzuoka,M,50234,9999-01-01
281244,Marke,Vural,F,40000,9999-01-01
281423,Sajjad,Schwabacher,F,40000,9999-01-01
281434,Hideyuki,Zaumen,F,40000,9999-01-01
281249,Sudharsan,Hasham,M,56007,9999-01-01
281439,Tzu,Radivojevic,F,41894,9999-01-01
281259,Marek,Feinberg,M,75644,9999-01-01
281455,Abdelkader,Demir,F,50554,9999-01-01
281458,Niranjan,Biron,M,83954,9999-01-01
281261,Shuichi,Molberg,M,72184,9999-01-01
281268,Yinlin,Assaf,M,61897,9999-01-01
281674,Xiping,Ebeling,F,70827,9999-01-01
281462,Katsuo,Shiratori,M,62826,9999-01-01
281467,Gennady,Brandsma,F,40000,9999-01-01
281483,Cathie,Wossner,F,42825,9999-01-01
281484,Mooi,Pardalos,M,40000,9999-01-01
281488,Xiadong,Bruckman,M,47096,9999-01-01
281505,Babette,Baer,M,63295,9999-01-01
281510,Douadi,Demian,F,47359,9999-01-01
281697,Nirmal,Rusterholz,F,55761,9999-01-01
281519,Mingzeng,Bruckman,M,79649,9999-01-01
281520,Jeanna,Wrigley,M,56731,9999-01-01
281540,Karoline,Gelosh,F,69130,9999-01-01
281699,Filipe,Penz,M,40000,9999-01-01
281547,Vidar,Baez,M,79123,9999-01-01
281548,Yishay,Lichtner,M,79028,9999-01-01
281700,Tse,Swick,F,40162,9999-01-01
281706,Sangeeta,Vecchio,M,40000,9999-01-01
281571,Leah,Merli,F,62910,9999-01-01
281708,Amabile,Whitcomb,F,40000,9999-01-01
281574,Rasikan,Benantar,M,40000,9999-01-01
281716,Arumugam,Collavizza,F,67441,9999-01-01
281586,Akeel,Jiang,F,40000,9999-01-01
281590,Tooru,Heydon,F,83935,9999-01-01
281730,Jordanka,Axelband,M,82403,9999-01-01
281606,Lakshmi,Farris,F,60399,9999-01-01
281743,Mitchel,Beeson,F,48205,9999-01-01
281617,Byong,Argence,M,63472,9999-01-01
281628,Vasilii,Peck,M,41589,9999-01-01
281746,Navid,Straney,M,60423,9999-01-01
281643,Bingning,Schrooten,M,44730,9999-01-01
281750,Mohamadou,Laventhal,F,72920,9999-01-01
281753,Gio,Loncour,F,40000,9999-01-01
281760,Fumiyo,Cronau,F,76683,9999-01-01
281762,Nathalie,Tiemann,M,40000,9999-01-01
281768,Eckart,Beausoleil,F,81847,9999-01-01
281776,Radoslaw,Nilsson,M,72017,9999-01-01
281864,Howell,Dymetman,F,64998,9999-01-01
281781,Alois,Journel,M,40000,9999-01-01
281872,Tuval,Siprelle,F,66766,9999-01-01
281817,Turgut,Chiodo,F,51623,9999-01-01
281877,Mana,Murthy,F,59803,9999-01-01
281906,Phuoc,Orlowska,M,59769,9999-01-01
282018,Xuejia,Luef,F,41707,9999-01-01
281928,Lidong,Gewali,M,86380,9999-01-01
281935,Kasturi,Munke,M,49089,9999-01-01
281939,Demos,Biran,F,77086,9999-01-01
281942,Samphel,Byoun,F,58272,9999-01-01
281956,Jessie,Bardell,F,40000,9999-01-01
282023,Piyush,Trogemann,M,40000,9999-01-01
281968,Byong,Mayerwieser,F,40000,9999-01-01
282036,Oguz,Ranum,F,65215,9999-01-01
281971,Horward,Desikan,M,56461,9999-01-01
281975,Marl,Bondorf,M,40000,9999-01-01
281981,Youssef,Ishibashi,M,67377,9999-01-01
282042,Masaki,Benzaken,M,40000,9999-01-01
282044,Shai,Kilgore,M,68378,9999-01-01
282002,Franziska,Eickenmeyer,F,80726,9999-01-01
282045,Ewing,Rahimi,M,40000,9999-01-01
282005,Volkmar,Tsukune,F,40440,9999-01-01
282056,Sukumar,Litecky,F,40000,9999-01-01
282013,Ottavia,Hiyoshi,M,68880,9999-01-01
282063,Hongzhu,Selenyi,M,47917,9999-01-01
282079,Bogdan,Nitsche,M,53414,9999-01-01
282204,Ulises,Schneeberger,F,76104,9999-01-01
282084,Gil,Chinen,M,74672,9999-01-01
282092,Masasuke,Pehl,M,60334,9999-01-01
282221,Soenke,Kriebel,M,49743,9999-01-01
282223,Shigehito,Yeung,M,75436,9999-01-01
282230,Zejun,Poehlman,F,77705,9999-01-01
282093,Mizuhito,Reistad,M,62494,9999-01-01
282096,Zvonko,Zobel,M,91512,9999-01-01
282112,Elgin,Peot,M,40000,9999-01-01
282251,Anoosh,Valtorta,M,42000,9999-01-01
282252,Yurij,Andreotta,M,40000,9999-01-01
282261,Huai,Jumpertz,M,47954,9999-01-01
282270,Val,Giarratana,M,46962,9999-01-01
282273,Sachem,Matzen,M,40000,9999-01-01
282119,Foong,Aingworth,M,40000,9999-01-01
282290,Otmar,Ozeki,M,48409,9999-01-01
282121,Barton,Alpin,M,45716,9999-01-01
282295,Barton,Wegerle,F,63417,9999-01-01
282123,Amalendu,Vecchio,M,66796,9999-01-01
282126,Sungwon,Ginesta,M,40000,9999-01-01
282314,Bilhanan,Karcich,M,40000,9999-01-01
282128,Shrikanth,Schoegge,F,40000,9999-01-01
282317,Taegyun,Llado,M,46113,9999-01-01
282129,Fumiya,Varman,M,40000,9999-01-01
282329,Kazuhito,Lamba,F,40000,9999-01-01
282133,Marek,Brickell,F,67952,9999-01-01
282347,Shuky,Radivojevic,M,84975,9999-01-01
282348,Saddek,Oxenboll,F,40000,9999-01-01
282572,Martien,Zolotykh,M,58463,9999-01-01
282362,Siddarth,Lyonns,F,40000,9999-01-01
282392,Wonhee,Hooghiemstra,F,40000,9999-01-01
282402,Shir,Mukaidono,F,40000,9999-01-01
282408,Shaowen,Beilner,F,49140,9999-01-01
282410,Arvin,Marzano,M,40000,9999-01-01
282578,Fun,Servi,F,43084,9999-01-01
282587,Jiann,Molenkamp,M,52663,9999-01-01
282598,Adly,Gonthier,M,70715,9999-01-01
282446,Freyja,Kinley,M,40000,9999-01-01
282630,Adin,Gimbel,M,40000,9999-01-01
282459,Rasiah,McFarlin,M,85812,9999-01-01
282470,Chrisa,Pagter,M,40000,9999-01-01
282485,Aamer,Strandh,M,40000,9999-01-01
282488,Jianhao,Keirsey,F,49122,9999-01-01
282501,Kristinn,Rande,M,81862,9999-01-01
282504,Harngdar,Pavlopoulou,F,59303,9999-01-01
282508,Juyoung,Merel,F,54130,9999-01-01
282519,Boguslaw,Sundgren,M,60914,9999-01-01
282531,Marko,Laventhal,M,92934,9999-01-01
282540,Randi,Marakhovsky,M,40000,9999-01-01
282552,Yakkov,Koshino,F,67534,9999-01-01
282633,Boriana,Poulakidas,F,44252,9999-01-01
282638,Sangeeta,DeMori,M,68549,9999-01-01
282764,Marjo,Tokunaga,F,55369,9999-01-01
282644,Alois,Deverell,M,76228,9999-01-01
282776,Kenroku,Angelopoulos,M,71122,9999-01-01
282668,Kazuhira,Erol,M,59831,9999-01-01
282789,Sudhanshu,Kragelund,M,40000,9999-01-01
282792,Iara,Luff,F,40000,9999-01-01
282801,Tua,Plump,M,40000,9999-01-01
282670,Becky,Nollmann,M,40000,9999-01-01
282810,Zeljko,Merks,M,46958,9999-01-01
282817,Kazuhito,Kilgore,F,40000,9999-01-01
282683,Danny,Biran,M,50029,9999-01-01
282820,Leucio,Pietracaprina,M,45085,9999-01-01
282824,Cordelia,Luon,F,51440,9999-01-01
282834,Bodo,Reeken,M,55968,9999-01-01
282705,Piyush,Pulkowski,F,61997,9999-01-01
282838,Toong,Adachi,M,58257,9999-01-01
282841,Alejandra,Schwabacher,F,45623,9999-01-01
282707,Mrinalini,Thombley,M,40000,9999-01-01
282861,Masami,Paludetto,M,40000,9999-01-01
282713,Sedat,Hertweck,M,60984,9999-01-01
282876,Aloke,Standera,M,47538,9999-01-01
282743,Becky,Paludetto,M,102275,9999-01-01
282893,Shugo,Azevdeo,M,40000,9999-01-01
282899,Poorav,Veldwijk,M,40000,9999-01-01
282905,Dayanand,Escriba,F,40000,9999-01-01
282909,Demin,Schapire,M,90692,9999-01-01
282915,Apostol,Iacovou,M,62969,9999-01-01
282917,Leszek,Seghrouchni,M,40000,9999-01-01
282923,Constantine,Zschoche,M,56143,9999-01-01
282753,Tonia,Ghandeharizadeh,M,56725,9999-01-01
282928,Aleksandar,Beilner,M,79235,9999-01-01
282931,Visit,Ghandeharizadeh,F,40000,9999-01-01
283153,Kwangjo,Klyachko,M,40000,9999-01-01
282943,Ziyad,Feldmann,F,40000,9999-01-01
282968,Baoqiu,Picci,M,40000,9999-01-01
283156,Jacopo,Trogemann,M,40000,9999-01-01
282979,Shen,Steinauer,M,41146,9999-01-01
283160,Marsha,Furedi,M,40000,9999-01-01
283185,Fabrizio,Schapire,F,40000,9999-01-01
283003,Kotesh,Pollock,M,40000,9999-01-01
283009,Mitchel,Erde,F,40000,9999-01-01
283017,Wuxu,Beeson,M,40000,9999-01-01
283019,Narain,Aingworth,M,40000,9999-01-01
283022,Doowon,Chenney,F,40284,9999-01-01
283026,Khaled,Hegner,M,40526,9999-01-01
283027,Radoslaw,Parfitt,F,52302,9999-01-01
283198,Serenella,Ranon,M,62154,9999-01-01
283199,Mitchel,Gadepally,F,44447,9999-01-01
283048,Akeno,Ruemmler,M,45205,9999-01-01
283050,Juichirou,Kusalik,M,64009,9999-01-01
283052,Fumitake,Tempesti,M,40000,9999-01-01
283209,Abdelghani,Seiwald,M,74913,9999-01-01
283059,Kshitij,Bade,F,40000,9999-01-01
283062,Fun,Naumovich,M,40000,9999-01-01
283215,Mabo,Chelton,F,54966,9999-01-01
283070,Mark,Radivojevic,M,62634,9999-01-01
283071,Limsoon,Yeung,F,50491,9999-01-01
283224,Sanjiv,Berztiss,M,50760,9999-01-01
283225,Ult,Duclos,M,93501,9999-01-01
283227,Nagui,Sullins,M,71496,9999-01-01
283079,Lubomir,Kitai,M,49474,9999-01-01
283230,Radhia,Krupka,M,60006,9999-01-01
283082,Shahab,Vendrig,M,45933,9999-01-01
283237,Yinlin,Erdmenger,M,58563,9999-01-01
283088,Hiroyasu,Schwartzburd,M,40000,9999-01-01
283243,Christoph,Kolinko,M,51697,9999-01-01
283245,Huei,Beidas,M,58957,9999-01-01
283096,Khosrow,Azulay,F,40000,9999-01-01
283262,Chrisa,Cullers,M,48173,9999-01-01
283106,Ortrud,Munos,M,52721,9999-01-01
283110,Akeel,Leuchs,M,55065,9999-01-01
283123,Youssef,Highland,M,43489,9999-01-01
283125,Rimli,Gire,M,46382,9999-01-01
283270,Val,Bade,M,40000,9999-01-01
283315,Make,Chimia,M,40000,9999-01-01
283320,Eben,Cyre,M,40000,9999-01-01
283323,Masami,Wiegley,F,40000,9999-01-01
283337,True,Bernatsky,F,62713,9999-01-01
283289,Yechezkel,Akaboshi,M,57361,9999-01-01
283349,Elgin,Zolotykh,M,40000,9999-01-01
283356,Ingemar,Zirintsis,F,40000,9999-01-01
283375,Jovan,Pauthner,F,40569,9999-01-01
283382,Guozhong,Kleiser,F,56195,9999-01-01
283393,Gladys,Fraisse,M,43933,9999-01-01
283400,Shim,Polupanov,M,60742,9999-01-01
283406,Zongyan,Leaver,M,48969,9999-01-01
283292,Shaowei,Krogh,M,71082,9999-01-01
283409,Khalid,Pramanik,F,60834,9999-01-01
283415,Serap,Melski,M,40000,9999-01-01
283303,Domenick,Baez,M,71663,9999-01-01
283427,Iara,Heydon,F,40000,9999-01-01
283428,Ramachenga,Peot,F,106404,9999-01-01
283429,Odoardo,Narlikar,M,40000,9999-01-01
283435,Takahiro,Schmezko,F,40000,9999-01-01
283438,Heekeun,Nastansky,M,67398,9999-01-01
283442,Mohit,Cincotta,M,46902,9999-01-01
283454,Debatosh,Massonet,M,45607,9999-01-01
283486,Mokhtar,Kampfer,M,40000,9999-01-01
283306,Kendra,Giaccio,M,43867,9999-01-01
283691,Licheng,Reinhart,F,47175,9999-01-01
283496,Kenroku,Flasterstein,F,69688,9999-01-01
283515,Sverrir,Naudin,M,40000,9999-01-01
283698,Frazer,Delgrossi,F,81535,9999-01-01
283529,Lucien,Ertl,F,86638,9999-01-01
283536,Yongqiao,Marwedel,F,46154,9999-01-01
283538,Lakshmi,Luders,F,40000,9999-01-01
283724,Phuoc,Suri,M,49805,9999-01-01
283557,Hironobu,Teitelbaum,M,77621,9999-01-01
283559,Odoardo,Solovay,F,69243,9999-01-01
283568,Abdulla,Zallocco,F,40000,9999-01-01
283740,Stella,Selenyi,M,62254,9999-01-01
283601,Uno,Cunliffe,M,54075,9999-01-01
283602,Jixiang,Rodham,M,40000,9999-01-01
283757,Tonia,Bennet,M,44071,9999-01-01
283762,Mitchel,Yetto,F,76156,9999-01-01
283642,Mayuri,Hasenauer,M,40000,9999-01-01
283649,Maren,Frolund,F,65175,9999-01-01
283768,Mayuri,Boreale,M,71792,9999-01-01
283653,Neelam,Camurati,F,43254,9999-01-01
283770,Takahira,Bale,F,40000,9999-01-01
283777,Nectarios,Sridhar,M,40000,9999-01-01
283673,Tadanori,Litecky,M,71919,9999-01-01
283871,Geraldo,Porotnikoff,M,85126,9999-01-01
283899,Tsutomu,Salvesen,M,55406,9999-01-01
283900,Shaunak,Gist,M,50480,9999-01-01
283920,Tomoyuki,Demian,M,65873,9999-01-01
283925,Adit,Selvestrel,M,40000,9999-01-01
283934,Boutros,Emden,M,53629,9999-01-01
283948,Mats,Vanwelkenhuysen,F,77118,9999-01-01
283949,Ioana,Kroft,M,79040,9999-01-01
283950,Danco,Esposito,M,64645,9999-01-01
283959,Heather,Comyn,M,40000,9999-01-01
283789,Navid,Piveteau,M,40000,9999-01-01
283972,Kwangho,Kenevan,M,40000,9999-01-01
283980,Shahab,Herbst,F,40000,9999-01-01
283988,Dhritiman,Swen,F,69578,9999-01-01
283804,Aran,Koprowski,M,54288,9999-01-01
283991,Leon,Conia,M,41663,9999-01-01
284010,Maia,Danley,F,40000,9999-01-01
283805,Yechezkel,Kroha,M,47930,9999-01-01
283810,Conor,Maliniak,M,40000,9999-01-01
284028,Gererd,Engberts,M,40000,9999-01-01
284030,Geraldo,Alvarado,M,59408,9999-01-01
283821,Jianwen,Schicker,F,61276,9999-01-01
283826,Yahiko,Kaelbling,M,40000,9999-01-01
283829,Along,Niizuma,F,53053,9999-01-01
283830,Martina,Marwedel,F,49717,9999-01-01
283833,Nikolaos,Etalle,M,80394,9999-01-01
284056,Tze,Ambroszkiewicz,F,63252,9999-01-01
283840,Shuzo,Menyhert,F,40000,9999-01-01
284067,Radhika,Gruenwald,F,40000,9999-01-01
284073,Kazunori,Marakhovsky,M,59095,9999-01-01
283847,Fai,Barriga,F,67917,9999-01-01
284081,Deniz,Kampfer,F,78101,9999-01-01
284087,Anoosh,Sullins,M,54645,9999-01-01
284088,Katsuyuki,DasSarma,F,40000,9999-01-01
284091,Jianhua,Kranzdorf,M,40000,9999-01-01
283848,Zeydy,Baaz,M,65921,9999-01-01
283854,Richara,Aloisi,M,46336,9999-01-01
284099,Masali,Gluchowski,M,45170,9999-01-01
284108,Jinxi,Kalloufi,M,40000,9999-01-01
283855,Yuchang,Klassen,M,40000,9999-01-01
283862,Martijn,Wroclawski,M,40000,9999-01-01
284118,Toshimo,Lorho,F,59948,9999-01-01
284243,Pohua,Chorvat,M,73042,9999-01-01
284146,Jouni,Peot,M,71644,9999-01-01
284152,Katsuyuki,Acton,M,58604,9999-01-01
284155,Xiping,Puppe,M,40000,9999-01-01
284156,Nechama,Ananiadou,M,40000,9999-01-01
284163,JoAnna,Cromarty,M,40000,9999-01-01
284248,Uta,Thimonier,F,46642,9999-01-01
284250,Munehiko,Baby,M,40000,9999-01-01
284178,Zejun,Lung,M,49810,9999-01-01
284253,Shrikanth,Papsdorf,M,40000,9999-01-01
284184,Sahrah,Pero,M,49906,9999-01-01
284264,Kayoko,Jarecki,F,47899,9999-01-01
284195,Mona,Bouloucos,M,41771,9999-01-01
284196,Parto,Krichel,F,40771,9999-01-01
284198,Fei,Miake,F,40000,9999-01-01
284203,Subhankar,Weisert,M,55573,9999-01-01
284204,Uli,Lienhardt,M,58417,9999-01-01
284205,Valter,Falco,M,45523,9999-01-01
284210,Dante,Weisert,M,49216,9999-01-01
284265,Christoph,Lubachevsky,M,67627,9999-01-01
284278,Katsuyuki,Leppanen,M,46725,9999-01-01
284228,Fuqing,Pelc,F,77557,9999-01-01
284234,Yongmin,Rullman,F,48537,9999-01-01
284304,Nirmal,Malabarba,M,40000,9999-01-01
284306,Katsuyuki,Birrer,F,40000,9999-01-01
284423,Sudharsan,Szmurlo,M,68726,9999-01-01
284334,Alper,Stifter,M,76952,9999-01-01
284449,Berna,McFarlin,M,55890,9999-01-01
284454,Ravishankar,Leppanen,M,43766,9999-01-01
284457,Eric,Luders,M,54398,9999-01-01
284459,Souichi,Waeselynck,M,53462,9999-01-01
284465,Aria,Rosiles,M,73986,9999-01-01
284474,Mona,Petersohn,M,78001,9999-01-01
284336,Yechiam,Gornas,F,62423,9999-01-01
284343,Jeanne,Velardi,F,47307,9999-01-01
284492,Armond,Birsak,F,74457,9999-01-01
284359,Shaowen,Warwick,M,63154,9999-01-01
284516,Anyuan,Borstler,M,40000,9999-01-01
284529,Berry,Danlos,M,40351,9999-01-01
284530,Almudena,Borstler,F,47670,9999-01-01
284538,Joydip,Leaver,M,40000,9999-01-01
284360,Kwun,Sommen,F,49745,9999-01-01
284546,Sadok,Ouhyoung,M,46672,9999-01-01
284559,Danny,Sooriamurthi,F,40000,9999-01-01
284560,Adin,Valiente,F,54947,9999-01-01
284385,Xiaocheng,Marletta,F,67060,9999-01-01
284572,Piyush,Luan,F,41232,9999-01-01
284573,Fei,Siksek,M,40000,9999-01-01
284579,Paddy,Kambil,M,40000,9999-01-01
284580,Sreenivas,Quittner,M,40000,9999-01-01
284582,Cullen,Gils,F,49122,9999-01-01
284584,Suvo,Wegerle,F,45234,9999-01-01
284587,Basil,Siegrist,M,61169,9999-01-01
284589,Ult,Kaiserswerth,M,40000,9999-01-01
284592,Angus,Montresor,F,51408,9999-01-01
284593,Torsten,Merks,F,58869,9999-01-01
284594,Sahrah,Rouquie,M,55783,9999-01-01
284602,Bojan,Champarnaud,M,63324,9999-01-01
284603,Zijian,Besselaar,M,40000,9999-01-01
284617,Zhanqiu,Pell,M,49318,9999-01-01
284622,Deborah,Worfolk,M,73808,9999-01-01
284627,Werner,Itzfeldt,F,40000,9999-01-01
284631,Alois,Kieras,F,40000,9999-01-01
284386,Kinh,Slobodova,M,40000,9999-01-01
284635,Hongzhu,Rodite,M,48333,9999-01-01
284637,Odoardo,Avouris,F,40000,9999-01-01
284391,Berto,Bennet,M,50438,9999-01-01
284652,Pranas,Compeau,M,48025,9999-01-01
284654,Becky,Decleir,F,52541,9999-01-01
284655,Mohd,Nanard,F,81668,9999-01-01
284657,Ipke,Chaudhury,M,82104,9999-01-01
284393,Ronghao,Passafiume,F,40000,9999-01-01
284662,Mrinalini,Schahn,M,40000,9999-01-01
284394,Collette,Fontet,F,44523,9999-01-01
284669,Genevieve,Tagansky,F,59539,9999-01-01
284674,Krassimir,Monarch,F,80240,9999-01-01
284411,True,Lorin,F,40000,9999-01-01
284696,Rasikan,Basart,M,45787,9999-01-01
284802,Dinkar,Heystek,F,67361,9999-01-01
284705,Gila,Anandan,F,40000,9999-01-01
284714,Sadok,Mitchem,F,40000,9999-01-01
284720,Heping,Falster,F,55593,9999-01-01
284728,Aris,Legleitner,F,57709,9999-01-01
284730,Harngdar,Constantine,M,40000,9999-01-01
284746,Torsten,Dusink,F,40000,9999-01-01
284748,Jayson,Ozeki,M,62458,9999-01-01
284809,Tru,Danner,M,76478,9999-01-01
284752,Aemilian,Schaad,F,47290,9999-01-01
284758,Odoardo,Krichel,M,73021,9999-01-01
284762,Chinho,Akiyama,F,62248,9999-01-01
284818,Aron,Lortz,M,40000,9999-01-01
284830,Stafford,Luff,F,77650,9999-01-01
284783,Shahab,Assaf,F,40000,9999-01-01
284786,Wojceich,Piveteau,F,44378,9999-01-01
284978,Toong,Conta,F,58344,9999-01-01
284990,Froduald,Theuretzbacher,M,63447,9999-01-01
284991,Morris,Reeken,M,55830,9999-01-01
284992,Toshiki,Schaft,F,60257,9999-01-01
285002,Turgut,Ranai,M,42271,9999-01-01
285015,Gudjon,Tetzlaff,F,60443,9999-01-01
285017,Hideyuki,Tibblin,M,40000,9999-01-01
285025,Otmar,Kuszyk,F,41133,9999-01-01
284834,Doowon,Rohrbach,F,40000,9999-01-01
284847,Shugo,Seghrouchni,M,40502,9999-01-01
285057,Georgi,Edelhoff,M,54354,9999-01-01
284851,Valter,Genther,F,40681,9999-01-01
285061,Babette,Baja,M,54939,9999-01-01
285065,Adas,Hitomi,M,48100,9999-01-01
285068,Genta,Felcyn,M,40000,9999-01-01
284859,Alassane,Krogh,M,59876,9999-01-01
285077,Berna,Hofman,M,71086,9999-01-01
285085,Jouni,Rosch,M,42672,9999-01-01
284874,Vidar,Langford,F,64425,9999-01-01
285087,Masako,Badache,F,70724,9999-01-01
285097,Serap,Shiratori,M,40000,9999-01-01
285106,Cedric,Siepmann,F,40000,9999-01-01
284876,Kwun,Lorys,F,55392,9999-01-01
284883,Pohua,Marrevee,M,40000,9999-01-01
285127,Marla,Lindenbaum,M,50351,9999-01-01
284896,Tsuneo,Mateescu,M,55879,9999-01-01
285137,Bluma,Ohori,M,66028,9999-01-01
285146,Sachio,Birke,M,54308,9999-01-01
284905,Bingning,Koshino,F,62091,9999-01-01
285150,Zejun,Chinal,F,62358,9999-01-01
285158,Manton,Feldhoffer,M,40000,9999-01-01
284910,Uwe,Streng,M,76468,9999-01-01
284935,Shaw,Sadowski,F,43926,9999-01-01
285161,Lihong,Sommer,M,49682,9999-01-01
285165,Peer,Rajcani,M,40000,9999-01-01
284947,Martial,Vidal,F,78111,9999-01-01
285178,Valdiodio,Stanfel,M,40000,9999-01-01
285189,Yongqiao,Roccetti,M,71015,9999-01-01
285193,Ayakannu,Luga,M,40000,9999-01-01
284965,Kristof,Camurati,F,52131,9999-01-01
285203,Domenick,Hasenauer,F,47632,9999-01-01
285207,Charmane,Seuren,F,55941,9999-01-01
285216,Maria,Motley,M,40000,9999-01-01
285223,Alois,Pusterhofer,M,57188,9999-01-01
285226,Adib,Schonegge,M,40000,9999-01-01
285348,Jianhui,Bardell,M,40000,9999-01-01
285237,Barun,Sgarro,M,75921,9999-01-01
285243,Lakshmi,Vieth,F,52052,9999-01-01
285244,Suvo,Kaelbling,M,40000,9999-01-01
285393,Carrsten,Kaelbling,F,85416,9999-01-01
285256,Ayonca,Brendel,M,57782,9999-01-01
285268,Berto,Valtorta,M,57369,9999-01-01
285271,Marjo,Esteva,F,52101,9999-01-01
285272,Herbert,Aseltine,M,52117,9999-01-01
285294,Sorina,Kitai,F,56537,9999-01-01
285297,Huai,Czap,M,40000,9999-01-01
285400,Aluzio,Pollock,F,45572,9999-01-01
285308,Domenico,Miake,F,85766,9999-01-01
285416,Pranav,Nivat,F,44361,9999-01-01
285326,Adit,Chenney,F,47512,9999-01-01
285331,Kagan,Winter,F,40000,9999-01-01
285417,Taizo,Talmor,M,40000,9999-01-01
285342,Nevio,Velasco,M,41451,9999-01-01
285345,Gennady,Peak,F,47229,9999-01-01
285429,Amabile,Kavvadias,M,40000,9999-01-01
285437,Toshiko,Jumpertz,F,55969,9999-01-01
285442,Christoph,Benaini,F,69607,9999-01-01
285534,Tran,Kulisch,M,40000,9999-01-01
285470,Gill,Turnbull,F,50475,9999-01-01
285551,Zita,Erie,M,76269,9999-01-01
285554,Ziyad,Brandsma,M,40000,9999-01-01
285559,Sanjai,Boguraev,F,57702,9999-01-01
285560,Shigehito,Barinka,M,47843,9999-01-01
285564,Niteen,Schwartzbauer,M,40000,9999-01-01
285565,Shigeaki,Schonegge,M,56659,9999-01-01
285572,Huiqun,Monarch,M,40000,9999-01-01
285491,Oguz,Conia,M,67022,9999-01-01
285592,Kensyu,Beeson,M,40000,9999-01-01
285494,Goncalo,Reeker,M,40000,9999-01-01
285513,Adin,Kamber,M,40000,9999-01-01
285609,Tetsushi,Uludag,M,68011,9999-01-01
285622,Venkatesan,Speek,F,69482,9999-01-01
285623,Kenroku,Haraldson,M,73476,9999-01-01
285627,Dzung,Foong,M,55352,9999-01-01
285514,Bikash,Azevdeo,M,61343,9999-01-01
285523,Woody,Picco,F,40000,9999-01-01
285637,Surveyors,Crelier,M,61826,9999-01-01
285641,Naraig,Reghbati,F,61473,9999-01-01
285643,Dulce,Rusterholz,F,64562,9999-01-01
285644,Duri,Schnelling,F,40000,9999-01-01
285524,Anoosh,Gimbel,F,90267,9999-01-01
285649,Gian,Ranai,M,48375,9999-01-01
285652,Tomokazu,Gewali,M,88144,9999-01-01
285654,Ashish,Haldar,F,40000,9999-01-01
285722,Shrikanth,Dratva,M,47399,9999-01-01
285659,Mabhin,Lorys,M,69663,9999-01-01
285661,Spyrose,Beilner,F,46747,9999-01-01
285663,Chriss,Giveon,M,74806,9999-01-01
285664,Satyanarayana,Nannarelli,F,40000,9999-01-01
285673,Arnould,Chaudhury,M,40000,9999-01-01
285675,Deborah,Orsini,F,79670,9999-01-01
285677,Tsutomu,Luke,M,40000,9999-01-01
285680,Younwoo,Lieberherr,F,46924,9999-01-01
285728,Charlene,Papastamatiou,M,50811,9999-01-01
285688,Xinan,Itzfeldt,M,40000,9999-01-01
285741,Kitty,Raney,M,40000,9999-01-01
285743,Gretta,DasSarma,F,40000,9999-01-01
285747,Berry,Zuberek,F,57645,9999-01-01
285749,Terresa,Jeong,F,40000,9999-01-01
285758,Maha,Ritzmann,F,40000,9999-01-01
285765,Sivanarayana,Showalter,F,40000,9999-01-01
285928,Martien,Kornyak,M,52750,9999-01-01
285766,Hsiangchu,Auyong,M,60818,9999-01-01
285934,Zhilian,Antonakopoulos,M,78772,9999-01-01
285938,Serenella,Hiraishi,M,85809,9999-01-01
285781,Hein,Picaronny,M,68699,9999-01-01
285782,Jaideep,Bultermann,F,40000,9999-01-01
285961,Tristan,Aloisi,M,40000,9999-01-01
285786,Toshiko,Emden,M,70729,9999-01-01
285968,Herbert,Koblitz,M,54525,9999-01-01
285789,Uli,Welham,M,75992,9999-01-01
285800,Barry,Gargeya,M,40000,9999-01-01
285986,Maia,Erez,M,76788,9999-01-01
285987,Rildo,Hanabata,M,40000,9999-01-01
285803,Almudena,Hertweck,F,92125,9999-01-01
286000,Tonny,Eugenio,F,77473,9999-01-01
286004,Sachem,Schiper,F,51290,9999-01-01
285819,Arno,Petersohn,M,40287,9999-01-01
286016,Shigehito,Peha,M,102221,9999-01-01
286017,Udo,Benantar,M,69308,9999-01-01
286023,Takahito,Tasistro,F,40000,9999-01-01
286032,Abdulla,Hempstead,M,43757,9999-01-01
286049,KayLiang,Kading,M,40000,9999-01-01
286057,Bezalel,Stellhorn,M,40000,9999-01-01
286072,Christophe,Luit,F,88769,9999-01-01
286076,Mary,Callaway,M,63728,9999-01-01
286084,Adil,Swist,F,55712,9999-01-01
286085,Hyuncheol,Muniz,M,40000,9999-01-01
286090,Shaw,Sewelson,F,80092,9999-01-01
286097,Matk,Kusalik,M,40000,9999-01-01
286110,Khedija,Bazelow,F,45736,9999-01-01
286117,Horward,Suri,F,40000,9999-01-01
286120,Etsuo,Farris,F,40000,9999-01-01
285829,Jeanne,Henders,M,95621,9999-01-01
286128,Eckart,Mitsuhashi,F,76193,9999-01-01
285867,Barna,Pashtan,F,45006,9999-01-01
286144,Rutger,Birke,M,40000,9999-01-01
286157,Claude,Rosenbaum,M,55511,9999-01-01
286165,Ghassan,Maierhofer,F,40000,9999-01-01
285874,Reuven,Clouatre,M,47111,9999-01-01
286169,Fuqing,Chleq,M,57140,9999-01-01
286171,Zhensheng,Hettesheimer,F,70163,9999-01-01
286288,Fayez,Huhdanpaa,M,40000,9999-01-01
286195,Karlis,Hofting,F,98427,9999-01-01
286206,King,Ulupinar,F,44224,9999-01-01
286210,Venkatesan,Marrevee,F,40000,9999-01-01
286218,Yoshimitsu,Decleir,M,64861,9999-01-01
286219,Gita,Rehfuss,M,79655,9999-01-01
286221,Shahaf,Figueira,F,60414,9999-01-01
286292,Make,Eterovic,M,58324,9999-01-01
286247,Vasilis,Sambasivam,M,54865,9999-01-01
286249,Jeong,Blokdijk,F,43533,9999-01-01
286319,Baziley,Quaggetto,M,43514,9999-01-01
286260,Suvo,Plotkin,M,52663,9999-01-01
286262,Surveyors,Hiroyama,F,40000,9999-01-01
286334,Alenka,Sridhar,F,45161,9999-01-01
286347,Maya,Reistad,M,65670,9999-01-01
286467,Ult,Molberg,M,77162,9999-01-01
286362,Ramalingam,Chaudhury,F,64979,9999-01-01
286473,Saniya,Azadmanesh,F,40000,9999-01-01
286477,Kazuhiro,Speel,F,47818,9999-01-01
286485,Heeju,Wiegley,M,40000,9999-01-01
286489,Fumiko,Arlazarov,F,40000,9999-01-01
286490,Gill,Ranai,F,71935,9999-01-01
286493,Uma,Ciolek,F,51989,9999-01-01
286363,Brigham,Tsukuda,F,41850,9999-01-01
286502,Margo,Barbanera,F,53931,9999-01-01
286374,Subbu,Buchter,F,56261,9999-01-01
286503,Sigeru,Kaelbling,F,40000,9999-01-01
286515,Debaprosad,Soicher,M,40000,9999-01-01
286402,Giordano,Uehara,F,50093,9999-01-01
286526,Ulises,Dengi,F,51843,9999-01-01
286532,Paris,Codenie,M,59765,9999-01-01
286534,Yonghoan,Eastman,F,51086,9999-01-01
286550,Ghassan,Furudate,M,40000,9999-01-01
286555,Muneo,Sichman,M,40000,9999-01-01
286412,Adas,Bresenham,M,40000,9999-01-01
286558,Waiman,Gubsky,F,44870,9999-01-01
286562,Reuven,Azevdeo,F,40773,9999-01-01
286413,DAIDA,Manderick,M,40000,9999-01-01
286418,Tomokazu,Daescu,F,66261,9999-01-01
286423,Dietrich,Flanders,M,100936,9999-01-01
286583,Khue,Klassen,F,62593,9999-01-01
286429,Gina,Acton,F,47777,9999-01-01
286589,Gill,Coombs,F,40000,9999-01-01
286590,Aral,Androutsos,F,42292,9999-01-01
286435,Zvonko,Cronan,M,46228,9999-01-01
286598,Yuuichi,Rissland,M,53439,9999-01-01
286439,Weicheng,Pfau,F,43339,9999-01-01
286440,Aleksandar,Huttel,M,40000,9999-01-01
286447,Alper,Schaft,M,40000,9999-01-01
286449,Randi,Khalid,M,40000,9999-01-01
286607,Gianluca,Reeker,M,40000,9999-01-01
286450,Basem,Fadgyas,M,40000,9999-01-01
286608,Giri,Acton,M,40912,9999-01-01
286646,Martien,Peres,F,51246,9999-01-01
286615,Lokesh,Eterovic,F,79393,9999-01-01
286632,Bingning,Ghemri,M,54542,9999-01-01
286634,Halsur,Underwood,F,62280,9999-01-01
286678,Tadanori,Oxenboll,M,42230,9999-01-01
286635,Ger,Serna,F,47910,9999-01-01
286636,Cordelia,Leivant,F,40000,9999-01-01
286638,Srinidhi,Malinowski,F,54854,9999-01-01
286683,Katsuyuki,Decaestecker,F,60121,9999-01-01
286696,Sachio,DuCasse,M,52511,9999-01-01
286697,Ult,Melter,F,86833,9999-01-01
286702,Chiranjit,Gischer,F,46747,9999-01-01
286827,Yunming,Merey,M,78162,9999-01-01
286729,Kellyn,Besancenot,F,40000,9999-01-01
286832,Dharmaraja,Sadowsky,M,40000,9999-01-01
286836,Yagil,Roisin,F,55942,9999-01-01
286841,Hidekazu,Zobel,M,82984,9999-01-01
286733,Shem,Crouzet,M,74546,9999-01-01
286745,Baziley,Rajcani,M,44082,9999-01-01
286873,Dinah,Lubachevsky,M,40000,9999-01-01
286875,Freyja,Wielonsky,F,76591,9999-01-01
286878,Sakthirel,Otillio,F,92531,9999-01-01
286755,Limsoon,Kusalik,M,40000,9999-01-01
286893,Parke,Yurek,M,47582,9999-01-01
286760,Sadun,Escriba,M,40000,9999-01-01
286898,Susumu,Grabner,F,40000,9999-01-01
286902,Abdelghani,Cannata,M,40000,9999-01-01
286771,Make,Alblas,F,40000,9999-01-01
286914,Nalini,Bierbaum,M,40000,9999-01-01
286921,Abdelghani,Turnbull,M,43422,9999-01-01
286922,Sreenivas,Luff,M,70705,9999-01-01
286777,Garnet,Demos,M,80481,9999-01-01
286781,Vesna,Roccetti,F,41533,9999-01-01
286939,Arvin,Litzler,F,67028,9999-01-01
286790,Snehasis,Diderrich,M,60354,9999-01-01
286795,Tayeb,Luca,M,64514,9999-01-01
286811,Radhia,Porenta,M,46865,9999-01-01
286982,Aksel,Ranze,M,86065,9999-01-01
287013,Heng,Asmuth,F,51231,9999-01-01
287021,Dharmaraja,Schwaller,M,65886,9999-01-01
287022,Wilmer,Merks,M,45345,9999-01-01
287033,Pradeep,Pettey,M,71404,9999-01-01
287042,Constantino,Schwartzbauer,M,43450,9999-01-01
287064,Kish,Ratnaker,M,40000,9999-01-01
287076,Almudena,Harnett,M,76776,9999-01-01
287078,Fayez,Terlouw,F,61814,9999-01-01
287088,Premsyl,Iacovou,F,40000,9999-01-01
287093,Dietrich,Leslie,M,40741,9999-01-01
286991,Perla,Aloisi,F,46913,9999-01-01
287097,Sigeru,Kisuki,M,40000,9999-01-01
286992,Dante,Skafidas,M,58989,9999-01-01
287101,Florian,Krider,F,40000,9999-01-01
287107,Gao,Benzmuller,M,60643,9999-01-01
287113,Joydip,Maliniak,F,87719,9999-01-01
287196,Djelloul,Zhiwei,M,40000,9999-01-01
287123,Marko,Benaini,M,70981,9999-01-01
287213,Geraldo,Mellouli,M,53184,9999-01-01
287131,Vasiliy,Ghazalie,F,64278,9999-01-01
287218,Maris,Swen,F,40000,9999-01-01
287221,Saeed,Sinitsyn,M,47599,9999-01-01
287142,Cedric,McConalogue,F,50756,9999-01-01
287231,Yifei,Shiratori,F,58092,9999-01-01
287233,Heping,Murthy,M,51734,9999-01-01
287238,Yoshimitsu,Nooteboom,F,40000,9999-01-01
287245,Junsik,Angot,F,40000,9999-01-01
287247,Temple,Michaeli,F,40000,9999-01-01
287249,Richara,Gopalakrishnan,M,55108,9999-01-01
287250,Wayne,Aumann,M,49362,9999-01-01
287267,Lunjin,Cummings,M,50463,9999-01-01
287284,Luisa,Camarinopoulos,F,50688,9999-01-01
287293,Gao,Rosch,M,70911,9999-01-01
287294,Aria,Vecchi,M,40000,9999-01-01
287302,Shawna,Tchuente,F,40410,9999-01-01
287318,Nikolaos,Kossowski,F,50752,9999-01-01
287328,Ennio,Keustermans,M,51214,9999-01-01
287347,Noritoshi,Melton,M,65319,9999-01-01
287356,Uinam,Delgrossi,M,44198,9999-01-01
287358,Shridhar,Stanfel,F,40000,9999-01-01
287373,Mabry,Beznosov,F,57103,9999-01-01
287152,Raimond,Comte,F,40000,9999-01-01
287388,Zongyan,Mahnke,M,49941,9999-01-01
287397,Martien,Pokrovskii,M,84205,9999-01-01
287406,Arra,Slutz,F,74376,9999-01-01
287161,Gilbert,Parveen,M,64792,9999-01-01
287423,DAIDA,Pashtan,M,40000,9999-01-01
287163,Vugranam,Verhaegen,M,40000,9999-01-01
287437,Kristinn,Salinas,F,40000,9999-01-01
287439,Teunis,Radhakrishnan,F,53955,9999-01-01
287446,Abdelaziz,Krichel,M,40000,9999-01-01
287167,Qunsheng,Toyoshima,F,40000,9999-01-01
287181,Mariusz,Schade,M,63653,9999-01-01
287462,Piyawadee,Gomatam,F,40000,9999-01-01
287190,Lobel,Malabarba,M,52018,9999-01-01
287501,Danai,Thebaut,M,41386,9999-01-01
287505,Neelam,Orlowska,M,40000,9999-01-01
287507,Muneo,Plump,F,58533,9999-01-01
287585,Kwangyoen,Heinisuo,F,67297,9999-01-01
287512,Guadalupe,Bashian,F,40000,9999-01-01
287514,Nagui,Kamber,F,40000,9999-01-01
287518,Chinhyun,McConalogue,M,51177,9999-01-01
287519,Shunichi,Marciano,M,56802,9999-01-01
287552,Idoia,Hockney,F,72790,9999-01-01
287556,Sachar,Furedi,M,59130,9999-01-01
287598,Bader,Jiang,M,73204,9999-01-01
287604,Mong,Spieker,F,40000,9999-01-01
287605,Masanao,Hebden,F,40000,9999-01-01
287608,Eberhardt,Picco,F,40000,9999-01-01
287613,Navid,Magalhaes,M,71012,9999-01-01
287761,Patricia,Pargaonkar,M,68410,9999-01-01
287769,Tianruo,Dratva,F,40000,9999-01-01
287624,Francesca,Ambroszkiewicz,F,88765,9999-01-01
287776,Yuping,Tyugu,F,41840,9999-01-01
287778,Krisda,Suomi,M,57049,9999-01-01
287635,Jagoda,Kamber,M,44181,9999-01-01
287803,Felicidad,Waymire,M,52556,9999-01-01
287812,Anwar,Brizzi,M,40000,9999-01-01
287815,Huiqun,Rodham,M,54494,9999-01-01
287824,Yechezkel,Zaccaria,M,40000,9999-01-01
287640,Aria,Panienski,M,76454,9999-01-01
287830,Wuxu,Sullins,M,40000,9999-01-01
287641,Yuriy,Riexinger,M,47003,9999-01-01
287837,Nobuyoshi,Businaro,M,71756,9999-01-01
287838,Sailaja,Lanteri,F,62684,9999-01-01
287839,Teunis,Tyugu,M,40000,9999-01-01
287646,Otilia,Etalle,F,40000,9999-01-01
287845,Vojin,Farrar,M,94596,9999-01-01
287848,Chaosheng,Stroustrup,M,40000,9999-01-01
287665,Shalesh,Snyers,M,49591,9999-01-01
287876,Yinlin,Hardjono,M,78974,9999-01-01
287877,Duro,Trumbly,F,40000,9999-01-01
287666,Jaber,Aloia,M,57938,9999-01-01
287878,Masoud,Gihr,F,40000,9999-01-01
287675,Mark,Baak,F,47852,9999-01-01
287886,Boaz,Khalid,M,43512,9999-01-01
287679,Krister,Hebert,M,61044,9999-01-01
287900,Steve,Busillo,F,40000,9999-01-01
287901,Selwyn,Huxford,M,66862,9999-01-01
287680,Youssef,Rande,F,56038,9999-01-01
287908,Masaki,Zirintsis,F,46995,9999-01-01
287687,Francoise,Genin,F,40000,9999-01-01
287917,Barry,Rindone,F,52628,9999-01-01
287696,Jouko,Eiter,M,40000,9999-01-01
287711,Amabile,Jansch,F,40000,9999-01-01
287716,Babette,Molberg,M,75566,9999-01-01
287717,Inderjeet,Mullainathan,M,52980,9999-01-01
287947,Wanqing,Anily,M,54872,9999-01-01
287721,Nirmal,Emden,F,87784,9999-01-01
287956,Alenka,Schwaller,F,53392,9999-01-01
287723,Subhada,Fontet,M,58753,9999-01-01
287966,Danel,Hainaut,M,51770,9999-01-01
288136,Chiranjit,Thisen,M,45649,9999-01-01
287976,Aria,Huttel,M,40000,9999-01-01
287982,Stepehn,Akaboshi,M,41759,9999-01-01
287985,Uzi,Horswill,M,40000,9999-01-01
287986,Conrado,Fortenbacher,F,40000,9999-01-01
287988,Mohua,Pintelas,F,40000,9999-01-01
287996,Geraldo,Siprelle,F,40000,9999-01-01
288000,Oscal,Denti,M,40000,9999-01-01
288004,Saeed,Templeman,M,40000,9999-01-01
288011,Naftali,Veccia,F,62960,9999-01-01
288014,Nitsan,Ranft,M,52238,9999-01-01
288027,Michaela,Gide,F,40000,9999-01-01
288032,Gaurav,Fontet,M,46141,9999-01-01
288138,Iara,Tetzlaff,M,102327,9999-01-01
288144,Youngkon,Pehl,M,40000,9999-01-01
288050,Teiji,Peek,F,46336,9999-01-01
288051,Murthy,Thibadeau,M,40000,9999-01-01
288156,Barry,Borstler,M,40000,9999-01-01
288057,Alejandro,Ozeri,M,40000,9999-01-01
288161,Kellyn,Luck,M,76728,9999-01-01
288074,Hugo,Rosis,F,42268,9999-01-01
288075,Nectarios,Aloia,F,61308,9999-01-01
288168,Akeno,Juneja,M,40000,9999-01-01
288172,Perla,Hasham,M,40000,9999-01-01
288099,Xiaoqiu,Huttel,F,89866,9999-01-01
288195,Shooichi,Morrey,F,40000,9999-01-01
288115,Xinyu,Bahl,M,40000,9999-01-01
288202,Heekeun,Yavatkar,F,53954,9999-01-01
288206,Jouni,Tiemann,F,54285,9999-01-01
288209,Elvia,Baez,F,78209,9999-01-01
288312,Filipe,Baba,F,75249,9999-01-01
288220,Kish,Kermarrec,F,48422,9999-01-01
288318,Tiina,Naudin,M,40419,9999-01-01
288319,Srinidhi,Kaminger,M,72931,9999-01-01
288322,Shahab,Bardell,M,40000,9999-01-01
288332,Sibyl,Douceur,F,57826,9999-01-01
288336,Shahaf,Broder,M,43415,9999-01-01
288223,Francesca,Nollmann,F,64539,9999-01-01
288339,Godehard,Takanami,M,49838,9999-01-01
288341,Aris,Koshiba,F,48329,9999-01-01
288345,Tuval,Lamparter,M,40000,9999-01-01
288234,Zhiwei,Weiland,F,55436,9999-01-01
288354,Owen,Georgatos,F,40000,9999-01-01
288246,Candida,Klassen,F,45627,9999-01-01
288381,George,Schusler,M,56236,9999-01-01
288384,Magy,Maksimenko,M,41100,9999-01-01
288386,Insup,Hettesheimer,F,40000,9999-01-01
288393,Bernd,Lakshmanan,F,59067,9999-01-01
288403,Martina,Ossenbruggen,M,40000,9999-01-01
288430,Rafael,Shrader,M,51277,9999-01-01
288265,Angus,Budinsky,F,66719,9999-01-01
288274,Selwyn,Alblas,F,40000,9999-01-01
288456,Mariusz,Munck,F,40000,9999-01-01
288301,Youjian,Marchesini,F,40000,9999-01-01
288485,Nigel,Rosenbaum,F,40000,9999-01-01
288304,Shan,Majewski,F,88808,9999-01-01
288681,Thodoros,Showalter,M,40000,9999-01-01
288491,Sverrir,Moffat,F,63606,9999-01-01
288698,Abdelwaheb,Penz,M,40000,9999-01-01
288511,Bezalel,Decleir,M,48062,9999-01-01
288514,Dines,Potthoff,M,40467,9999-01-01
288705,Carrsten,Farrag,M,55622,9999-01-01
288713,Guttorm,Marciano,M,40000,9999-01-01
288540,Uli,Camarinopoulos,M,40000,9999-01-01
288716,Ulises,Xiaoshan,M,56082,9999-01-01
288552,Xianlong,Swist,F,58125,9999-01-01
288557,Ingmar,Vidya,M,63522,9999-01-01
288720,Lein,Leuchs,F,43654,9999-01-01
288721,Ohad,Panwar,F,73514,9999-01-01
288574,Fayez,Paludetto,F,75549,9999-01-01
288575,Lunjin,Lindenbaum,M,40000,9999-01-01
288577,Shin,Granlund,M,60144,9999-01-01
288730,Junsik,Akiyama,M,46794,9999-01-01
288578,Boguslaw,Birrer,M,54156,9999-01-01
288581,Chirstian,Granlund,F,40000,9999-01-01
288585,Pragnesh,Veccia,F,60694,9999-01-01
288588,Aiichiro,Toyoshima,F,57588,9999-01-01
288590,Hailing,Reeken,F,86371,9999-01-01
288732,Tesuro,Landherr,F,47812,9999-01-01
288598,Gregory,Range,M,44978,9999-01-01
288746,Leif,Morrin,F,44538,9999-01-01
288610,Ortrud,Zuberek,F,50399,9999-01-01
288615,Florian,Merks,M,40000,9999-01-01
288617,Tsutomu,Beeson,M,50190,9999-01-01
288753,Guther,Bondorf,M,70921,9999-01-01
288634,Chenyi,Kobara,F,48415,9999-01-01
288755,Badri,Buescher,F,40000,9999-01-01
288637,Lene,Openshaw,M,52242,9999-01-01
288639,Shooichi,Rehfuss,M,40000,9999-01-01
288768,Khosrow,Lindenbaum,M,40000,9999-01-01
288641,Xiahua,Thisen,M,40000,9999-01-01
288776,Akeno,Baca,F,69983,9999-01-01
288784,Inderjeet,Matzen,M,40000,9999-01-01
288658,Giordano,Halloran,F,91922,9999-01-01
288789,Alejandra,Lanphier,M,53608,9999-01-01
288790,Cristinel,Puppo,F,80849,9999-01-01
288801,Otmar,Birge,M,91680,9999-01-01
288807,Houman,Yamaashi,M,63763,9999-01-01
288813,Licheng,Noriega,M,65320,9999-01-01
288847,Guenter,Kalafatis,M,57450,9999-01-01
288863,Huai,Sundgren,F,65378,9999-01-01
288877,Niclas,Demizu,M,46802,9999-01-01
288880,Chuanyi,Gammage,M,46969,9999-01-01
288896,Uinam,Uludag,F,44197,9999-01-01
288897,Venkatesan,Valtorta,M,56936,9999-01-01
288899,Shawna,Quadeer,M,76461,9999-01-01
289054,Youjian,Hutton,F,40000,9999-01-01
288905,Kazuhito,Biran,M,50971,9999-01-01
288925,Kiam,Giveon,M,66941,9999-01-01
288942,Xiadong,Ramalingam,M,41094,9999-01-01
288949,Munehiro,Munoz,M,46571,9999-01-01
289079,Xiaobin,Montemayor,M,40000,9999-01-01
288967,Mantis,Erbe,M,80743,9999-01-01
288973,Xinyu,Kaiser,M,81828,9999-01-01
288978,Mitsuyuki,Kuzuoka,F,80997,9999-01-01
288992,Gregory,Granlund,F,43632,9999-01-01
289092,Mantis,Strandh,F,40000,9999-01-01
289013,Quingbo,Panangaden,F,56399,9999-01-01
289097,Willard,Pews,M,40000,9999-01-01
289025,Feixiong,Fordan,M,50874,9999-01-01
289032,Danny,Asrin,M,70834,9999-01-01
289034,Arra,Cappelletti,F,40000,9999-01-01
289100,Selwyn,Marquardt,M,40846,9999-01-01
289103,Francesca,Openshaw,F,53723,9999-01-01
289107,Holgard,Luef,F,74950,9999-01-01
289232,Miyeon,Simmen,M,63640,9999-01-01
289110,Hideo,Sudbeck,M,40000,9999-01-01
289111,Jinxi,Suri,M,52899,9999-01-01
289278,Nechama,Luit,F,41925,9999-01-01
289279,Ziva,Pelz,M,40000,9999-01-01
289281,Basant,Mondadori,M,49268,9999-01-01
289285,Mohua,Miake,F,40000,9999-01-01
289286,Qunsheng,Heuser,M,58168,9999-01-01
289295,Shuzo,Barriga,M,40000,9999-01-01
289302,Mani,Lampe,M,60515,9999-01-01
289114,Vidar,Gunderson,M,52427,9999-01-01
289124,Miquel,Schwartzbauer,M,42642,9999-01-01
289328,Arch,Hertweck,M,40000,9999-01-01
289332,Youjian,Esteva,F,63300,9999-01-01
289134,Uinam,Engberts,M,42471,9999-01-01
289348,Indrajit,Jervis,M,45670,9999-01-01
289350,Xudong,Kabayashi,F,60111,9999-01-01
289351,Pragnesh,Plump,M,40000,9999-01-01
289353,Nikolaos,Winter,F,79157,9999-01-01
289356,Yuqun,Kobuchi,F,86567,9999-01-01
289357,Anoosh,Marletta,F,57385,9999-01-01
289366,Owen,Binding,F,42568,9999-01-01
289150,Zengping,Sommen,M,52003,9999-01-01
289368,Yaghout,Zuberek,M,64304,9999-01-01
289153,Shigeichiro,Molenaar,F,40000,9999-01-01
289154,Menkae,Fendler,M,48385,9999-01-01
289159,Yunming,Cyre,F,40588,9999-01-01
289170,Taizo,Aloia,F,52890,9999-01-01
289172,Valeska,Angiulli,F,74986,9999-01-01
289173,Doowon,Valtorta,M,40000,9999-01-01
289388,Mrinalini,Pusterhofer,F,40000,9999-01-01
289393,Koichi,Schonegge,F,42508,9999-01-01
289182,Gio,Nicolson,M,40000,9999-01-01
289189,Xiaocheng,Gide,M,40000,9999-01-01
289220,Mang,Ranon,M,40000,9999-01-01
289419,Kenroku,Ozeri,F,80321,9999-01-01
289433,Demos,Maquelin,M,60477,9999-01-01
289436,Hidekazu,Anguita,M,46375,9999-01-01
289606,Paraskevi,Jumpertz,M,55305,9999-01-01
289456,Kazuhisa,Neiman,M,53456,9999-01-01
289461,Sergi,Anandan,M,40000,9999-01-01
289462,Takahira,Hegner,M,49974,9999-01-01
289463,IEEE,Herbst,F,60528,9999-01-01
289477,Dung,Docker,M,40000,9999-01-01
289613,Khalil,Narahara,M,40000,9999-01-01
289489,Maria,Morton,M,43582,9999-01-01
289616,Mark,Fasbender,M,45720,9999-01-01
289509,Deborah,Tanemo,M,40000,9999-01-01
289619,Jiafu,Mundy,M,56561,9999-01-01
289626,Kyoichi,Pardalos,M,50421,9999-01-01
289531,Vojin,Kitsuregawa,M,40000,9999-01-01
289646,Gad,Bazelow,F,40000,9999-01-01
289543,Shmuel,Kirkerud,M,43332,9999-01-01
289546,Kensei,Hasham,M,40000,9999-01-01
289554,Teruyuki,Piazza,M,40000,9999-01-01
289562,Chuanyi,Warwick,M,48830,9999-01-01
289583,King,Rijsenbrij,F,47979,9999-01-01
289585,Guther,Pappas,F,52097,9999-01-01
289796,Arto,Piazza,M,72567,9999-01-01
289650,Teunis,Felder,M,40000,9999-01-01
289804,Khalid,Yetim,F,40000,9999-01-01
289657,Dines,Kabayashi,M,40000,9999-01-01
289817,Karoline,Strandh,M,62945,9999-01-01
289669,Larisa,Litzler,F,58903,9999-01-01
289674,Berto,Ranta,F,40000,9999-01-01
289686,Ortrun,Rajala,M,52696,9999-01-01
289847,Leen,Wissmann,F,40000,9999-01-01
289850,Boutros,Stasinski,M,41741,9999-01-01
289851,Georgi,Swab,M,54533,9999-01-01
289712,Karsten,Brookner,M,56948,9999-01-01
289862,Marin,Deverell,M,62028,9999-01-01
289878,Adam,Beznosov,F,51966,9999-01-01
289727,Cheong,Seuren,F,40000,9999-01-01
289896,Elrique,Lanphier,M,40000,9999-01-01
289904,Tetsurou,Bahr,F,52209,9999-01-01
289732,Jayson,Hammerschmidt,F,41702,9999-01-01
289736,Duri,Ghelli,M,46958,9999-01-01
289744,Aruna,Ramsak,M,52942,9999-01-01
289750,Guenter,Collette,M,40000,9999-01-01
289950,Sudharsan,Koshino,F,44981,9999-01-01
289756,Huei,Hegner,M,55071,9999-01-01
289961,Kitty,Ponthieu,F,66418,9999-01-01
289759,Gladys,Detkin,M,42043,9999-01-01
289970,Hyuckchul,Carrere,M,52910,9999-01-01
289765,Kensei,Anandan,F,67710,9999-01-01
289777,Margo,Lorys,F,41656,9999-01-01
289782,Kazuyasu,Redmiles,M,45387,9999-01-01
290158,Irena,Dredge,F,47017,9999-01-01
290187,Ronghao,Speek,M,48642,9999-01-01
289981,Luisa,Swick,M,40000,9999-01-01
289982,Gil,Erol,F,68211,9999-01-01
290209,Valeri,Sridhar,F,81129,9999-01-01
289989,Xuejia,Strehl,F,51238,9999-01-01
289996,Jeanne,Velardi,M,51568,9999-01-01
290000,Danae,Kading,F,93002,9999-01-01
290001,Tua,Maierhofer,M,43735,9999-01-01
290215,Gererd,Vieri,F,40000,9999-01-01
290226,Satosi,Montemayor,M,40000,9999-01-01
290232,Nobuyoshi,Malabarba,F,40000,9999-01-01
290024,Mario,Kropatsch,M,52601,9999-01-01
290035,Zine,Lieberherr,M,79421,9999-01-01
290251,Aemilian,Hoppenstand,M,40000,9999-01-01
290053,Xuedong,Cronin,F,48251,9999-01-01
290274,Nahid,Cooley,F,49365,9999-01-01
290062,Godehard,Morrow,M,66211,9999-01-01
290069,Guenter,Yoshimura,M,49716,9999-01-01
290083,Giap,Veevers,F,48147,9999-01-01
290287,Teiji,DuCasse,M,40000,9999-01-01
290108,Tomokazu,Jonsson,M,53918,9999-01-01
290298,Ziyad,Kuszyk,M,40000,9999-01-01
290311,Serif,Godskesen,F,47934,9999-01-01
290329,Branimir,Luks,M,107036,9999-01-01
290121,Ingemar,Lieblein,F,40000,9999-01-01
290337,Jaroslava,Soicher,M,55913,9999-01-01
290148,Gunilla,Brendel,M,81017,9999-01-01
290535,Rosalie,Pashtan,M,56017,9999-01-01
290536,Kiam,Janetzko,M,40000,9999-01-01
290537,Mabo,Erbe,F,77461,9999-01-01
290540,Gennadi,Lyonns,M,48677,9999-01-01
290348,Becky,Jakobus,M,40000,9999-01-01
290544,Shahab,Pena,M,43677,9999-01-01
290354,Sumali,Ramsay,M,40000,9999-01-01
290357,Kasturi,Cunliffe,F,77802,9999-01-01
290360,Rosita,Auyong,M,40000,9999-01-01
290368,Yechezkel,Pashtan,M,67538,9999-01-01
290369,Shahar,Lund,M,40000,9999-01-01
290551,Avishai,Feldhoffer,M,40000,9999-01-01
290390,Xiaoqiu,Gornas,F,40000,9999-01-01
290558,Franziska,Linares,M,40000,9999-01-01
290392,Chikako,Wilfing,M,51755,9999-01-01
290396,Arne,Krichel,M,40000,9999-01-01
290561,Genki,Melter,M,46778,9999-01-01
290564,Teunis,Ghandeharizadeh,F,82673,9999-01-01
290418,Djenana,Uludag,F,53129,9999-01-01
290423,Arco,Krohn,M,49747,9999-01-01
290424,Foong,Karcich,M,45211,9999-01-01
290567,Martina,Poujol,F,40000,9999-01-01
290428,Supot,Flowers,F,92505,9999-01-01
290434,Mohan,Ferriere,M,60216,9999-01-01
290436,Chenxi,Karlin,F,74258,9999-01-01
290585,Alassane,Huhdanpaa,F,78453,9999-01-01
290437,Naftali,Oaver,M,48462,9999-01-01
290440,Ulf,Rossi,F,59093,9999-01-01
290453,Radhakrishnan,Nergos,M,52230,9999-01-01
290454,Gadiel,Malinowski,M,40000,9999-01-01
290463,Candido,Fortenbacher,M,82281,9999-01-01
290468,Moto,Chinal,F,41950,9999-01-01
290474,Vasilii,Schach,F,51494,9999-01-01
290475,Randi,Zaiane,M,40000,9999-01-01
290589,Jouni,Chleq,F,93485,9999-01-01
290487,Hitofumi,Carrere,M,63199,9999-01-01
290593,Vojin,Msuda,F,40000,9999-01-01
290602,King,Hiltgen,M,40614,9999-01-01
290615,Niteen,Czaja,F,76143,9999-01-01
290631,Yoshinari,Vieri,M,49695,9999-01-01
290636,Elvis,Tokunaga,F,73854,9999-01-01
290638,Erez,Honglei,F,40000,9999-01-01
290644,Rasikan,Daescu,F,40000,9999-01-01
290647,Mandell,Velardi,F,49369,9999-01-01
290654,Kerryn,Zirintsis,M,55303,9999-01-01
290503,Karsten,Setiz,M,46452,9999-01-01
290505,Kien,Onuegbe,F,56037,9999-01-01
290672,Randi,Bultermann,F,40000,9999-01-01
290680,Fei,Perelgut,F,40000,9999-01-01
290510,Oksana,Barbanera,F,54292,9999-01-01
290511,Satyanarayana,Swab,M,40000,9999-01-01
290514,Kien,Zedlitz,F,40000,9999-01-01
290681,Baoqiu,Hainaut,F,40000,9999-01-01
290685,Spyrose,Nations,F,48954,9999-01-01
290903,Berto,Hettesheimer,F,71557,9999-01-01
290716,Mohd,Kakkar,F,45429,9999-01-01
290720,Gunilla,Randt,M,40000,9999-01-01
290732,Shen,Usery,M,66889,9999-01-01
290910,Frazer,Pepe,F,40000,9999-01-01
290738,Ioana,Beerel,F,76418,9999-01-01
290749,Ronghao,Morrey,F,63409,9999-01-01
290911,Dinah,Zolotykh,M,49768,9999-01-01
290941,Mart,Katalagarianos,M,40000,9999-01-01
290759,Sadok,Laventhal,M,67918,9999-01-01
290788,Weijing,Lundstrom,M,78059,9999-01-01
290946,Abdelghani,Reutenauer,M,72590,9999-01-01
290794,Fox,Pramanik,M,50438,9999-01-01
290797,Feiyu,Boissier,M,48650,9999-01-01
290800,Shmuel,Meriste,F,87760,9999-01-01
290981,Mona,Nooteboom,M,40000,9999-01-01
290805,Noritoshi,Swift,F,40000,9999-01-01
290816,Sachem,Cochrane,F,87911,9999-01-01
290820,Volkmar,Poujol,M,40000,9999-01-01
290828,Mary,Munro,M,40000,9999-01-01
290836,Manohar,Hiroyama,F,40000,9999-01-01
290850,Subhada,Stenning,M,51853,9999-01-01
290856,Cedric,Cannard,M,81198,9999-01-01
290857,Zeljko,Garigliano,M,60162,9999-01-01
290864,Ohad,Morrow,M,40000,9999-01-01
290865,Pascal,Babb,F,54577,9999-01-01
290869,Byong,Bazzichi,M,53770,9999-01-01
290883,Rosalyn,Melski,F,40000,9999-01-01
290888,Szabolcs,Sewelson,M,42460,9999-01-01
290890,Margareta,Vitiello,M,81714,9999-01-01
290891,Xiaoshan,Krupka,F,40000,9999-01-01
290895,Serge,Badr,F,40000,9999-01-01
291084,Mokhtar,Reinhart,F,40000,9999-01-01
290985,Geraldo,Takanami,M,45260,9999-01-01
291098,Moss,Maksimenko,F,40000,9999-01-01
290989,Mori,Lamma,M,49078,9999-01-01
291106,Masako,Gilg,F,55964,9999-01-01
290990,Guiseppe,Bennet,M,54912,9999-01-01
290995,Siddarth,Bugrara,M,57732,9999-01-01
291116,Berni,Pocchiola,F,47549,9999-01-01
291119,Bernice,Huxford,M,69286,9999-01-01
291123,Hyuckchul,Remmele,F,79579,9999-01-01
291008,Takushi,Shimshoni,M,50982,9999-01-01
291010,Danae,Acton,M,40000,9999-01-01
291011,Aron,Huxford,F,60610,9999-01-01
291156,Aron,Rikino,F,81337,9999-01-01
291030,Licheng,Guenter,M,40000,9999-01-01
291164,Kasidit,Wegerle,M,40000,9999-01-01
291168,Duangkaew,Kalorkoti,F,40000,9999-01-01
291175,Susanne,Billawala,M,77592,9999-01-01
291050,Changho,Busillo,M,61362,9999-01-01
291196,Nectarios,Waleschkowski,F,61687,9999-01-01
291052,Mark,Gargeya,F,40000,9999-01-01
291216,Satoru,Einsfeld,M,48123,9999-01-01
291217,Zhilian,Fortenbacher,M,62251,9999-01-01
291059,Sanjai,Bultermann,M,41931,9999-01-01
291222,Stafford,Mellouli,F,49334,9999-01-01
291064,Claudi,Bernini,M,46142,9999-01-01
291243,Keiichiro,Pepe,F,40000,9999-01-01
291245,Shahab,Lueh,M,90800,9999-01-01
291067,Margareta,Sanella,M,40000,9999-01-01
291250,Samphel,Kalafatis,M,40000,9999-01-01
291068,Conor,Zaccaria,F,66344,9999-01-01
291070,Danil,Verhoeff,M,70529,9999-01-01
291071,Emran,Vendrig,F,40000,9999-01-01
291464,Yifei,Openshaw,M,49323,9999-01-01
291269,Marie,Thibadeau,M,51163,9999-01-01
291270,Lorien,Riefers,F,40000,9999-01-01
291286,Kyoichi,Speek,F,51808,9999-01-01
291294,Yoshimitsu,Luby,M,65096,9999-01-01
291480,Kish,Fabrizio,M,94536,9999-01-01
291301,Miquel,Sidje,F,40000,9999-01-01
291312,Oscar,Rosen,F,40000,9999-01-01
291318,Vitali,Kilgour,M,48491,9999-01-01
291481,Dharmaraja,Cools,F,40000,9999-01-01
291323,Ghassan,Maksimenko,M,74569,9999-01-01
291324,Steen,Schwartzburd,M,40000,9999-01-01
291325,Arno,Speckmann,M,63691,9999-01-01
291517,Limsoon,Zeidenstein,M,40000,9999-01-01
291330,Mona,Ligten,M,56724,9999-01-01
291332,Jixiang,Bugrara,M,40000,9999-01-01
291333,Moie,Zumaque,M,75328,9999-01-01
291340,Nahum,Litzler,M,67720,9999-01-01
291353,Alselm,Farrag,M,81358,9999-01-01
291359,Sreekrishna,Swiler,F,76015,9999-01-01
291361,Radhia,Bashian,M,50029,9999-01-01
291534,Akhilish,Paciorek,M,70586,9999-01-01
291376,Fai,Jahnichen,M,40000,9999-01-01
291380,Mohammed,Miara,M,96182,9999-01-01
291385,Khun,Anandan,F,84404,9999-01-01
291536,Chenyi,Binding,M,45499,9999-01-01
291537,Kitty,Ramsey,M,57565,9999-01-01
291580,Nidapan,Gniady,M,40000,9999-01-01
291421,Eirik,Carrere,M,77974,9999-01-01
291426,Geraldo,Cooman,M,40000,9999-01-01
291438,Lihong,Zwicker,M,41552,9999-01-01
291597,Kwangjo,Chinin,M,40000,9999-01-01
291637,Alejandro,Tsukuda,M,40000,9999-01-01
291607,Boguslaw,Swift,F,43322,9999-01-01
291649,Arnould,Kruskal,F,83556,9999-01-01
291653,Rafael,Strehl,F,74431,9999-01-01
291655,Krassimir,Gulla,M,62873,9999-01-01
291823,Masami,Scharstein,M,51843,9999-01-01
291659,Ute,Velasco,M,51935,9999-01-01
291663,Mansur,Lortz,M,57827,9999-01-01
291665,Rosella,Siepmann,F,48718,9999-01-01
291670,Elvia,Hopewell,F,48904,9999-01-01
291675,Dipayan,Stenning,M,40000,9999-01-01
291676,Alain,Constantine,F,48474,9999-01-01
291683,Denny,Masand,M,59948,9999-01-01
291713,Yishai,Wynblatt,M,43746,9999-01-01
291715,Weiyi,Strehl,M,58583,9999-01-01
291827,Prasadram,Mamelak,F,48456,9999-01-01
291719,Volkmar,Schade,F,45088,9999-01-01
291828,Susanne,Kornyak,M,40000,9999-01-01
291733,Huei,Baby,M,40000,9999-01-01
291734,Serge,Heinisuo,F,46929,9999-01-01
291831,Mong,Constantine,M,55513,9999-01-01
291740,Tua,Bratten,M,46781,9999-01-01
291832,Munenori,Cappelli,M,92732,9999-01-01
291840,Xiahua,Riefers,M,40000,9999-01-01
291756,Randi,Braunmuhl,M,40000,9999-01-01
291762,Adel,Paludetto,F,40000,9999-01-01
291865,Gritta,Hartvigsen,M,40000,9999-01-01
291765,Jeane,Beutelspacher,F,40000,9999-01-01
291788,Makato,Poupard,M,78336,9999-01-01
291790,Lene,Sridhar,M,40000,9999-01-01
291793,Kerhong,Eickenmeyer,M,43258,9999-01-01
291896,Mart,Decleir,M,40000,9999-01-01
291809,Kayoko,Birge,M,67179,9999-01-01
291811,Shaibal,Slaats,M,51004,9999-01-01
291813,Lakshmi,Schieder,M,55640,9999-01-01
291817,Adin,Rosca,M,40000,9999-01-01
291898,Ferdinand,Quittner,F,46488,9999-01-01
291908,Marek,Soloway,M,60937,9999-01-01
291912,Yakichi,Miyakawa,F,58959,9999-01-01
291925,Yannis,Ginneken,F,45306,9999-01-01
292011,Christoph,Klassen,M,40000,9999-01-01
292020,Khosrow,Haumacher,F,69666,9999-01-01
292023,Demos,Rullman,F,90796,9999-01-01
292025,Weidon,Osgood,M,45184,9999-01-01
292031,Bouchung,Ulupinar,M,42461,9999-01-01
292032,Herb,Siprelle,M,90190,9999-01-01
291942,Arvind,Bresenham,F,40000,9999-01-01
292038,Roddy,Muhling,M,40000,9999-01-01
292053,Shuji,Brandsma,F,58110,9999-01-01
291956,Claude,Veldwijk,F,45319,9999-01-01
292062,Koldo,Weisert,M,44885,9999-01-01
291958,Anneli,Bernardinello,F,49403,9999-01-01
292071,Martine,Kinley,M,40000,9999-01-01
291963,Shay,Viele,F,40000,9999-01-01
292093,Yurij,Papsdorf,M,40000,9999-01-01
292094,Chaosheng,Verhaegen,M,51750,9999-01-01
292114,Kyoichi,Boreale,M,46615,9999-01-01
292117,Houman,Mungall,M,42511,9999-01-01
292130,Mariusz,Babu,M,64815,9999-01-01
292141,Alassane,Ginneken,M,40000,9999-01-01
292148,Reinhard,Melter,M,62294,9999-01-01
292168,Zhonghua,Syrzycki,M,40000,9999-01-01
291972,Shimshon,Ouhyoung,M,40000,9999-01-01
292177,Mohd,Sooriamurthi,M,50597,9999-01-01
292183,Shahar,Akiyama,F,46478,9999-01-01
292378,Mang,Harllee,F,76016,9999-01-01
292194,Lein,Hanratty,M,51523,9999-01-01
292198,Geoff,Gien,M,91548,9999-01-01
292201,Aris,Varman,M,49212,9999-01-01
292212,Doowon,Improta,M,40000,9999-01-01
292219,Dharmaraja,Deyuan,M,59371,9999-01-01
292382,Remmert,Zallocco,M,40000,9999-01-01
292383,Gererd,Salverda,M,80981,9999-01-01
292244,Yinlin,Rettelbach,F,40000,9999-01-01
292394,Debaprosad,Rosis,M,40000,9999-01-01
292254,Hiroyasu,Lindqvist,F,40000,9999-01-01
292400,Florian,Lamba,F,40000,9999-01-01
292413,Kristian,Belinskaya,M,51799,9999-01-01
292281,Lakshmi,Bardell,F,66114,9999-01-01
292290,Qunsheng,Heyers,F,51639,9999-01-01
292419,Werner,Antonisse,M,40000,9999-01-01
292298,Leon,Motley,M,40000,9999-01-01
292301,Maris,Barbanera,M,40000,9999-01-01
292432,Fumino,Muhlberg,F,43504,9999-01-01
292313,Shushma,Baaleh,M,40000,9999-01-01
292314,Shay,Roohalamini,M,61018,9999-01-01
292322,Adamantios,Colorni,M,98832,9999-01-01
292331,Aamod,Vesna,M,55580,9999-01-01
292457,Josyula,Erev,M,40000,9999-01-01
292340,Leucio,Openshaw,M,40000,9999-01-01
292353,Jingling,Dehkordi,F,40000,9999-01-01
292458,Akeno,Armand,M,52893,9999-01-01
292371,Danil,Stanfel,M,42210,9999-01-01
292464,Gennady,Choobineh,M,40000,9999-01-01
292466,Panayotis,Pashtan,F,40000,9999-01-01
292476,Martien,Schwartzburd,M,40000,9999-01-01
292488,Candida,Bale,F,40000,9999-01-01
292576,Kiam,Ulupinar,F,54803,9999-01-01
292578,Berhard,Fujisawa,F,40000,9999-01-01
292494,Adhemar,Kinley,M,40000,9999-01-01
292582,Nirmal,Bugrara,F,51546,9999-01-01
292499,Takahira,Mayerwieser,M,68221,9999-01-01
292598,Hiroyasu,Litecky,F,49879,9999-01-01
292600,Margo,Schlumberger,M,82017,9999-01-01
292605,Hatem,Picaronny,M,42089,9999-01-01
292506,Nahum,Tchuente,F,40000,9999-01-01
292612,Lihong,Katalagarianos,F,46719,9999-01-01
292618,Abdelkader,Salverda,F,58484,9999-01-01
292507,Feiyu,Jakobus,M,40000,9999-01-01
292627,Anneli,Reinhart,F,71959,9999-01-01
292519,Josyula,Angel,M,48311,9999-01-01
292643,Chriss,Eiter,F,97079,9999-01-01
292524,Gladys,Dayang,M,55856,9999-01-01
292658,Hiroyasu,Massonet,M,40000,9999-01-01
292532,Mokhtar,Honglei,F,67399,9999-01-01
292675,Munehiko,Ranze,M,88125,9999-01-01
292533,Zine,Muchinsky,M,62624,9999-01-01
292546,Nectarios,Zastre,M,50397,9999-01-01
292698,Jinpo,Rabehasaina,M,81422,9999-01-01
292554,Steen,Heuser,M,54538,9999-01-01
292707,Aluzio,Pollacia,M,58999,9999-01-01
292712,Gro,Leuchs,M,55328,9999-01-01
292752,Jianhao,Frolund,M,43166,9999-01-01
292718,Yuuichi,Sundgren,F,41482,9999-01-01
292743,Fan,Itzfeldt,M,40000,9999-01-01
292744,Abdulla,Ibel,M,47839,9999-01-01
292753,Kwangyoen,Andreotta,F,53855,9999-01-01
292756,Piyush,Pews,M,71397,9999-01-01
292765,Basant,Ginesta,M,59002,9999-01-01
292933,Chaoyi,Heping,M,73361,9999-01-01
292770,Zhilian,Alpay,M,52819,9999-01-01
292943,Kwan,Nannarelli,M,68964,9999-01-01
292945,Anwar,Stellhorn,M,40000,9999-01-01
292947,Vasilii,Krychniak,F,66861,9999-01-01
292774,Saddek,Schwartzburd,F,42259,9999-01-01
292776,Marie,Zeidenstein,M,42843,9999-01-01
292966,Larisa,Lanphier,M,48806,9999-01-01
292968,Sashi,Chaudhury,F,53383,9999-01-01
292777,Augustine,Schwaller,F,73180,9999-01-01
292970,Xinyu,Strandh,M,68724,9999-01-01
292974,Jinpo,Sgarro,F,80542,9999-01-01
292800,Shigenori,Guerreiro,F,42541,9999-01-01
292978,Masali,Luiz,F,40939,9999-01-01
292989,Dipayan,Fraisse,F,40000,9999-01-01
292995,Junsik,Picel,M,58108,9999-01-01
293002,Basim,Antonisse,M,50044,9999-01-01
292809,Dulce,Majewski,M,40000,9999-01-01
293010,Nathan,Verhoeff,F,65297,9999-01-01
293016,Magdalena,Kemmerer,M,43881,9999-01-01
292825,Tru,Facello,F,40000,9999-01-01
293024,Zissis,Ramaiah,M,40000,9999-01-01
293026,Odinaldo,Emiris,M,64107,9999-01-01
292831,Subhankar,Ananiadou,M,40000,9999-01-01
292840,Jianhua,Rehfuss,F,45534,9999-01-01
293048,Berhard,Simmen,M,40000,9999-01-01
293050,Sanjai,Alblas,M,40000,9999-01-01
292841,Yannis,Pargaonkar,M,40000,9999-01-01
292872,Mabo,Wilfing,M,40000,9999-01-01
293070,Saddek,Isaak,M,43040,9999-01-01
293103,Danco,Butner,F,40000,9999-01-01
292902,Shigenori,Woycyznski,M,84319,9999-01-01
292904,Gopalakrishnan,Uhrik,F,48134,9999-01-01
293120,Shaz,Plump,M,40000,9999-01-01
292921,Weiru,Huhdanpaa,F,42050,9999-01-01
293129,Jeane,Aseltine,M,40000,9999-01-01
293144,Junichi,Huhdanpaa,M,61140,9999-01-01
293312,Zito,Pehl,M,55237,9999-01-01
293177,Marlo,Fairtlough,F,73709,9999-01-01
293317,Tru,Fargier,M,40000,9999-01-01
293189,Patricio,Chenney,F,40000,9999-01-01
293323,Maria,Schwartzburd,M,68376,9999-01-01
293197,Gonzalo,Kemmerer,M,64099,9999-01-01
293325,Candido,Ullian,M,40000,9999-01-01
293328,Takahiro,Madeira,M,40000,9999-01-01
293223,Yuqun,Poulakidas,F,62488,9999-01-01
293332,Guadalupe,Veccia,M,46725,9999-01-01
293235,Heeju,Hatcliff,M,65552,9999-01-01
293342,Dekang,Moehrke,F,77959,9999-01-01
293347,Mary,Sidje,M,40000,9999-01-01
293259,Breannda,Petersohn,M,58464,9999-01-01
293265,Golgen,Czaja,M,40000,9999-01-01
293351,Marjo,Desikan,M,68083,9999-01-01
293272,Jacopo,Fiutem,F,57120,9999-01-01
293277,Mircea,Chachaty,F,40000,9999-01-01
293353,Zhanqiu,Barreiro,M,63274,9999-01-01
293281,Denny,Whittlesey,M,67003,9999-01-01
293287,Neelam,Isard,M,75977,9999-01-01
293293,Duro,Ramamoorthy,M,40000,9999-01-01
293295,Kamakshi,Makrucki,F,40102,9999-01-01
293487,Nathan,Haldar,M,50942,9999-01-01
293490,Marlo,Soloway,M,41194,9999-01-01
293501,Achilleas,Litecky,M,42327,9999-01-01
293505,Premsyl,Eugenio,M,46176,9999-01-01
293508,Sachin,Ranta,F,40000,9999-01-01
293536,Amalendu,Thibadeau,F,40000,9999-01-01
293537,Quingbo,Chiodo,F,77633,9999-01-01
293539,Bernd,Jayawardene,F,40000,9999-01-01
293567,Masami,Kragelund,F,56401,9999-01-01
293575,Mahmut,Radhakrishnan,F,48709,9999-01-01
293580,Masadi,Christ,M,45762,9999-01-01
293583,Alejandro,Kaminger,M,49661,9999-01-01
293587,King,Vickson,M,40000,9999-01-01
293598,Yechiam,Bernick,M,40000,9999-01-01
293614,Hidefumi,Denti,F,57745,9999-01-01
293627,Keiichiro,Szilard,M,64487,9999-01-01
293628,Zhanqiu,Danecki,M,65766,9999-01-01
293630,Gou,Kalefeld,M,51704,9999-01-01
293632,Arnould,Kenevan,F,68204,9999-01-01
293652,Kersti,Schaar,M,55113,9999-01-01
293663,Yunming,Borstler,M,40000,9999-01-01
293666,Bokyung,Birjandi,M,61941,9999-01-01
293669,Yakichi,Bugrara,F,87844,9999-01-01
293700,Berry,Zeidenstein,M,60656,9999-01-01
293710,Atreye,Chleq,F,58350,9999-01-01
293718,Neelam,Hainaut,F,40000,9999-01-01
293743,Arnd,Gurbaxani,M,40105,9999-01-01
293744,Kolar,Carrere,M,40000,9999-01-01
293766,Tomoyuki,Schurmann,M,40000,9999-01-01
293768,Aruna,Hoppenstand,M,48709,9999-01-01
293769,Paris,Valtorta,M,68207,9999-01-01
293784,Radhika,Feldhoffer,M,40000,9999-01-01
293790,Premsyl,Perez,F,40000,9999-01-01
293808,Gil,Pettis,M,57829,9999-01-01
293849,Brigham,Bondorf,M,55773,9999-01-01
293851,Golgen,Callaway,F,40000,9999-01-01
293863,Xudong,Moehrke,M,46502,9999-01-01
293874,Flemming,Engberts,F,40000,9999-01-01
293884,Zhenhua,Ebeling,F,61335,9999-01-01
293890,Kazuhiro,Klerer,M,60726,9999-01-01
293893,Bernt,Kropf,F,40000,9999-01-01
293895,Satyanarayana,Chenney,F,40000,9999-01-01
293905,Berni,Mateescu,M,40000,9999-01-01
293907,Pintsang,Doering,M,40000,9999-01-01
293913,Maren,Schwartzbauer,M,76399,9999-01-01
293914,Jungsoon,Garrabrants,M,77145,9999-01-01
293934,Kerryn,Heusch,M,40000,9999-01-01
293935,Gila,Conry,M,48982,9999-01-01
293939,Parke,Lanzelotte,M,57878,9999-01-01
293942,Vitaly,Erni,F,44159,9999-01-01
293946,Nadjib,Merro,M,45167,9999-01-01
293965,Jamaludin,Majewski,F,59941,9999-01-01
293967,Selwyn,Garrabrants,M,46296,9999-01-01
293979,Alselm,Uhrig,M,40000,9999-01-01
293986,Alselm,Melter,F,40000,9999-01-01
293988,Yunming,Sifakis,F,40000,9999-01-01
293354,Sukumar,Perfilyeva,F,40749,9999-01-01
294001,Changho,Waleschkowski,F,40000,9999-01-01
294011,Guiseppe,Solares,F,84117,9999-01-01
293355,Huan,Kolvik,F,41914,9999-01-01
294018,Shietung,Pluym,F,42840,9999-01-01
293405,Xuejia,Kusalik,M,45666,9999-01-01
294022,Xiahua,Vidal,M,52416,9999-01-01
294023,Katsuyuki,Hebert,F,40000,9999-01-01
294045,Sashi,Shumilov,F,40000,9999-01-01
294047,Arno,Ramsey,M,59257,9999-01-01
293415,Bilhanan,Einsfeld,F,51736,9999-01-01
294056,Basant,Hedayat,M,72420,9999-01-01
294068,Kazunori,Cmelik,M,40000,9999-01-01
294069,Fei,Stellhorn,F,40000,9999-01-01
293424,Arumugam,Ohori,M,63651,9999-01-01
294080,Chenxi,Iwayama,M,78862,9999-01-01
293441,Toshimitsu,Cunliffe,M,72904,9999-01-01
294091,Roded,Siegrist,F,40000,9999-01-01
294097,Kazunori,Cummings,M,98121,9999-01-01
294099,Denis,Cullers,F,40000,9999-01-01
294109,Cullen,Karnin,M,51258,9999-01-01
294112,Guenter,Chachaty,M,70942,9999-01-01
293446,Gad,Leppanen,F,40000,9999-01-01
294125,Lene,Anick,F,40000,9999-01-01
293462,Soenke,Falck,F,51944,9999-01-01
294141,Goo,Pulkowski,F,60521,9999-01-01
293468,Harjit,Azevdeo,M,56890,9999-01-01
294161,Nigel,Wegerle,M,42869,9999-01-01
294164,Subhada,Hennings,M,55558,9999-01-01
293479,Shigeo,Kriebel,F,55934,9999-01-01
294177,Morris,Mundy,F,40000,9999-01-01
294178,Nectarios,Luga,F,60278,9999-01-01
294184,Utz,Tomescu,F,40000,9999-01-01
294240,Poornachandra,Ressouche,M,70508,9999-01-01
294195,Arvind,Simkin,F,40000,9999-01-01
294219,Frazer,Remmele,M,82315,9999-01-01
294223,Pantung,Albarhamtoshy,M,74184,9999-01-01
294243,Marie,Llado,M,40000,9999-01-01
294244,Emran,Heusch,M,40000,9999-01-01
294251,Jordanka,Schnabel,M,40000,9999-01-01
294411,Alper,Erni,M,57287,9999-01-01
294282,Hatem,Trelles,M,52966,9999-01-01
294414,Petter,Vakili,F,66713,9999-01-01
294439,Ulises,Serot,M,40000,9999-01-01
294283,Gita,Yurov,M,52781,9999-01-01
294448,Toshimo,Kropatsch,F,40000,9999-01-01
294450,Marko,Murtafg,M,53938,9999-01-01
294288,Adel,Lyonns,F,40000,9999-01-01
294463,Hidekazu,Openshaw,M,40000,9999-01-01
294295,Jolita,Kilgore,F,66811,9999-01-01
294306,Weijing,Sluis,F,47455,9999-01-01
294483,Zhilian,Showalter,F,66491,9999-01-01
294319,Geoffry,Bach,M,74581,9999-01-01
294501,Claude,Roohalamini,M,92628,9999-01-01
294502,Reinhard,Suppi,M,55877,9999-01-01
294509,Emran,Beznosov,F,40000,9999-01-01
294326,Dmitri,Kermarrec,M,71194,9999-01-01
294514,Kwangyoen,Scharstein,M,60296,9999-01-01
294518,Berna,Rathonyi,F,42082,9999-01-01
294332,Adit,Ranft,F,53789,9999-01-01
294334,Kokou,Granlund,F,46383,9999-01-01
294339,Sreekrishna,Krohn,M,41212,9999-01-01
294546,Billur,Magliocco,M,48289,9999-01-01
294548,Rosita,Eiron,F,50601,9999-01-01
294340,Radhika,Veldwijk,F,62631,9999-01-01
294563,Jeane,Fioravanti,F,70761,9999-01-01
294362,Pranjal,Rassart,M,45606,9999-01-01
294583,Tianruo,Strandh,M,40866,9999-01-01
294590,Haldon,Validov,M,54051,9999-01-01
294387,Hatem,Asser,M,44789,9999-01-01
294398,Kazuhiko,Ruemmler,M,66138,9999-01-01
294597,DAIDA,Tomescu,F,59442,9999-01-01
294606,Zhilian,Perko,M,85266,9999-01-01
294611,Sanjai,Milicia,M,40000,9999-01-01
294612,Pintsang,Gruenwald,F,40000,9999-01-01
294613,Palash,Carrere,F,70072,9999-01-01
294618,Kazunori,Emmart,M,85150,9999-01-01
294655,Ravishankar,Kakkar,F,40000,9999-01-01
294681,Maria,Fujisaki,M,40000,9999-01-01
294692,Marie,Lakshmanan,F,68872,9999-01-01
294697,Sarita,Eppinger,M,40000,9999-01-01
294782,Edwin,Reeker,M,46143,9999-01-01
294717,Kwan,Luon,F,65407,9999-01-01
294719,Kwok,Aloisi,M,50308,9999-01-01
294728,Sivanarayana,Erdmenger,F,40000,9999-01-01
294733,Satyanarayana,Fabrizio,M,51363,9999-01-01
294739,Oguz,Lipner,M,41491,9999-01-01
294742,Neelam,Brender,M,74862,9999-01-01
294784,Pranjal,Wegerle,M,53007,9999-01-01
294749,Youpyo,Oehlmann,M,40000,9999-01-01
294789,Subhada,Yoshizawa,M,40000,9999-01-01
294757,Weiru,Millington,F,40000,9999-01-01
294790,Kish,Panangaden,F,47229,9999-01-01
294773,Constantino,Sanella,M,51332,9999-01-01
294805,Vishu,Flexer,M,73544,9999-01-01
294779,Mountaz,Valiente,M,70689,9999-01-01
294808,Luigi,Perelgut,F,54760,9999-01-01
294812,Temple,Legleitner,M,40000,9999-01-01
294966,Mrinalini,Esposito,M,53773,9999-01-01
294970,Peer,Rosay,M,85445,9999-01-01
294813,Giap,Khalid,F,40000,9999-01-01
294974,Gennadi,Pettis,M,52045,9999-01-01
294975,Lucian,Rosis,M,40000,9999-01-01
294978,Adas,Pagter,M,66099,9999-01-01
294824,Pragnesh,Radivojevic,F,40000,9999-01-01
294995,Sumali,Iacovou,M,59554,9999-01-01
294834,Urs,Snedden,F,51144,9999-01-01
295003,Arif,Picci,M,52808,9999-01-01
294837,Jinya,Mayerwieser,M,40000,9999-01-01
294845,Anneli,Gustavson,F,40261,9999-01-01
295027,Zeljko,Karner,F,53970,9999-01-01
294846,Trygve,Fontet,F,53791,9999-01-01
294850,Toshimo,Peot,M,60479,9999-01-01
294865,Adhemar,Dalphin,F,40809,9999-01-01
295052,Florina,Decleir,M,40000,9999-01-01
295059,Josyula,Roisin,F,40000,9999-01-01
295062,Naraig,Asser,M,43552,9999-01-01
295063,Fumino,Dulay,F,40000,9999-01-01
295065,Otilia,Luon,F,40000,9999-01-01
295068,Shem,Olivero,M,64103,9999-01-01
294869,Byong,Schiper,M,67445,9999-01-01
295079,Tamiya,Wroclawski,M,60530,9999-01-01
294870,Domenico,Nergos,F,40000,9999-01-01
295085,Mana,Picht,M,84306,9999-01-01
295089,Gina,Shimshoni,F,67260,9999-01-01
294878,Harjit,Dulin,F,51443,9999-01-01
294881,Richard,Bugrara,M,53119,9999-01-01
294883,Paraskevi,Fabrizio,M,80722,9999-01-01
295118,Navin,Redmiles,M,78022,9999-01-01
294884,Bowen,Baaz,F,48562,9999-01-01
294895,Vasilii,Scallan,M,72329,9999-01-01
295126,Sergi,Lalonde,F,46025,9999-01-01
294921,Conal,Riefers,M,45678,9999-01-01
295149,Badri,Swan,M,43210,9999-01-01
294923,Zhigen,Salvesen,M,60420,9999-01-01
295151,Harngdar,Chelton,M,46051,9999-01-01
294926,Zhiwei,Laventhal,M,48601,9999-01-01
294930,Remmert,Baik,M,63755,9999-01-01
294932,Aram,Perly,M,88041,9999-01-01
295173,Troy,Kavanagh,F,40000,9999-01-01
294937,Gennadi,Raczkowsky,M,73944,9999-01-01
295180,Mahmut,Benveniste,M,52671,9999-01-01
295181,Niclas,Skogmar,F,58746,9999-01-01
294939,Djelloul,Holburn,F,45749,9999-01-01
294940,Adit,Baar,F,40000,9999-01-01
294947,Bernd,Back,F,60530,9999-01-01
295217,Ashish,Bierman,F,40000,9999-01-01
294949,Szabolcs,Danecki,M,40000,9999-01-01
295221,Tomokazu,Hofting,M,60752,9999-01-01
295222,Gian,Szilard,M,40000,9999-01-01
294962,Sushant,Avouris,M,46095,9999-01-01
295232,Ung,Vidal,F,54972,9999-01-01
295235,Ortrun,Tsunoo,M,46418,9999-01-01
295241,Makato,Bellone,F,43461,9999-01-01
295242,Sarita,Swick,M,54217,9999-01-01
295343,Dipayan,Iisaka,M,40000,9999-01-01
295249,Aemilian,Stentiford,M,40000,9999-01-01
295263,Utz,McFarlan,M,47814,9999-01-01
295351,Niranjan,Barinka,F,59051,9999-01-01
295354,Nikolaos,Brodie,M,40000,9999-01-01
295295,Nagui,Litvinov,M,55450,9999-01-01
295364,Shaowei,Parascandalo,M,56416,9999-01-01
295365,Jianhui,Bridgland,F,47401,9999-01-01
295369,Amabile,Giaccio,F,48905,9999-01-01
295376,Minghong,Arlazarov,M,42014,9999-01-01
295377,Thodoros,Reinhart,F,47882,9999-01-01
295397,Toshimitsu,Bernick,F,58456,9999-01-01
295402,Branimir,Engberts,F,42480,9999-01-01
295543,Navin,Nannarelli,M,53821,9999-01-01
295547,Leif,Manders,F,66805,9999-01-01
295419,Nahum,Petersohn,M,54585,9999-01-01
295561,Guiseppe,Wrigley,M,45678,9999-01-01
295562,Shih,Heping,M,60282,9999-01-01
295573,Macha,Ramsay,F,46220,9999-01-01
295426,Kerryn,Imataki,M,57723,9999-01-01
295582,Youngkon,Kusalik,F,72674,9999-01-01
295427,Toshimori,Hainaut,M,64294,9999-01-01
295428,Alselm,Bonifati,M,45516,9999-01-01
295597,Akeel,Matzov,M,56384,9999-01-01
295439,Makato,Fadgyas,M,84737,9999-01-01
295606,Ferdinand,Basawa,M,40000,9999-01-01
295447,Chanjung,Vakili,F,62142,9999-01-01
295615,Mang,Khamsi,F,43140,9999-01-01
295626,Gou,Krohm,F,40000,9999-01-01
295627,Richard,Borovoy,F,88378,9999-01-01
295449,Becky,Pettis,M,54408,9999-01-01
295460,Ebbe,Conia,M,40000,9999-01-01
295647,Gal,Schiettecatte,M,46607,9999-01-01
295651,Adil,Coombs,F,54215,9999-01-01
295653,Fei,Encarnacion,M,42159,9999-01-01
295462,Susanna,Penttonen,F,53712,9999-01-01
295658,Akeno,Decleir,F,40000,9999-01-01
295665,Fabrizio,Socorro,M,51377,9999-01-01
295464,Marc,Falck,M,79575,9999-01-01
295670,Kagan,Heuser,F,46840,9999-01-01
295671,Val,Dalton,M,40163,9999-01-01
295475,Shaunak,Sudkamp,M,65359,9999-01-01
295692,Fumitaka,Birnbaum,M,54924,9999-01-01
295481,Subbu,Tanemo,M,66497,9999-01-01
295698,Soenke,Keustermans,M,43651,9999-01-01
295503,Tayeb,Lund,M,77687,9999-01-01
295703,Jaewoo,Birch,M,50694,9999-01-01
295706,Honesty,Vigier,F,40000,9999-01-01
295506,Aloys,Blokdijk,M,51304,9999-01-01
295515,Geoffrey,Antonakopoulos,M,40000,9999-01-01
295718,Paris,Siprelle,F,40000,9999-01-01
295906,Feiyu,Denny,F,50327,9999-01-01
295735,Xuejun,Simmel,M,48516,9999-01-01
295747,Subhash,Zirintsis,F,60367,9999-01-01
295751,Jacqueline,Pavlopoulou,M,60837,9999-01-01
295774,Kshitij,Apsitis,M,40000,9999-01-01
295787,Leucio,Zaumen,M,40000,9999-01-01
295795,Tomofumi,Budinsky,M,93161,9999-01-01
295796,Ewing,Trachtenberg,F,99574,9999-01-01
295799,Fai,Waeselynck,M,62549,9999-01-01
295800,Jingling,Weisert,F,104253,9999-01-01
295802,Xiahua,Engelmann,M,44662,9999-01-01
295811,Mokhtar,Ghandeharizadeh,M,68309,9999-01-01
295816,Ennio,Michaels,M,40000,9999-01-01
295821,Bernice,Brobst,M,51591,9999-01-01
295836,Haldun,Adachi,F,48646,9999-01-01
295838,Bartek,Ritcey,F,84853,9999-01-01
295842,Billie,Bratsberg,F,47474,9999-01-01
295853,Doohun,Rahimi,F,43219,9999-01-01
295919,Florina,Saoudi,F,63502,9999-01-01
295874,Gina,Pocchiola,F,54755,9999-01-01
295940,Chinhyun,Shackell,M,43180,9999-01-01
295881,Jaihie,Standera,M,57758,9999-01-01
295883,Doohun,Schiper,M,40000,9999-01-01
295943,Jackson,Merkl,M,46327,9999-01-01
295958,Ronghao,Mitsuhashi,F,40000,9999-01-01
296078,DeForest,Birta,M,67051,9999-01-01
296081,Marie,Morrey,M,57769,9999-01-01
296087,Eran,Kemmerer,M,40000,9999-01-01
295976,Miomir,Desikan,M,40000,9999-01-01
296102,Howell,Christ,M,40000,9999-01-01
296116,Gererd,Bernini,M,40411,9999-01-01
296120,Richara,Slaats,M,40000,9999-01-01
295997,Kensei,Msuda,M,53227,9999-01-01
296142,Tokuyasu,Parveen,M,48544,9999-01-01
296003,Gay,Khamsi,M,61915,9999-01-01
296159,Shaunak,Passafiume,F,44614,9999-01-01
296016,Ayakannu,Munoz,F,68897,9999-01-01
296167,Weijing,Denis,M,58961,9999-01-01
296171,Pradeep,Munke,M,58828,9999-01-01
296033,Youngkon,Peak,F,40000,9999-01-01
296182,Snehasis,Anandan,M,54060,9999-01-01
296186,Arunas,Fandrianto,M,55948,9999-01-01
296193,Rildo,DeMori,F,78070,9999-01-01
296195,Sahrah,Luby,F,68581,9999-01-01
296047,Mariusz,Schlenzig,M,40000,9999-01-01
296223,Theirry,Pettis,F,40000,9999-01-01
296048,Ymte,Rodham,F,53526,9999-01-01
296235,Debaprosad,Vidal,F,41338,9999-01-01
296236,Susumu,Veevers,M,50786,9999-01-01
296053,Karoline,Broomell,M,58426,9999-01-01
296061,Berto,Tibblin,F,65679,9999-01-01
296252,Gaurav,Huhdanpaa,M,62649,9999-01-01
296253,Kasturi,Sidje,M,47260,9999-01-01
296063,Mandell,Claffy,M,48208,9999-01-01
296447,Roselyn,Boreale,M,62496,9999-01-01
296267,Shawna,Seghrouchni,F,49316,9999-01-01
296275,Shem,DuCasse,M,40000,9999-01-01
296279,Valeri,Kossowski,M,40000,9999-01-01
296470,Kannan,Nitta,F,67168,9999-01-01
296288,Muzhong,Vecchi,M,63637,9999-01-01
296471,Marlo,Scallan,F,44939,9999-01-01
296475,Terresa,Kleiser,F,48863,9999-01-01
296330,Mari,Giaccio,M,40000,9999-01-01
296480,Duro,Klassen,M,45771,9999-01-01
296336,Moty,Heuser,F,69594,9999-01-01
296481,Conal,Lunt,F,44265,9999-01-01
296514,Zito,Underwood,F,64508,9999-01-01
296354,Lorien,Cappelletti,M,66928,9999-01-01
296361,Yonghoan,Broomell,F,57416,9999-01-01
296371,Randy,Strehl,F,40000,9999-01-01
296373,Jungsoon,Leslie,F,46513,9999-01-01
296375,Maren,Tzvieli,F,63737,9999-01-01
296381,Henk,Matteis,F,64254,9999-01-01
296387,Yuguang,Riexinger,F,68129,9999-01-01
296388,Gregory,Slaats,F,67534,9999-01-01
296389,Deborah,Kornyak,F,78759,9999-01-01
296393,Kyoichi,Remmele,F,40000,9999-01-01
296524,Nimmagadda,Msuda,F,55080,9999-01-01
296401,Sverrir,Hashii,M,57379,9999-01-01
296408,Ottavia,Erni,F,40000,9999-01-01
296410,Sanjeeva,Solares,F,40000,9999-01-01
296539,Oscal,Hettesheimer,F,50078,9999-01-01
296432,Atreyi,Brendel,F,64959,9999-01-01
296436,Shigeo,Butner,F,84999,9999-01-01
296438,Along,Kushnir,F,40000,9999-01-01
296543,Alagu,Peek,M,42448,9999-01-01
296549,Pascal,Caine,F,43766,9999-01-01
296554,Genta,Atrawala,M,45252,9999-01-01
296555,Tuval,Chiodo,M,40000,9999-01-01
296637,Francoise,Daescu,M,43771,9999-01-01
296569,Gila,Lindenbaum,F,73845,9999-01-01
296643,Almudena,Cannard,M,52062,9999-01-01
296648,JiYoung,Papsdorf,M,49674,9999-01-01
296653,Emran,McClure,M,52122,9999-01-01
296571,Shaleah,Ramras,F,57742,9999-01-01
296581,Karoline,Kakkad,M,49703,9999-01-01
296662,Kagan,Kavraki,F,44516,9999-01-01
296671,Piyawadee,Jiafu,M,67399,9999-01-01
296589,Tran,Gammage,F,67712,9999-01-01
296676,Zeydy,Hockney,F,79574,9999-01-01
296599,Lalit,Beilner,M,71139,9999-01-01
296686,Odoardo,Felder,M,40000,9999-01-01
296693,Khedija,Lunn,M,40000,9999-01-01
296605,Karlis,Tischendorf,M,60594,9999-01-01
296701,Hirochika,Osgood,F,54151,9999-01-01
296708,Odinaldo,Siepmann,M,48381,9999-01-01
296619,Frederique,Brickell,F,52470,9999-01-01
296724,Sajjad,Osgood,M,65612,9999-01-01
296625,Goa,Erdi,M,57722,9999-01-01
296733,Kwan,Hofstetter,M,50583,9999-01-01
296735,Satyanarayana,Iacovou,M,65494,9999-01-01
296816,Aris,Macedo,M,40000,9999-01-01
296757,Mandell,Rabehasaina,F,40000,9999-01-01
296761,Toshimi,Chartres,F,60889,9999-01-01
296763,Aran,Brookman,M,46514,9999-01-01
296766,Tristan,Oxman,M,40000,9999-01-01
296819,Arvin,Massonet,M,40000,9999-01-01
296775,Uinam,Itschner,M,40000,9999-01-01
296821,Charlene,Cooman,M,81638,9999-01-01
296786,Kauko,Ranai,M,57268,9999-01-01
296825,Hongzue,Iivonen,F,55898,9999-01-01
296790,Shaleah,Oppitz,M,40000,9999-01-01
296797,Pranav,Heijenga,M,61665,9999-01-01
296829,Jaroslava,Rothenberg,M,40000,9999-01-01
296799,Jianwen,Pollacia,F,59122,9999-01-01
296800,Remmert,Haraldson,M,94110,9999-01-01
296833,Naftaly,Lubachevsky,M,66370,9999-01-01
296836,Xumin,Michaeli,F,40000,9999-01-01
296845,Christfried,Melter,M,60418,9999-01-01
296848,Jianhua,Kermarrec,F,79420,9999-01-01
296857,Toshimo,Reghbati,M,124357,9999-01-01
297006,Weiru,Etalle,M,59076,9999-01-01
296870,Sanjeeva,Bahl,M,40000,9999-01-01
297024,Lakshmi,Pews,F,40000,9999-01-01
297026,Niranjan,Schaar,M,63468,9999-01-01
297032,Satyanarayana,Panwar,M,45933,9999-01-01
296877,Sangeeta,Ventosa,F,62909,9999-01-01
297061,Gita,Kumaresan,F,76331,9999-01-01
297072,Mariangiola,Staudhammer,M,41313,9999-01-01
297081,Heeju,Glowinski,F,40981,9999-01-01
297100,Bangqing,Schaap,M,65856,9999-01-01
297117,Horward,Gist,F,81135,9999-01-01
297118,Candida,Collette,M,40000,9999-01-01
297120,Oscal,Usdin,F,40667,9999-01-01
297122,Jiann,Murthy,M,68779,9999-01-01
297125,Morrie,Rullman,F,42144,9999-01-01
297131,Kokou,Bade,M,53901,9999-01-01
297135,Bezalel,Acton,F,44022,9999-01-01
297138,Wanqing,Morrin,F,40000,9999-01-01
297140,Akeel,Zizka,F,50867,9999-01-01
296882,Vugranam,Armand,M,47675,9999-01-01
297150,Sreenivas,Puppe,M,48625,9999-01-01
296884,Nevin,Krichel,M,40000,9999-01-01
296904,Martijn,Stenning,M,40000,9999-01-01
297166,Mayumi,Doering,F,48282,9999-01-01
297167,Dipayan,Ligten,M,44596,9999-01-01
297169,Vincent,Rousseau,M,102822,9999-01-01
297178,Chenyi,Vural,F,40000,9999-01-01
297181,Claude,Zhiwei,M,40012,9999-01-01
297182,Zdislav,Lodder,F,43428,9999-01-01
296906,Fumiyo,Gips,F,62370,9999-01-01
296907,Valery,Wolniewicz,F,40000,9999-01-01
296910,Sampalli,Conia,F,65559,9999-01-01
297188,Chaoyi,Impagliazzo,M,51338,9999-01-01
296911,Yefim,Heinisuo,F,40000,9999-01-01
296924,Masanao,Ciolek,M,40000,9999-01-01
297201,Adamantios,Rahier,M,44879,9999-01-01
297207,Yunming,Prochazka,M,58832,9999-01-01
296931,Baruch,Angelopoulos,M,40000,9999-01-01
297218,Teruyuki,Alameldin,M,46998,9999-01-01
297219,Rajmohan,Itzfeldt,F,70931,9999-01-01
297229,Yahiko,Emmart,M,57121,9999-01-01
296939,Hugo,Chimia,F,40000,9999-01-01
296953,Sibyl,Dahlbom,F,44304,9999-01-01
297254,Kazuhito,Ressouche,M,40000,9999-01-01
297265,Chenxi,Leijenhorst,F,40000,9999-01-01
296963,Kellie,Gopalakrishnan,M,47595,9999-01-01
297270,Masoud,Zucker,M,56697,9999-01-01
297273,Tokuyasu,Frolund,F,72297,9999-01-01
297281,Hidekazu,Terekhov,F,63340,9999-01-01
296965,Munenori,Krohm,M,65555,9999-01-01
296967,Amabile,Gronowski,F,40847,9999-01-01
296980,Marlo,Kulisch,M,40000,9999-01-01
297300,Gill,Lubachevsky,M,40000,9999-01-01
297304,Sukumar,Foote,M,43697,9999-01-01
297307,Michaela,Trelles,F,43547,9999-01-01
297314,Tetsushi,Junet,M,60441,9999-01-01
296984,Billie,Harbusch,M,49557,9999-01-01
297326,Anestis,Fasbender,M,53507,9999-01-01
297328,Irene,Serov,M,55919,9999-01-01
297381,Gio,Muhling,M,102742,9999-01-01
297332,Gita,Lorie,F,40000,9999-01-01
297343,Xianlong,Kinley,F,61688,9999-01-01
297351,Magy,Barreiro,F,65998,9999-01-01
297353,Vesna,Ramalingam,M,40000,9999-01-01
297390,Eishiro,Takanami,F,41675,9999-01-01
297402,Hailing,Ghemri,M,40000,9999-01-01
297558,Sushant,Candan,M,46375,9999-01-01
297563,Mechthild,Hedayat,F,40000,9999-01-01
297566,Demin,Marquardt,F,50579,9999-01-01
297405,Susanna,Eterovic,M,40000,9999-01-01
297406,Shaowei,Pleszkun,F,40000,9999-01-01
297580,Zhonghui,Seiwald,M,67887,9999-01-01
297410,Danel,Setlzner,F,45939,9999-01-01
297592,Goncalo,Baezner,M,76910,9999-01-01
297423,Nirmal,Luca,M,40000,9999-01-01
297594,Atreye,Picht,F,58729,9999-01-01
297435,Anyuan,Rouquie,M,53991,9999-01-01
297616,Eldridge,Stafford,M,61993,9999-01-01
297621,Mohammed,Bugaenko,M,49827,9999-01-01
297438,Kiyotoshi,Besselaar,M,40861,9999-01-01
297639,Serenella,Auyong,F,48298,9999-01-01
297444,Alain,Kading,F,41401,9999-01-01
297649,Rance,Egerstedt,M,57259,9999-01-01
297451,Randy,Hofmeyr,F,40000,9999-01-01
297653,Basem,Thombley,M,40000,9999-01-01
297656,Boaz,Tchuente,M,61464,9999-01-01
297455,Candido,Boudaillier,M,40000,9999-01-01
297667,Shirish,Mondadori,M,79583,9999-01-01
297671,Yoshimitsu,Highland,M,63984,9999-01-01
297469,Zito,Weedon,M,51447,9999-01-01
297693,Collette,Fujisaki,M,45671,9999-01-01
297694,Armond,Simmel,F,40000,9999-01-01
297486,Qingxiang,Ducloy,M,40000,9999-01-01
297706,Hatsukazu,Parfitt,F,76269,9999-01-01
297717,Nahid,Karnin,F,64816,9999-01-01
297497,Dulce,Frijda,M,53595,9999-01-01
297728,Toshimitsu,Woycyznski,M,49056,9999-01-01
297729,Shawna,Luce,M,49501,9999-01-01
297730,Alassane,Zallocco,F,40000,9999-01-01
297740,Dhritiman,Masamoto,M,58826,9999-01-01
297510,Gift,Restivo,F,43958,9999-01-01
297741,Claudi,Tetzlaff,F,40000,9999-01-01
297515,Florina,Erni,F,65817,9999-01-01
297746,Moon,Ghalwash,M,40000,9999-01-01
297755,Kazuhide,Barvinok,M,40000,9999-01-01
297536,Gao,Debuse,F,40000,9999-01-01
297776,Utpal,Ananiadou,F,60011,9999-01-01
297778,Gaurav,Riefers,M,72031,9999-01-01
297542,Vatsa,Rodite,M,42231,9999-01-01
297795,Aksel,Baez,F,57330,9999-01-01
297798,Hideo,Collavizza,M,40000,9999-01-01
297548,Owen,Chiodo,F,40000,9999-01-01
297809,Theirry,Hatcliff,F,72269,9999-01-01
297552,Claudi,Buchter,F,88722,9999-01-01
297948,Kristinn,Adachi,F,40000,9999-01-01
297838,Babette,Axelband,M,40000,9999-01-01
297860,Herb,Kakkad,M,41035,9999-01-01
297956,Ewing,Sichman,M,40000,9999-01-01
297872,Subhada,Murtha,F,40000,9999-01-01
297879,Percy,Claffy,M,59410,9999-01-01
297882,Candida,Straney,M,49894,9999-01-01
297966,Matt,Stranks,F,64528,9999-01-01
297887,Taegyun,Itzigehl,M,53773,9999-01-01
297888,Chaosheng,Bennis,M,60896,9999-01-01
297895,Fen,Hebden,M,54159,9999-01-01
297900,Fuqing,Bala,M,43928,9999-01-01
297968,Bedrich,Schauser,F,40000,9999-01-01
297907,Weiyi,Srimani,M,40000,9999-01-01
297908,Hinrich,Peha,M,84722,9999-01-01
297971,Tran,Peac,F,50756,9999-01-01
297914,Mark,Brandsma,M,40000,9999-01-01
297916,Jacopo,Atchley,F,58022,9999-01-01
297980,Danai,Angiulli,M,40000,9999-01-01
297987,Abdulla,Taubenfeld,M,40000,9999-01-01
298009,Niranjan,Schauser,F,78781,9999-01-01
298116,Gaetan,Zhang,M,40854,9999-01-01
298020,Yuguang,Oxman,M,52443,9999-01-01
298137,Cathie,Bashian,M,59682,9999-01-01
298145,Lubomir,Fadgyas,M,77150,9999-01-01
298147,Kerryn,Constantine,F,60207,9999-01-01
298150,Sachio,Alblas,M,64394,9999-01-01
298164,Satyanarayana,Iivonen,F,40000,9999-01-01
298176,Yongmin,Siepmann,M,58172,9999-01-01
298177,Quingbo,Akaboshi,F,75057,9999-01-01
298205,Chrisa,Shackell,M,40000,9999-01-01
298208,Roddy,Lipner,M,74223,9999-01-01
298214,Qiwen,Munch,F,52894,9999-01-01
298222,Lijia,Cunliffe,M,51734,9999-01-01
298232,Huai,Keohane,M,66768,9999-01-01
298021,Rosella,Raoux,F,40000,9999-01-01
298247,Shan,Comyn,F,84006,9999-01-01
298032,Kankanahalli,Dayana,M,40000,9999-01-01
298253,Sven,Shinomoto,M,53244,9999-01-01
298254,Sajjad,Paludetto,F,46017,9999-01-01
298261,Tommaso,Mateescu,F,47420,9999-01-01
298265,Gad,Yetto,F,40000,9999-01-01
298269,Junsik,Slobodova,M,40000,9999-01-01
298034,Lobel,Heusch,F,51103,9999-01-01
298276,Zito,Sgarro,F,40000,9999-01-01
298277,Mary,Uludag,M,54340,9999-01-01
298036,Ung,Trachtenberg,F,40000,9999-01-01
298077,Marek,Berztiss,F,70912,9999-01-01
298293,Weijing,Avouris,M,40000,9999-01-01
298304,Khalid,Bahk,F,79588,9999-01-01
298308,Martijn,Lamparter,M,51090,9999-01-01
298087,Huican,Pluym,F,47091,9999-01-01
298311,Aleksander,Baar,F,62448,9999-01-01
298313,Hitofumi,Peris,F,46958,9999-01-01
298325,Felicidad,Iisaku,M,52000,9999-01-01
298090,Otilia,Pelc,M,75408,9999-01-01
298333,Huican,Basart,M,69395,9999-01-01
298335,Guozhong,Ramsay,M,49582,9999-01-01
298093,Masanao,Birke,M,75877,9999-01-01
298094,Shawna,Bahr,M,40000,9999-01-01
298109,Yahiko,Halloran,M,49040,9999-01-01
298358,Mingzeng,Chartres,M,40000,9999-01-01
298365,Mabhin,Ananiadou,F,47890,9999-01-01
298372,Gad,Laurillard,M,44607,9999-01-01
298482,Claude,Radivojevic,M,40000,9999-01-01
298373,Tomokazu,Matzov,F,50040,9999-01-01
298384,Fatemeh,Jiang,F,40000,9999-01-01
298486,Volkmar,Katalagarianos,M,40000,9999-01-01
298394,Maya,Hofstetter,M,57112,9999-01-01
298491,Huiqun,Giaccio,F,57198,9999-01-01
298402,Herb,Ghemri,M,40000,9999-01-01
298494,Kristen,Gist,F,40000,9999-01-01
298408,Fusako,Pardalos,M,40000,9999-01-01
298500,Tremaine,Hennebert,M,54680,9999-01-01
298426,Shirish,Dahlbom,F,40261,9999-01-01
298547,Toshimitsu,Underwood,F,40000,9999-01-01
298453,Takahiro,Encarnacion,M,41822,9999-01-01
298464,Leon,Oskamp,M,40000,9999-01-01
298468,Tsutomu,Jonsson,M,57663,9999-01-01
298480,Kristinn,Perez,F,70261,9999-01-01
298556,Zhenbing,Marletta,F,59231,9999-01-01
298575,Douadi,Driscoll,F,47388,9999-01-01
298666,Dinah,Gargeya,M,65738,9999-01-01
298668,Lorien,Bahr,M,40000,9999-01-01
298669,Shigenori,Chappelet,F,40000,9999-01-01
298671,Sukumar,Codenie,F,50847,9999-01-01
298674,Tesuro,Heiserman,F,42894,9999-01-01
298678,Shai,Steinauer,M,40000,9999-01-01
298588,Conal,Nicolson,M,40963,9999-01-01
298683,Divine,Skrikant,F,40000,9999-01-01
298693,Taiji,Basawa,M,40000,9999-01-01
298700,Teunis,Monkewich,M,52596,9999-01-01
298701,Jayson,Quittner,F,74565,9999-01-01
298592,Jiann,Bakhtari,M,40000,9999-01-01
298704,Cedric,Bach,F,83923,9999-01-01
298601,Gro,Demir,M,47612,9999-01-01
298714,Fatemeh,Potthoff,M,40000,9999-01-01
298609,Shirish,Garrabrants,M,40000,9999-01-01
298616,Kenton,Pettit,M,65891,9999-01-01
298617,Ziyad,Prochazka,M,44562,9999-01-01
298628,Manu,Ariola,F,41975,9999-01-01
298770,Panayotis,Heping,M,41957,9999-01-01
298642,Conor,Jording,M,54638,9999-01-01
298792,Toney,Szilard,M,52749,9999-01-01
298794,Mohit,Rothe,M,58375,9999-01-01
298796,Rimli,Perri,M,40000,9999-01-01
298653,Tru,Dulay,M,49646,9999-01-01
298802,Shan,Muchinsky,M,96892,9999-01-01
298819,Kinh,Showalter,M,40000,9999-01-01
298660,Idoia,Capobianchi,F,44317,9999-01-01
298665,Hongzhu,Vickson,M,40000,9999-01-01
298835,True,Scallan,M,49675,9999-01-01
298844,Vojin,Morrin,F,40000,9999-01-01
298859,Shuji,Dehkordi,M,63111,9999-01-01
298850,Yuqun,Sudkamp,M,40000,9999-01-01
298872,Weijing,Narwekar,M,44454,9999-01-01
298891,Greger,Binkley,F,40000,9999-01-01
299053,Martine,Willoner,M,40000,9999-01-01
299059,Kauko,Auyong,M,68655,9999-01-01
299061,Margareta,Krogh,F,40000,9999-01-01
299069,Lijia,Jahnichen,F,40000,9999-01-01
298910,Toshimo,Schneeberger,M,40351,9999-01-01
299091,Kinh,Angel,M,40000,9999-01-01
299095,Zhenbing,Merlo,M,61447,9999-01-01
298916,Dante,Waschkowski,M,41933,9999-01-01
299111,Anoosh,Highland,F,40000,9999-01-01
298923,Shigehiro,Randt,F,49728,9999-01-01
299130,Vitaly,Chenney,F,40000,9999-01-01
298924,Noritoshi,Thombley,M,55909,9999-01-01
299136,Weijing,Papsdorf,M,58047,9999-01-01
298927,Maha,Gomatam,M,40000,9999-01-01
298930,Dinah,Mellouli,F,45384,9999-01-01
299151,Utz,Stafford,F,40000,9999-01-01
299155,Yonghoan,Zaumen,M,40000,9999-01-01
298939,Alenka,Thorensen,F,53756,9999-01-01
299162,Rutger,Georgakopoulos,M,90772,9999-01-01
299168,Frederique,Osgood,F,77402,9999-01-01
298950,Mabry,Armand,F,48080,9999-01-01
298964,Selwyn,Gronowski,F,40000,9999-01-01
299217,Zhonghui,Sinicrope,M,70353,9999-01-01
299219,Fan,Gunderson,F,47593,9999-01-01
298966,Renee,Honiden,F,57866,9999-01-01
298968,Muneo,Farris,F,68856,9999-01-01
298975,Saddek,Covnot,F,74000,9999-01-01
299225,Hilari,Lorho,M,89587,9999-01-01
298980,Patricio,Lundstrom,M,40000,9999-01-01
299228,Filipp,Thisen,F,40000,9999-01-01
299230,Mohamadou,Rothenberg,F,60133,9999-01-01
298992,Kauko,Guenter,F,55568,9999-01-01
299255,Lokesh,Mungall,M,40000,9999-01-01
299256,Lucien,Maraist,M,40000,9999-01-01
299258,Seongbae,Mitina,F,47026,9999-01-01
299004,Kokou,Monkewich,F,51449,9999-01-01
299264,Luisa,Schusler,F,86343,9999-01-01
299012,Fun,Hofstetter,M,40000,9999-01-01
299285,Conal,Baby,F,83789,9999-01-01
299290,Rosalyn,Ligten,F,45490,9999-01-01
299292,Tze,Beausoleil,M,53116,9999-01-01
299033,Fei,Gente,M,56718,9999-01-01
299297,Sibyl,Beerel,F,47353,9999-01-01
299304,Geoffry,Khalid,M,107318,9999-01-01
299307,Mara,Stavenow,M,72338,9999-01-01
299313,Shuzo,Sadowski,M,102870,9999-01-01
299317,Barun,Fasbender,F,40000,9999-01-01
299327,Alain,Griswold,F,51413,9999-01-01
299329,Maja,Brattka,M,76026,9999-01-01
299347,Chikako,Zhang,F,70168,9999-01-01
299358,Karlis,Ertl,F,44542,9999-01-01
299367,Halsur,Kinley,M,45862,9999-01-01
299378,Lakshmi,Gerlach,M,51616,9999-01-01
299384,Dipankar,Schiettecatte,F,49993,9999-01-01
299397,Maris,Brickell,F,59317,9999-01-01
299401,Gian,Bolsens,F,74848,9999-01-01
299405,Werner,Acton,M,64219,9999-01-01
299034,Chenxi,Aingworth,M,61699,9999-01-01
299593,Aron,Panwar,F,48484,9999-01-01
299406,Margareta,Llado,F,42029,9999-01-01
299416,Sadegh,Luit,M,40000,9999-01-01
299417,Jaideep,Reghbati,M,40000,9999-01-01
299421,Heeju,Naudin,F,40000,9999-01-01
299601,Keung,Hanabata,M,52868,9999-01-01
299435,Shao,Shinomoto,M,40000,9999-01-01
299438,Bedrich,Vanwelkenhuysen,M,50454,9999-01-01
299608,Sudharsan,Schapiro,F,49599,9999-01-01
299448,Toshiki,DasSarma,M,40000,9999-01-01
299616,Emdad,Perri,M,53176,9999-01-01
299462,Chenye,Barinka,M,41849,9999-01-01
299463,Taizo,Argence,M,70873,9999-01-01
299470,Giap,Rousseau,M,40000,9999-01-01
299620,Herb,Vesna,M,45837,9999-01-01
299477,Hidde,Dengi,M,40000,9999-01-01
299634,Freyja,Frezza,F,82909,9999-01-01
299489,Izaskun,Bottner,F,40000,9999-01-01
299490,Rosita,Conry,F,48240,9999-01-01
299493,King,Gurbaxani,M,51378,9999-01-01
299498,Leszek,Puppo,M,40000,9999-01-01
299642,Chaosheng,Bratsberg,M,96654,9999-01-01
299512,Xudong,Rusmann,M,92013,9999-01-01
299515,Reinhold,Hutter,F,58078,9999-01-01
299521,Yuqun,Khalid,F,61210,9999-01-01
299525,Yagil,Gornas,F,40000,9999-01-01
299658,Jaber,Schiper,M,66668,9999-01-01
299540,Shigehito,Holburn,M,77586,9999-01-01
299541,Subbu,Compeau,M,40000,9999-01-01
299688,Herbert,Plumb,M,40000,9999-01-01
299553,Eben,Denti,F,40000,9999-01-01
299555,Mahendra,Lanzelotte,M,59261,9999-01-01
299565,Shunichi,Hinsberger,F,40000,9999-01-01
299569,Siamak,Casperson,F,53380,9999-01-01
299572,Amstein,Sidou,F,45701,9999-01-01
299575,Aimee,Spinelli,M,49054,9999-01-01
299587,Visit,Schaad,M,63186,9999-01-01
299588,Kwun,Bazzichi,M,58572,9999-01-01
299704,Zhilian,Schmittgen,M,40000,9999-01-01
299709,Jinxi,Marrevee,M,78346,9999-01-01
299725,Aamer,Holburn,M,40231,9999-01-01
299785,Inderjeet,Conte,M,45109,9999-01-01
299786,Dietrich,Vanwelkenhuysen,F,85851,9999-01-01
299794,Feipei,Birta,M,51165,9999-01-01
299796,Duro,Reinhart,F,56562,9999-01-01
299732,Mang,Sidhu,F,40000,9999-01-01
299753,Nikolaus,Chenoweth,F,42501,9999-01-01
299813,Sachio,Kadhim,F,40000,9999-01-01
299814,Kiam,Ritzmann,M,61922,9999-01-01
299827,Shalesh,Perelgut,F,87972,9999-01-01
299831,Greger,Swiss,M,60332,9999-01-01
299833,Ingemar,Slobodova,F,40000,9999-01-01
299755,Bernd,Stemann,F,40000,9999-01-01
299844,Nalini,Scallan,M,40000,9999-01-01
299756,Isaac,Heuser,F,67792,9999-01-01
299849,Mats,Kropf,M,51739,9999-01-01
299850,Ranan,Spieker,M,48804,9999-01-01
299775,Khaled,Journel,M,40000,9999-01-01
299854,IEEE,Lanteri,F,40000,9999-01-01
299864,Nobuyoshi,Rassart,M,61774,9999-01-01
299866,Maris,Mikschl,M,40000,9999-01-01
299874,Wilmer,Miyakawa,M,40000,9999-01-01
299970,Yuping,Pargaonkar,F,86474,9999-01-01
299882,Macha,Cangellaris,M,48966,9999-01-01
299895,Perla,Cherinka,F,43241,9999-01-01
299901,Gianluca,Decaestecker,F,40000,9999-01-01
299909,Narain,Gunderson,M,40000,9999-01-01
299973,Utpal,Alpin,F,63007,9999-01-01
299913,Taegyun,Schade,M,53545,9999-01-01
299974,Garnet,Ranum,M,40000,9999-01-01
299921,Hatem,Bondorf,M,40000,9999-01-01
299924,Xiaoshan,Stemann,M,40000,9999-01-01
299980,Marsal,Lovengreen,M,44855,9999-01-01
299937,Guther,Jansch,M,40000,9999-01-01
400006,Munenori,Nivat,F,40000,9999-01-01
299950,Tran,Frolund,M,40000,9999-01-01
299959,Shichao,Trystram,M,41232,9999-01-01
299960,Maja,Gecsel,M,77219,9999-01-01
400033,Munir,Chenney,F,40000,9999-01-01
400157,Lenore,Cochrane,M,58286,9999-01-01
400162,Arvind,Berendt,M,40000,9999-01-01
400042,Leah,Lueh,M,40000,9999-01-01
400172,Xiahua,Bridgland,F,52467,9999-01-01
400173,Udi,Mandell,F,47998,9999-01-01
400059,Theirry,Chleq,M,62652,9999-01-01
400187,Nigel,Pews,F,40000,9999-01-01
400196,Susanta,Schoegge,M,40390,9999-01-01
400202,Gao,Peot,M,50197,9999-01-01
400203,Marl,Neimat,M,56514,9999-01-01
400208,Mrinalini,Schwartzburd,M,44750,9999-01-01
400079,Fusako,Ferriere,M,40000,9999-01-01
400223,Angel,Mukaidono,M,50394,9999-01-01
400224,Bartek,Ramsay,M,53545,9999-01-01
400228,Hilari,Seiwald,M,44885,9999-01-01
400232,Mori,Merle,F,40123,9999-01-01
400084,Zorica,Schmittgen,F,52143,9999-01-01
400241,Ortrud,Garrabrants,M,40000,9999-01-01
400242,Hairong,Prochazka,M,67105,9999-01-01
400104,Nigel,Gewali,M,79552,9999-01-01
400267,Shaleah,Sadowski,F,40000,9999-01-01
400115,Tesuro,Stentiford,M,51501,9999-01-01
400121,Alassane,Lichtner,M,40000,9999-01-01
400288,Paddy,Macedo,M,48182,9999-01-01
400141,Suebskul,Rassart,F,46768,9999-01-01
400299,Anneke,Haraldson,F,61172,9999-01-01
400302,Bezalel,Redmiles,F,75341,9999-01-01
400339,Shaibal,Varley,M,45340,9999-01-01
400325,Zhenbing,Bain,M,40000,9999-01-01
400340,Gio,Famili,F,55540,9999-01-01
400341,Shen,Unni,M,40000,9999-01-01
400355,Nathalie,Peek,F,83701,9999-01-01
400522,Tsutomu,Lenart,F,69495,9999-01-01
400549,Prasadram,Cincotta,F,40000,9999-01-01
400372,Henk,Albarhamtoshy,F,40762,9999-01-01
400555,Percy,Baer,M,40000,9999-01-01
400559,Poornachandra,Schnelling,F,66470,9999-01-01
400561,Doowon,Thambidurai,F,50383,9999-01-01
400565,Mark,Rusterholz,M,61745,9999-01-01
400569,Temple,Lores,F,51579,9999-01-01
400570,Neelam,Ghandeharizadeh,M,46486,9999-01-01
400571,Stafford,Iacovou,F,40000,9999-01-01
400576,Hein,Kalorkoti,M,40000,9999-01-01
400577,Yinghua,Maraist,F,88945,9999-01-01
400592,Monique,Swist,M,81202,9999-01-01
400608,Tsz,Butner,M,40000,9999-01-01
400614,Shietung,Potthoff,M,40000,9999-01-01
400619,Sverrir,Reutenauer,M,57275,9999-01-01
400639,Gilbert,Birge,M,40000,9999-01-01
400646,Youssef,Cooke,M,63230,9999-01-01
400649,Shakhar,Luff,M,40000,9999-01-01
400650,Alselm,Attimonelli,F,40000,9999-01-01
400387,Boaz,Spinelli,M,75332,9999-01-01
400667,Remmert,Uludag,M,67004,9999-01-01
400680,Ewing,Gerteisen,F,60308,9999-01-01
400696,Lillian,Orlowska,M,48713,9999-01-01
400394,Khalid,Hardjono,M,75571,9999-01-01
400395,Kamran,Schoegge,F,40000,9999-01-01
400396,Garnet,Servieres,M,52772,9999-01-01
400400,Weiru,Stassinopoulos,M,59843,9999-01-01
400702,Edwin,Yamaashi,M,54426,9999-01-01
400408,Marla,Kamble,M,40084,9999-01-01
400715,Shaw,Mellouli,M,65777,9999-01-01
400725,Conor,Wegerle,M,44820,9999-01-01
400416,Mototsugu,Mondadori,F,76970,9999-01-01
400425,Stamatina,Pileggi,M,40000,9999-01-01
400431,Aria,Perez,M,40000,9999-01-01
400759,Navid,Merel,F,53628,9999-01-01
400764,Shay,Melton,F,80737,9999-01-01
400439,Kazuhito,Undy,M,40000,9999-01-01
400776,Hauke,Sullins,F,46815,9999-01-01
400779,Danae,Biran,M,51621,9999-01-01
400460,Mircea,Wiegley,M,66841,9999-01-01
400789,Henk,Griswold,F,40000,9999-01-01
400809,Hisao,Fujisawa,M,80990,9999-01-01
400466,Aran,Syrotiuk,M,49940,9999-01-01
400824,Zsolt,Koshiba,F,40000,9999-01-01
400472,Leen,Sinitsyn,M,56601,9999-01-01
400474,Siddarth,Asser,F,40000,9999-01-01
400478,Rafols,Lund,M,84561,9999-01-01
400848,Dung,Flowers,F,40000,9999-01-01
400855,Szabolcs,Wilharm,M,59554,9999-01-01
400484,JoAnne,Beausoleil,M,75733,9999-01-01
400864,Kiyotoshi,Olano,M,45802,9999-01-01
400487,Takahito,Shobatake,M,40000,9999-01-01
400872,Oguz,Lueh,M,79091,9999-01-01
400495,Jixiang,Pero,F,40343,9999-01-01
400877,Dmitry,Azuma,M,52662,9999-01-01
400878,Tru,Demir,M,40000,9999-01-01
400885,Gaurav,Peck,M,53330,9999-01-01
400497,Shigeaki,Schaar,M,49100,9999-01-01
400500,Mara,Mondadori,M,69303,9999-01-01
400514,Baruch,Curless,M,40000,9999-01-01
401085,Weiye,Brobst,M,67158,9999-01-01
400908,Eckart,Koprowski,M,40000,9999-01-01
400933,Nikolaos,Vesna,F,46111,9999-01-01
401086,Lorien,Linares,M,72085,9999-01-01
401091,Kwangho,Gecsei,F,40000,9999-01-01
400950,Otmar,Erie,F,73907,9999-01-01
400953,Sham,Maksimenko,F,40000,9999-01-01
400957,Yakkov,Worfolk,M,70559,9999-01-01
401108,Takahito,Kropp,F,62914,9999-01-01
400962,Menkae,Schlenzig,M,45494,9999-01-01
400966,Izaskun,Percebois,M,54125,9999-01-01
400975,Toshiko,Gniady,M,64508,9999-01-01
401124,Ravishankar,Norsworthy,F,40000,9999-01-01
400982,Jessie,Rindone,M,52245,9999-01-01
400983,Itzchak,Rabehasaina,M,40000,9999-01-01
400984,Valdiodio,Swift,M,75330,9999-01-01
401000,Barry,Reeker,M,70084,9999-01-01
401125,Josyula,Rothe,M,54184,9999-01-01
401002,Rosella,Munch,M,74597,9999-01-01
401006,Naftali,Conde,F,40000,9999-01-01
401008,Adit,Penz,M,64861,9999-01-01
401129,Poorav,Speckmann,F,57168,9999-01-01
401010,Richara,Terkki,M,67850,9999-01-01
401017,Shigeu,Provine,F,76730,9999-01-01
401019,Rosalyn,Codenie,F,42611,9999-01-01
401133,Cedric,Qiwen,F,40341,9999-01-01
401031,Xumin,Butner,F,40000,9999-01-01
401139,Udo,Masada,M,77981,9999-01-01
401157,Zhanqiu,Sewelson,M,59248,9999-01-01
401057,Mohammad,Takkinen,F,40000,9999-01-01
401160,Yinghua,Halevi,M,60847,9999-01-01
401162,Pohua,Falster,F,40000,9999-01-01
401173,Shai,Nittel,M,52860,9999-01-01
401179,Conrado,Kalloufi,F,55543,9999-01-01
401261,Phule,Szilard,F,47970,9999-01-01
401201,Felicidad,Narahari,F,55378,9999-01-01
401264,Jahangir,Ballarin,M,40000,9999-01-01
401279,Badri,Farris,F,53262,9999-01-01
401281,Guozhong,Journel,M,45878,9999-01-01
401206,Tua,Undy,F,47951,9999-01-01
401298,Narain,Plotkin,F,40000,9999-01-01
401214,Xinyu,Stenning,F,40000,9999-01-01
401227,Basant,Irland,M,40000,9999-01-01
401326,Zorica,Cullers,M,87965,9999-01-01
401337,Cathie,Guerreiro,F,40000,9999-01-01
401236,Thodoros,Reeken,M,66207,9999-01-01
401339,Xuejun,Demeyer,M,66052,9999-01-01
401340,Tomofumi,Thisen,F,40000,9999-01-01
401245,Christoper,Burnard,M,57738,9999-01-01
401255,Boaz,Docker,F,40000,9999-01-01
401370,Byong,Socorro,F,40000,9999-01-01
401448,Shunichi,Ranta,F,49600,9999-01-01
401391,Moriyoshi,Versino,M,51128,9999-01-01
401405,Shaowen,Demian,F,40471,9999-01-01
401410,Hitomi,Domenig,M,40000,9999-01-01
401411,Werner,Boreale,M,40000,9999-01-01
401472,LiMin,Rijckaert,F,55463,9999-01-01
401425,Leah,Narahara,M,40194,9999-01-01
401474,Keung,Monkewich,M,60604,9999-01-01
401517,Perla,Schahn,M,40000,9999-01-01
401634,Basant,Jeansoulin,M,40000,9999-01-01
401646,Sergi,Schauser,M,40000,9999-01-01
401522,Richard,Stifter,M,94902,9999-01-01
401655,Honglan,Deyuan,F,41940,9999-01-01
401657,Huican,Cooley,M,49223,9999-01-01
401661,Sanjit,Stafford,M,47232,9999-01-01
401527,Phuoc,Conti,M,51485,9999-01-01
401670,Pohua,Badr,F,42727,9999-01-01
401528,Djenana,Piazza,F,46674,9999-01-01
401678,Tomofumi,Frijda,M,62161,9999-01-01
401529,Edwin,Sambasivam,M,58573,9999-01-01
401540,Jaewoo,Mandelberg,F,56064,9999-01-01
401694,Tze,Veccia,F,40000,9999-01-01
401701,Lucien,Baba,M,40000,9999-01-01
401564,Frederique,Peha,M,64703,9999-01-01
401705,Nechama,Furudate,F,48631,9999-01-01
401718,Qunsheng,Shanbhogue,M,61035,9999-01-01
401583,Lucian,Gips,M,69893,9999-01-01
401749,Kiyotoshi,Biron,F,92757,9999-01-01
401759,Kinh,Ramsay,F,79341,9999-01-01
401588,Pranav,Itschner,M,51074,9999-01-01
401768,Zhanqiu,Asmuth,M,51639,9999-01-01
401775,Mong,Parfitt,M,57501,9999-01-01
401785,Takanari,Genin,M,48283,9999-01-01
401787,Kish,Tramer,M,56923,9999-01-01
401797,Yoshinari,Hasenauer,M,56246,9999-01-01
401799,Neven,Redmiles,M,40000,9999-01-01
401815,Barry,Stanger,M,68539,9999-01-01
401817,Ayakannu,Samarati,M,60060,9999-01-01
401820,Bedrich,DeMori,F,40000,9999-01-01
401828,Anoosh,Quittner,M,56864,9999-01-01
401593,Susanna,Seiwald,M,65315,9999-01-01
401839,JoAnne,Makrucki,M,54653,9999-01-01
401843,Masami,Miyakawa,F,40000,9999-01-01
401599,Erzsebet,Varker,F,47502,9999-01-01
401846,Lunjin,Jakobus,M,40000,9999-01-01
401849,Susanna,Choobineh,M,40000,9999-01-01
401621,Karsten,Litzkow,M,60557,9999-01-01
401863,Ghassan,Wolniewicz,F,40000,9999-01-01
401865,Eberhardt,Emmart,F,71011,9999-01-01
402010,Huican,Conta,M,40000,9999-01-01
401891,Utpal,Garnier,F,53070,9999-01-01
401897,Hauke,Collette,M,52828,9999-01-01
401900,Moon,Waymire,M,76555,9999-01-01
401903,Jingling,Kisuki,M,40000,9999-01-01
401908,Mohua,Bolotov,M,40000,9999-01-01
401916,Chinhyun,Itzigehl,M,49261,9999-01-01
402011,Bodo,Hatcliff,M,64305,9999-01-01
402017,Phuoc,Saoudi,F,45055,9999-01-01
401929,Yolla,Ramras,F,86230,9999-01-01
401933,Vivian,Kropf,M,51482,9999-01-01
401935,Vincent,Dahlbom,F,56408,9999-01-01
402019,Gian,Ibel,F,40000,9999-01-01
402032,Radhia,Casley,F,58665,9999-01-01
401955,Marie,Peak,M,71620,9999-01-01
402035,Shalesh,Back,F,55104,9999-01-01
401961,Pradeep,Jumpertz,M,73247,9999-01-01
401964,Djelloul,Lorys,F,40095,9999-01-01
402036,Piyawadee,Heyers,F,57014,9999-01-01
402040,Morrie,Azadmanesh,M,40000,9999-01-01
401983,Pranay,Mamelak,F,54914,9999-01-01
402051,Teruyuki,Comyn,M,47474,9999-01-01
402056,Bezalel,Larfeldt,M,55983,9999-01-01
402057,Perry,Strooper,F,47525,9999-01-01
402064,Remmert,Erie,F,47284,9999-01-01
402067,Franziska,Serna,F,40000,9999-01-01
402073,Moss,Camurati,M,94998,9999-01-01
402197,Tommaso,Chappelet,M,40000,9999-01-01
402201,Youssef,Grabner,F,72710,9999-01-01
402095,Shigeichiro,Godskesen,M,55653,9999-01-01
402221,Willard,Zastre,F,59348,9999-01-01
402225,Tsutomu,Jiang,F,44239,9999-01-01
402230,Przemyslawa,Sanella,F,52320,9999-01-01
402231,Shim,Klerer,F,47350,9999-01-01
402115,Izaskun,Rijckaert,M,74000,9999-01-01
402238,Sergi,Ramsay,M,42287,9999-01-01
402240,Paloma,Olivero,F,40000,9999-01-01
402241,Akhilish,Mukaidono,M,46248,9999-01-01
402246,Leif,Aumann,F,43929,9999-01-01
402256,Nalini,Gini,M,40000,9999-01-01
402119,Luise,Haldar,F,44330,9999-01-01
402126,Odysseas,Auria,M,41349,9999-01-01
402277,Seshu,Besancenot,M,45134,9999-01-01
402127,Nitsan,Georgakopoulos,F,40000,9999-01-01
402290,Kagan,Riefers,M,40000,9999-01-01
402132,Oscar,Wendorf,M,40000,9999-01-01
402136,Hugh,Straney,F,49803,9999-01-01
402162,Yoshinari,Jenevein,F,69592,9999-01-01
402315,Yannis,Birge,F,44304,9999-01-01
402331,Hidefumi,Bhattacharjee,M,55330,9999-01-01
402342,Giordano,Collavizza,F,46516,9999-01-01
402163,Alejandro,Sankaranarayanan,M,76506,9999-01-01
402349,Harngdar,Lipner,M,100006,9999-01-01
402557,Bernardo,Ozeki,M,63659,9999-01-01
402365,Flemming,Menhoudj,F,64266,9999-01-01
402367,Doowon,Mikschl,F,40000,9999-01-01
402574,Chikako,Birge,M,58065,9999-01-01
402375,Rasikan,Beeson,M,78157,9999-01-01
402379,Piyush,Setiz,F,51734,9999-01-01
402386,Saniya,Soicher,M,58647,9999-01-01
402576,Dharmaraja,Petereit,M,40000,9999-01-01
402394,Jeanne,Kossowski,M,40000,9999-01-01
402580,Constantino,Koyama,M,60874,9999-01-01
402401,Tze,Wroclawski,F,58959,9999-01-01
402406,Mats,Larfeldt,M,62585,9999-01-01
402585,Adamantios,Swick,M,45558,9999-01-01
402591,Larisa,Rosaz,F,40000,9999-01-01
402424,Shushma,Khalil,M,50840,9999-01-01
402425,Jeanna,Kemmerer,M,40000,9999-01-01
402430,Atreye,Ernst,M,73936,9999-01-01
402594,Rosalyn,Siprelle,F,40000,9999-01-01
402606,Goh,Ozeri,M,40000,9999-01-01
402447,Sakthirel,Rajaraman,M,40000,9999-01-01
402452,Toshimitsu,Pauthner,M,46364,9999-01-01
402650,Bernice,Horswill,M,40000,9999-01-01
402484,George,Riexinger,F,40739,9999-01-01
402486,Krassimir,Scharstein,M,62856,9999-01-01
402514,Badri,Kermarrec,M,60785,9999-01-01
402518,Hilari,Kavvadias,F,40000,9999-01-01
402652,Zhigen,Toyoshima,M,67414,9999-01-01
402661,Suvo,Bashian,F,46164,9999-01-01
402533,Martins,Rijckaert,M,62655,9999-01-01
402667,Dante,Kamble,F,46364,9999-01-01
402670,Demos,Lorys,M,40000,9999-01-01
402673,Arunachalam,Schaaf,F,52210,9999-01-01
402675,Charlene,Merks,F,40000,9999-01-01
402683,Shaowei,Bennis,F,54515,9999-01-01
402736,Pohua,Thibadeau,M,64829,9999-01-01
402697,Elliott,Stafford,F,59712,9999-01-01
402745,Hongzue,Michaeli,M,40000,9999-01-01
402747,Anneke,Highland,F,40000,9999-01-01
402752,Seshu,Streit,M,40000,9999-01-01
402704,Doohun,Demos,M,40000,9999-01-01
402759,Ghassan,Capobianchi,M,51676,9999-01-01
402766,Tonia,Bauknecht,F,52302,9999-01-01
402709,Elzbieta,Vieth,M,52953,9999-01-01
402769,Gurbir,Krychniak,M,40000,9999-01-01
402772,Berthier,Cronau,F,49813,9999-01-01
402776,Tamiya,Uhrik,M,40000,9999-01-01
402780,Isamu,Perko,F,76917,9999-01-01
402730,Armond,Puoti,F,40000,9999-01-01
402801,Atreye,Straney,F,40483,9999-01-01
402804,Kish,Alencar,M,40000,9999-01-01
402936,Rance,Schaap,F,40000,9999-01-01
402857,Fei,Kaiserswerth,F,43340,9999-01-01
402941,Yuqun,Himler,M,42691,9999-01-01
402942,Adamantios,Ligten,F,91981,9999-01-01
402954,Shigeichiro,Pagter,F,44250,9999-01-01
402888,Szabolcs,Kawashimo,M,65929,9999-01-01
402893,Vishu,Masamoto,M,40000,9999-01-01
402956,Perla,Maliniak,M,83747,9999-01-01
402900,LiMin,Choobineh,M,93471,9999-01-01
402990,Gererd,Danlos,M,40000,9999-01-01
402920,Peternela,Bernardinello,F,46700,9999-01-01
403025,Atilio,Janetzko,F,53599,9999-01-01
403116,Perla,Shinomoto,F,61430,9999-01-01
403134,Djelloul,Kuszyk,M,50850,9999-01-01
403147,Hideyuki,Legleitner,M,40000,9999-01-01
403161,Jagoda,Zultner,F,49384,9999-01-01
403186,Kokou,Neimat,F,40000,9999-01-01
403192,Isamu,Ranze,M,56716,9999-01-01
403193,Surveyors,Wiegley,F,40000,9999-01-01
403204,Troy,Renear,M,70067,9999-01-01
403220,Subhankar,Flexer,M,44424,9999-01-01
403222,Martial,Henseler,M,47294,9999-01-01
403226,Berni,Pena,F,40000,9999-01-01
403027,Dulce,Mahnke,M,40000,9999-01-01
403243,Shigeo,Erez,F,57598,9999-01-01
403038,Mitsuyuki,Facello,M,78355,9999-01-01
403247,Alejandra,McFarlin,F,40000,9999-01-01
403255,Annemarie,Ranft,M,55230,9999-01-01
403051,Owen,Erni,F,40000,9999-01-01
403270,Waiman,Cooman,F,78389,9999-01-01
403052,Tsz,Boyle,F,40000,9999-01-01
403285,Geoff,Alameldin,F,81361,9999-01-01
403055,Paloma,Crelier,M,66057,9999-01-01
403057,Toney,Falster,F,40000,9999-01-01
403064,Berto,Kornyak,F,58553,9999-01-01
403085,Halsur,Irland,M,40000,9999-01-01
403296,Seongbae,Backhouse,M,66997,9999-01-01
403303,Mansur,Feldhoffer,F,40000,9999-01-01
403314,Zhensheng,Delaune,F,62544,9999-01-01
403102,Jianwen,Barinka,M,46512,9999-01-01
403320,Parke,Sidou,M,59650,9999-01-01
403332,Gaetan,Peck,F,68491,9999-01-01
403339,Yahiko,Reinhart,F,40000,9999-01-01
403340,Dharmaraja,Luks,M,41957,9999-01-01
403477,Herbert,Rajaraman,M,71872,9999-01-01
403362,Arfst,Staylopatis,F,40000,9999-01-01
403364,Chikara,Picco,M,40688,9999-01-01
403481,Filipe,Eldridge,M,53754,9999-01-01
403485,Jeane,Larfeldt,M,76298,9999-01-01
403379,Guozhong,Setia,F,40000,9999-01-01
403384,DAIDA,Holburn,F,47124,9999-01-01
403488,Chinya,Crelier,F,71656,9999-01-01
403501,Hatsukazu,Fujisaki,M,80266,9999-01-01
403395,Tayeb,Marsiglia,F,40000,9999-01-01
403404,Alair,McClure,F,53445,9999-01-01
403405,Manibrata,Clouatre,M,45116,9999-01-01
403406,Monique,Hammerschmidt,M,49531,9999-01-01
403409,Fumino,Iivonen,M,60909,9999-01-01
403411,Bingning,Kadhim,F,49715,9999-01-01
403416,Subhada,Salverda,F,40000,9999-01-01
403505,Kazuhide,Jervis,M,40282,9999-01-01
403424,Genta,Demeyer,F,45241,9999-01-01
403427,Sajjan,Gubsky,M,56015,9999-01-01
403508,Hinrich,Reutenauer,M,40000,9999-01-01
403536,Takahira,Simmen,M,58739,9999-01-01
403457,Aloke,Percebois,M,40000,9999-01-01
403459,Georgi,Claffy,M,44740,9999-01-01
403464,Shigenori,Bage,M,40000,9999-01-01
403469,Moon,Poehlman,M,85406,9999-01-01
403471,Foong,Sudbeck,M,71600,9999-01-01
403472,Mart,Christ,M,53389,9999-01-01
403552,Gaetan,Selvestrel,F,53232,9999-01-01
403556,Mokhtar,Nitsch,F,55943,9999-01-01
403565,Zhigen,Kalafatis,F,46758,9999-01-01
403588,Hironobu,Kakkad,M,45140,9999-01-01
403667,Shimshon,Georgakopoulos,M,53555,9999-01-01
403690,Phillip,Doering,F,66182,9999-01-01
403592,Phillip,Schapiro,M,60172,9999-01-01
403697,Shigehito,Roohalamini,M,47641,9999-01-01
403700,Cedric,Picco,M,67871,9999-01-01
403593,Lucian,Anandan,F,46191,9999-01-01
403612,Gift,Haumacher,M,40000,9999-01-01
403719,Geoffry,Hammerschmidt,F,46061,9999-01-01
403721,Arup,Siksek,M,69957,9999-01-01
403724,Gita,Buchter,M,79537,9999-01-01
403727,Waiman,Delgrande,M,52828,9999-01-01
403734,Oscal,Famili,F,49449,9999-01-01
403740,Yakkov,Garnick,M,66532,9999-01-01
403626,Jaques,Milicia,F,51407,9999-01-01
403755,Zhiguo,Bellone,M,40000,9999-01-01
403756,Parke,Schonegge,M,40000,9999-01-01
403647,Weiwu,Chelton,F,40000,9999-01-01
403859,Arunachalam,Roison,F,68887,9999-01-01
403798,Achilleas,Wissmann,F,40000,9999-01-01
403806,Phillip,Piveteau,M,40000,9999-01-01
403815,Sariel,Kornatzky,M,40000,9999-01-01
403820,Toshimori,Ratzlaff,M,59924,9999-01-01
403824,Bangqing,Gerlach,M,69352,9999-01-01
403831,Arunas,Thimonier,M,40000,9999-01-01
403836,Heng,Syrotiuk,M,40000,9999-01-01
403860,Pragnesh,Senzako,M,40000,9999-01-01
403866,Vasilii,Slutz,M,40594,9999-01-01
403867,Valeri,Chartres,M,68069,9999-01-01
403868,Filipe,Randi,M,48963,9999-01-01
403880,Masaki,Bonifati,F,40000,9999-01-01
403887,Gilbert,Fontan,M,40000,9999-01-01
404046,Tayeb,Lorch,M,55568,9999-01-01
404055,Weiru,Belinskaya,M,89556,9999-01-01
404057,Boaz,Decaestecker,M,40000,9999-01-01
404058,Laurentiu,Comte,M,40000,9999-01-01
403888,Qunsheng,Karner,M,82597,9999-01-01
404061,Moty,Denny,M,42263,9999-01-01
404064,Tadanori,Alpay,M,83520,9999-01-01
403897,Yoshinari,Foong,F,40000,9999-01-01
404074,Horward,Moehrke,M,58459,9999-01-01
403909,Macha,Lichtman,M,58184,9999-01-01
404085,Moie,Aingworth,F,61567,9999-01-01
404089,Yunming,Kaiserswerth,F,40392,9999-01-01
404094,Radhia,Ghandeharizadeh,F,57781,9999-01-01
404097,Shigeu,Validov,M,48479,9999-01-01
404100,Kasidit,Conte,M,53469,9999-01-01
403918,Fox,Molenkamp,M,47318,9999-01-01
404105,Minghong,Cyre,M,74642,9999-01-01
404106,Amstein,Brobst,F,45581,9999-01-01
403936,Jianwen,Kuzuoka,M,47275,9999-01-01
404123,Arfst,Encarnacion,F,68768,9999-01-01
404140,Gou,Kroft,F,62190,9999-01-01
403940,Christoper,Gustavson,M,59872,9999-01-01
403959,Aleksander,Androutsos,M,69989,9999-01-01
404171,Richara,Berstel,M,67856,9999-01-01
404172,Bodh,Lamparter,F,80728,9999-01-01
404179,Susuma,Bodoff,M,46105,9999-01-01
403970,Prasadram,Dusink,M,40000,9999-01-01
404182,Heng,Keohane,M,40000,9999-01-01
404188,Wojceich,Schaar,F,41403,9999-01-01
403979,Xinglin,Morrin,M,46518,9999-01-01
404208,Mototsugu,Georgakopoulos,M,49992,9999-01-01
404209,Shakhar,Buescher,M,55881,9999-01-01
404212,Clyde,Doering,M,40000,9999-01-01
403984,Shay,Sambasivam,M,44234,9999-01-01
403989,Seongbin,Keustermans,M,40589,9999-01-01
403997,Tran,Jansch,F,53990,9999-01-01
404218,Keung,Berstel,M,48268,9999-01-01
404219,Ramya,Passafiume,F,40000,9999-01-01
404221,Aleksander,Bernini,F,56339,9999-01-01
404223,Erzsebet,Demian,M,44090,9999-01-01
404233,Baziley,Nivat,F,56413,9999-01-01
404234,Khoa,Nastansky,M,60744,9999-01-01
404260,Shao,Luon,F,40000,9999-01-01
404276,Eldridge,Pettit,M,40000,9999-01-01
404287,Paraskevi,Gelosh,M,40000,9999-01-01
404297,Goetz,Weedman,M,44461,9999-01-01
404299,Rimli,Peot,F,40000,9999-01-01
404302,Miomir,Baar,F,56755,9999-01-01
404307,King,Lakshmanan,F,40000,9999-01-01
404316,Kwun,Bahr,M,40000,9999-01-01
404327,Nitsan,Ritcey,F,79049,9999-01-01
403998,Yucel,Peroz,M,40287,9999-01-01
404332,Lubomir,Ouhyoung,M,53318,9999-01-01
404338,Gio,Parhami,F,40000,9999-01-01
403999,Boguslaw,Pouyioutas,F,40000,9999-01-01
404009,Irena,Codenie,M,87750,9999-01-01
404351,Rosalyn,Erni,M,91327,9999-01-01
404358,Zita,Greibach,M,40711,9999-01-01
404359,Gretta,Krohn,M,40000,9999-01-01
404014,Djelloul,Improta,M,79868,9999-01-01
404029,Yinlin,Zizka,F,71387,9999-01-01
404418,Kamakshi,Speckmann,M,48441,9999-01-01
404420,Mary,Ranka,F,40000,9999-01-01
404428,Sadok,Beerel,F,69243,9999-01-01
404597,Aris,Fiebach,M,50488,9999-01-01
404430,Turgut,Stassinopoulos,M,40000,9999-01-01
404611,Marc,Griswold,M,40390,9999-01-01
404433,Arve,Hemaspaandra,M,51869,9999-01-01
404443,Udaiprakash,Georgakopoulos,M,41156,9999-01-01
404449,Xiaoqiu,Schnelling,M,45960,9999-01-01
404648,Vincent,Ozery,M,40000,9999-01-01
404464,Danil,Stentiford,M,40000,9999-01-01
404674,Rajmohan,Furedi,F,53382,9999-01-01
404469,Bartek,Maginnis,M,40000,9999-01-01
404691,Alselm,Tomescu,M,40000,9999-01-01
404470,Chikara,Schrift,M,40000,9999-01-01
404474,Mats,Sethi,M,40000,9999-01-01
404704,Padma,Borstler,M,40000,9999-01-01
404484,Chikara,Usdin,M,40000,9999-01-01
404722,Atreyi,Papsdorf,M,44318,9999-01-01
404727,Isamu,Swick,F,40985,9999-01-01
404486,Masami,Masada,M,68490,9999-01-01
404732,Arunas,Gonthier,M,47932,9999-01-01
404493,Tadahiko,Ranta,F,40000,9999-01-01
404741,Shounak,Reghbati,M,40000,9999-01-01
404749,Jaewoo,Reeken,M,65660,9999-01-01
404750,Shahaf,Heiserman,F,57904,9999-01-01
404501,Maya,Nitta,F,44870,9999-01-01
404767,Laurentiu,Lieblein,M,61155,9999-01-01
404503,Xiong,Facello,M,56815,9999-01-01
404506,Tesuro,Gips,F,40000,9999-01-01
404508,Troy,Besancenot,M,45431,9999-01-01
404771,Sverrir,Argence,M,59524,9999-01-01
404520,Honglan,Mahnke,M,60216,9999-01-01
404781,Arunachalam,Laurillard,F,52993,9999-01-01
404789,Shuichi,Mandell,F,40000,9999-01-01
404533,Kankanahalli,Heping,F,57699,9999-01-01
404813,Takushi,Yurek,F,65535,9999-01-01
404538,Kenroku,Poujol,F,40000,9999-01-01
404816,Limsoon,Stifter,M,40000,9999-01-01
404542,Kellyn,Pellegrinelli,M,46508,9999-01-01
404572,Sachar,Kitsuregawa,F,51066,9999-01-01
404839,Mary,Masand,F,40000,9999-01-01
404850,Adib,Sevcikova,M,40000,9999-01-01
404855,Georgy,Hiraishi,F,61131,9999-01-01
404858,Moty,Srimani,M,40000,9999-01-01
404859,Koldo,Gelosh,M,80292,9999-01-01
404583,Khun,Sambasivam,M,50875,9999-01-01
404870,Tua,Dayang,F,40000,9999-01-01
404875,Khatoun,Meszaros,M,74496,9999-01-01
404878,Syozo,Schaaf,M,60805,9999-01-01
404884,Adib,Yetim,F,51045,9999-01-01
404962,Sven,Pena,F,44141,9999-01-01
404890,Snehasis,Schreiter,M,76511,9999-01-01
404894,Weicheng,Herath,M,57729,9999-01-01
404902,Bader,Mapelli,M,48402,9999-01-01
404965,Yahiko,Maraist,M,40000,9999-01-01
404914,Bodh,Matzel,F,40000,9999-01-01
404918,Harjit,Radwan,F,40000,9999-01-01
404970,Mohammad,Hiltgen,F,40000,9999-01-01
404980,Nitsan,Muchinsky,M,72262,9999-01-01
404935,Hailing,Schauser,M,53458,9999-01-01
404950,Shin,Murtha,M,68189,9999-01-01
404985,Atilio,Negoita,M,40000,9999-01-01
404952,Suzette,Goldhammer,M,81981,9999-01-01
404996,Gay,Baig,F,72969,9999-01-01
405010,Genevieve,Bierman,M,42921,9999-01-01
405141,Mahendra,Tokunaga,M,50358,9999-01-01
405023,Radhia,Leivant,M,72856,9999-01-01
405170,Mrinalini,Rahier,F,40000,9999-01-01
405024,Oddvar,Preusig,F,56703,9999-01-01
405175,Ulises,Smeets,F,85806,9999-01-01
405184,Brewster,Miara,M,53410,9999-01-01
405056,Vidar,Birrer,M,40000,9999-01-01
405193,Soenke,Zeleznik,M,55993,9999-01-01
405198,Sahrah,Bahr,F,61735,9999-01-01
405199,Gou,Antonisse,F,48486,9999-01-01
405200,Charmane,Furedi,F,60590,9999-01-01
405203,Muneo,Panienski,F,40000,9999-01-01
405204,Kwan,Bade,M,40000,9999-01-01
405212,Mikhail,Lorin,M,82323,9999-01-01
405232,Saniya,Nannarelli,F,49974,9999-01-01
405060,Amabile,Ozery,M,40000,9999-01-01
405237,Arie,Uchoa,F,67917,9999-01-01
405238,Masali,Ossenbruggen,M,53487,9999-01-01
405064,Shim,Bojadziev,F,55678,9999-01-01
405246,Geoffrey,Polajnar,F,51086,9999-01-01
405248,Susanne,Eugenio,M,72206,9999-01-01
405067,Shih,Restivo,F,40000,9999-01-01
405256,Billur,Domenig,M,78245,9999-01-01
405258,Hatsukazu,Minakawa,F,40000,9999-01-01
405068,Shounak,Siksek,F,76643,9999-01-01
405264,Moto,Schahn,M,67375,9999-01-01
405265,Marlo,Gewali,M,40000,9999-01-01
405072,Remmert,Schlenzig,M,56146,9999-01-01
405092,Yonghong,Hutton,F,76028,9999-01-01
405282,Mang,Birge,F,40000,9999-01-01
405283,Munehiko,Schueller,M,40298,9999-01-01
405288,Atreyi,Eldridge,F,55927,9999-01-01
405294,Shigenori,Basawa,F,82908,9999-01-01
405299,Kerhong,Erdi,M,56855,9999-01-01
405301,Mayuri,Kulisch,M,66351,9999-01-01
405096,Lubomir,Suermann,M,48966,9999-01-01
405104,IEEE,Georgakopoulos,F,57650,9999-01-01
405107,Claudi,Deville,F,62984,9999-01-01
405108,Kazuhisa,Rijsenbrij,M,97052,9999-01-01
405114,Sedat,Trumbly,M,40000,9999-01-01
405123,Zeljko,Walstra,F,48381,9999-01-01
405337,Hideyuki,Sessa,M,44557,9999-01-01
405126,Bokyung,Taneja,M,40000,9999-01-01
405129,Basant,Farrow,M,40000,9999-01-01
405139,Takahiro,Besselaar,F,41619,9999-01-01
405378,Kellyn,Straney,F,63678,9999-01-01
405382,Kamakshi,Mansanne,F,77175,9999-01-01
405383,Kamran,Masand,M,69136,9999-01-01
405386,Sakthirel,Vigier,F,40000,9999-01-01
405397,Arne,Poujol,F,51591,9999-01-01
405403,Vojin,Pusterhofer,M,72830,9999-01-01
405404,Zhenbing,Pehl,F,55408,9999-01-01
405410,Aram,Picco,F,64522,9999-01-01
405419,Chuanyi,Chimia,M,59634,9999-01-01
405426,Khoa,Anily,F,41285,9999-01-01
405431,Gina,Pepe,M,40000,9999-01-01
405443,Younwoo,Fraisse,M,43563,9999-01-01
405451,Ipke,Daescu,F,57855,9999-01-01
405453,Surveyors,Peres,M,76343,9999-01-01
405472,Takushi,Miake,F,40000,9999-01-01
405140,Stella,Adachi,M,58697,9999-01-01
405489,Weidon,Merks,M,40000,9999-01-01
405512,Mabhin,Jeansoulin,F,72373,9999-01-01
405496,Uriel,Pramanik,F,48341,9999-01-01
405523,Steen,Conti,M,78757,9999-01-01
405535,Yagil,Schieder,M,60648,9999-01-01
405536,Gor,Baaz,M,40000,9999-01-01
405705,Mitchel,Gruenwald,F,62464,9999-01-01
405707,Kaijung,Vural,F,53972,9999-01-01
405709,Zvonko,Eugenio,F,69017,9999-01-01
405577,Mads,Middleton,M,71019,9999-01-01
405712,Iara,Munke,M,64694,9999-01-01
405713,Krassimir,Nourani,F,56282,9999-01-01
405714,Geoffry,Hofting,M,77706,9999-01-01
405721,Pascal,Tempesti,M,40000,9999-01-01
405725,Gennady,Templeman,M,45977,9999-01-01
405732,Hidekazu,Schurmann,M,41359,9999-01-01
405736,Zhigen,Birdsall,F,41975,9999-01-01
405746,Heon,Mondadori,M,67977,9999-01-01
405753,Kotesh,Nations,M,42997,9999-01-01
405754,Fei,Borovoy,F,40000,9999-01-01
405758,Shichao,Manders,M,55701,9999-01-01
405765,Ult,Schach,M,88858,9999-01-01
405767,Subhrajyoti,Maliniak,M,57645,9999-01-01
405774,Weiyi,Cmelik,M,40000,9999-01-01
405583,Gretta,Reeker,M,85611,9999-01-01
405778,Gal,Uludag,M,40000,9999-01-01
405785,Hugo,Erva,M,71856,9999-01-01
405786,Unal,Cangellaris,F,68220,9999-01-01
405585,Keung,Pappas,M,64701,9999-01-01
405591,Kellyn,Gulik,F,47382,9999-01-01
405808,Chinhyun,Heering,F,40000,9999-01-01
405599,Margo,Godskesen,M,78307,9999-01-01
405811,Heeju,Anido,F,40000,9999-01-01
405608,Wilmer,Zallocco,M,53263,9999-01-01
405832,Dante,Bellone,F,52044,9999-01-01
405833,Sudhanshu,Kampfer,F,54176,9999-01-01
405834,Miomir,Ginneken,M,54405,9999-01-01
405623,Claude,Rosar,F,47781,9999-01-01
405848,Constantino,Zschoche,M,42552,9999-01-01
405850,Wayne,Ghazalie,F,75070,9999-01-01
405630,Takahiro,Vidya,F,59288,9999-01-01
405861,Ramzi,Gerteisen,M,48915,9999-01-01
405639,Godehard,Lienhardt,M,46357,9999-01-01
405870,Goetz,Honiden,M,44534,9999-01-01
405660,Phuoc,Erva,M,75867,9999-01-01
405888,Leucio,Alpay,F,59958,9999-01-01
405663,Utz,Akiyama,M,40000,9999-01-01
405892,Tamiya,Cullers,M,78973,9999-01-01
405897,Jiafu,Moehrke,F,40000,9999-01-01
405667,Makato,McDermid,M,66184,9999-01-01
405903,Sanjeeva,Heiserman,M,63842,9999-01-01
405687,Katsuyuki,Gaughan,F,49725,9999-01-01
405924,Udi,Nooteboom,M,47731,9999-01-01
405693,Cathie,Calkin,F,51176,9999-01-01
405931,Werner,Hebert,M,73204,9999-01-01
405934,Xiaoqiu,Soloway,M,47547,9999-01-01
405940,Kaijung,Crouzet,M,41050,9999-01-01
406071,Susanta,Schapire,M,40000,9999-01-01
405957,Zhiguo,Cochrane,M,51741,9999-01-01
405963,Hidekazu,Selenyi,M,71451,9999-01-01
405968,Szabolcs,Reinhard,M,64127,9999-01-01
405973,Mohit,Baezner,M,42783,9999-01-01
406075,Jianhao,Vandervoorde,F,40000,9999-01-01
406088,Uzi,Henders,M,87360,9999-01-01
406002,Maris,Molenaar,M,40000,9999-01-01
406005,Moss,Desikan,F,40000,9999-01-01
406009,Nigel,Portugali,M,55373,9999-01-01
406094,Rasiah,Sudbeck,M,57306,9999-01-01
406015,Suvo,Erman,F,76193,9999-01-01
406095,Sushant,Marchesini,F,63010,9999-01-01
406099,Dhritiman,Baca,F,40000,9999-01-01
406038,Shuichi,Wissmann,F,61025,9999-01-01
406119,Vidar,Gist,F,40000,9999-01-01
406051,Guangming,Heystek,M,40000,9999-01-01
406063,Vatsa,Kolinko,M,63836,9999-01-01
406120,Leah,Merro,M,40000,9999-01-01
406131,Ibibia,Kuhnemann,M,55042,9999-01-01
406175,Masako,Tsunoo,M,55311,9999-01-01
406269,Bangqing,Zastre,M,100695,9999-01-01
406289,Aral,Kuzuoka,M,75973,9999-01-01
406293,Rosita,Gurbaxani,F,96325,9999-01-01
406180,Nagui,Stamatiou,F,51190,9999-01-01
406304,Kauko,Francisci,M,59941,9999-01-01
406305,Anneke,Birge,M,64733,9999-01-01
406183,Qunsheng,Schnelling,F,48204,9999-01-01
406310,Fuqing,Glowinski,F,63233,9999-01-01
406312,Yuping,Maginnis,F,40000,9999-01-01
406315,Aruna,Gluchowski,F,63987,9999-01-01
406192,Deniz,Tanemo,F,40000,9999-01-01
406318,Hitomi,Gunderson,M,55145,9999-01-01
406325,Jeong,Kawashimo,M,40000,9999-01-01
406326,Godehard,Vieth,M,45100,9999-01-01
406206,Garnet,Heemskerk,F,40000,9999-01-01
406336,Nishit,Heiserman,M,62574,9999-01-01
406343,Abdelkader,Ecklund,M,40000,9999-01-01
406344,Seshu,Grabner,F,54532,9999-01-01
406348,Zengping,Bugaenko,F,40000,9999-01-01
406350,Susumu,Luon,M,77778,9999-01-01
406210,Nadjib,Mitina,M,74704,9999-01-01
406356,Otmar,Fujisaki,M,40000,9999-01-01
406216,Qiwen,Ciolek,M,65647,9999-01-01
406228,Hongzue,Decleir,F,40000,9999-01-01
406376,Weiru,Schaaf,F,55546,9999-01-01
406380,Xiaobin,Cyne,M,40082,9999-01-01
406385,Insup,Gelosh,F,75310,9999-01-01
406233,Marie,Pettit,M,72182,9999-01-01
406238,Navin,Range,F,59759,9999-01-01
406410,Sukumar,Rodiger,M,40000,9999-01-01
406242,Chanjung,Beidas,F,59088,9999-01-01
406414,Yonghoan,Cannard,M,43605,9999-01-01
406416,Erez,Birsak,F,66774,9999-01-01
406420,Gaetan,Thummel,F,61334,9999-01-01
406243,Feiyu,Hiltgen,M,40000,9999-01-01
406422,Udo,Rikino,M,57565,9999-01-01
406428,Subir,Otillio,F,40000,9999-01-01
406622,Duri,Pollock,F,54815,9999-01-01
406625,Aron,Vesna,M,40000,9999-01-01
406436,Ugo,Leonhardt,M,40000,9999-01-01
406440,Moty,Parveen,F,66187,9999-01-01
406628,Toshimi,Lores,M,46194,9999-01-01
406445,Suzette,Ermel,F,45572,9999-01-01
406452,Jiang,Shumilov,F,54908,9999-01-01
406454,Dhritiman,Melter,M,81502,9999-01-01
406457,Kwun,Farrag,M,40000,9999-01-01
406491,Soenke,Ohori,M,40000,9999-01-01
406495,Pintsang,Bernardeschi,F,40000,9999-01-01
406508,Morrie,Brendel,M,40000,9999-01-01
406511,Volkmar,Cappelli,M,85877,9999-01-01
406516,Juyoung,Lamba,M,57949,9999-01-01
406521,Lunjin,Zongker,M,52333,9999-01-01
406631,Yuguang,Gulik,M,48228,9999-01-01
406644,Jordanka,Giveon,F,40000,9999-01-01
406556,Remmert,Peot,M,51208,9999-01-01
406665,Tua,Kusakari,M,40000,9999-01-01
406569,Shmuel,Underwood,F,57690,9999-01-01
406574,Elvis,Billawala,F,40000,9999-01-01
406587,Xuejia,Anick,F,71727,9999-01-01
406588,Arto,Ozeki,F,66144,9999-01-01
406672,Rosella,Demos,M,40000,9999-01-01
406703,Foong,Cherinka,F,70843,9999-01-01
406611,Rafols,Vrecion,M,50283,9999-01-01
406713,Zhonghua,Peha,F,40000,9999-01-01
406806,Shichao,Plavsic,F,46003,9999-01-01
406819,Anestis,Itzigehl,F,45236,9999-01-01
406733,Stepehn,Mawatari,M,40038,9999-01-01
406843,Troy,Pargaonkar,M,40000,9999-01-01
406736,Sadun,Erman,M,70828,9999-01-01
406853,Sachio,Couchot,M,46733,9999-01-01
406854,Reinhold,Besancenot,F,57090,9999-01-01
406737,Arunachalam,Rassart,F,40000,9999-01-01
406857,Mahmut,Kemmerer,M,40000,9999-01-01
406858,Sungwon,Couchot,M,58844,9999-01-01
406863,Claude,Comte,M,56386,9999-01-01
406739,Demin,Baby,M,60711,9999-01-01
406871,Chuanyi,Karlin,F,64179,9999-01-01
406752,Masaru,Antonakopoulos,F,85846,9999-01-01
406884,Xiping,Peltason,F,49232,9999-01-01
406888,Oddvar,Warwick,M,40000,9999-01-01
406766,Zengping,Gulik,M,44712,9999-01-01
406894,Giri,Curless,F,61538,9999-01-01
406767,Ulises,Grabner,M,40000,9999-01-01
406922,Denis,Piazza,F,67319,9999-01-01
406768,Fumiko,Montresor,F,41617,9999-01-01
406779,Yagil,Mandelberg,M,63055,9999-01-01
406935,Arunachalam,Jansen,F,50701,9999-01-01
406949,Rafael,Yoshizawa,F,40000,9999-01-01
406950,Adas,Heering,M,66766,9999-01-01
406803,Takanari,Baba,F,47002,9999-01-01
406957,Sangeeta,Rosin,F,45944,9999-01-01
406960,Janalee,Wrigley,F,40000,9999-01-01
406973,Adly,Weedon,F,54574,9999-01-01
406999,Jasminko,Srimani,M,45316,9999-01-01
406980,Jacopo,Panangaden,F,40000,9999-01-01
407007,Bluma,Shobatake,M,51686,9999-01-01
407008,Remzi,Piveteau,M,78492,9999-01-01
407185,Xinyu,Christianini,M,40000,9999-01-01
407013,Oldrich,Jiafu,F,40000,9999-01-01
407191,Itzchak,Bolotov,M,59098,9999-01-01
407198,Juichirou,Speek,M,40000,9999-01-01
407200,Nevin,Ligten,M,40000,9999-01-01
407026,Ishfaq,Bauknecht,M,42388,9999-01-01
407219,Ramachenga,Eldridge,M,61854,9999-01-01
407027,Bernardo,Karner,M,49133,9999-01-01
407229,Narain,Ballarin,M,40000,9999-01-01
407233,Chenye,Basagni,M,40000,9999-01-01
407039,Juichirou,Chachaty,M,40000,9999-01-01
407252,Jasminko,Chimia,M,63181,9999-01-01
407258,Jasminko,Shackel,M,53539,9999-01-01
407260,Kiam,Baak,F,58003,9999-01-01
407043,Hercules,Kushnir,F,54140,9999-01-01
407271,Siddarth,Socorro,M,77280,9999-01-01
407273,Ottavia,Imataki,M,43239,9999-01-01
407274,Alejandra,Merel,M,55963,9999-01-01
407051,Mads,Azuma,M,40000,9999-01-01
407279,Tran,Ibel,M,66513,9999-01-01
407052,Babette,Perry,F,61883,9999-01-01
407071,Cordelia,Matheson,M,78286,9999-01-01
407304,Jeong,Valette,F,53621,9999-01-01
407073,Rasikan,Pelc,M,53919,9999-01-01
407326,Jiafu,Spataro,M,40000,9999-01-01
407327,Zdislav,Kaelbling,M,83366,9999-01-01
407092,Maren,Clemencon,F,60954,9999-01-01
407338,Erzsebet,Zaiane,F,50767,9999-01-01
407106,Yonghoan,Koblick,M,79108,9999-01-01
407359,Suvo,Baezner,M,40000,9999-01-01
407116,Bokyung,Lorho,F,62334,9999-01-01
407125,Gila,Taneja,M,95142,9999-01-01
407368,Morris,Garnick,M,85334,9999-01-01
407376,Goncalo,Boudaillier,M,61808,9999-01-01
407133,Terresa,Benzmuller,M,57649,9999-01-01
407382,Moon,Sadowsky,M,44042,9999-01-01
407384,Bernardo,Dredge,M,40000,9999-01-01
407389,Garnet,Fordan,M,40000,9999-01-01
407390,Jacqueline,Greibach,F,40000,9999-01-01
407136,Pasqua,Cardazo,F,48085,9999-01-01
407398,Uwe,Azuma,F,53557,9999-01-01
407137,Elliott,Morrey,M,86757,9999-01-01
407411,Shaowei,Baby,M,67693,9999-01-01
407153,Sakthirel,Rosaz,F,40000,9999-01-01
407413,Filipe,Driscoll,F,46927,9999-01-01
407421,Shigehito,Penn,M,40000,9999-01-01
407424,Sastry,Hoppenstand,M,50647,9999-01-01
407425,Harngdar,Setiz,F,47946,9999-01-01
407162,Lech,Sridhar,M,75648,9999-01-01
407435,Fumiya,Ellozy,M,40000,9999-01-01
407437,Mabo,Farrag,F,40000,9999-01-01
407438,Sadok,Kusalik,F,56191,9999-01-01
407451,Sorina,Ponthieu,M,40000,9999-01-01
407163,Suebskul,Ranka,M,40000,9999-01-01
407454,Masato,Braccini,M,53184,9999-01-01
407553,Berthier,Hmelo,M,40000,9999-01-01
407460,Guiseppe,Morris,M,89324,9999-01-01
407472,Souichi,Lorin,M,42034,9999-01-01
407487,Aloys,Frezza,M,40000,9999-01-01
407499,Suebskul,Schapire,M,52185,9999-01-01
407558,Ayakannu,Hammerschmidt,F,46971,9999-01-01
407504,Shigehiro,Levasseur,M,77833,9999-01-01
407559,Hironoby,Adachi,F,40000,9999-01-01
407517,Shuichi,Luby,M,40000,9999-01-01
407518,Shirish,McAlpine,F,40000,9999-01-01
407562,Bodh,Budinsky,F,83691,9999-01-01
407528,Seshu,Perin,M,47889,9999-01-01
407583,Chenye,Reinhard,F,44396,9999-01-01
407537,Fumiya,Walston,F,69408,9999-01-01
407545,Elliott,Danlos,M,45687,9999-01-01
407594,Carrsten,Cannard,F,93437,9999-01-01
407595,Hideo,Lowrie,M,65603,9999-01-01
407733,Susumu,Valtorta,M,40000,9999-01-01
407613,Vitali,Rosenbaum,M,62482,9999-01-01
407737,Mingzeng,Mundy,F,61330,9999-01-01
407745,Kensei,Strooper,M,45743,9999-01-01
407749,Limsoon,Jahnichen,M,63232,9999-01-01
407636,Fumino,Dulay,F,81861,9999-01-01
407766,Yoshinari,Schmittgen,F,67315,9999-01-01
407768,Chinya,Lortz,M,40000,9999-01-01
407770,Jackson,Szilard,M,51079,9999-01-01
407775,Khedija,Waeselynck,M,40000,9999-01-01
407799,Hausi,Xiaoshan,F,40000,9999-01-01
407802,Sadun,Zedlitz,F,40000,9999-01-01
407803,Khatoun,Chaudhury,M,53474,9999-01-01
407809,JoAnne,Suri,F,44082,9999-01-01
407810,Guozhong,Nastansky,F,73865,9999-01-01
407817,Fai,Zobel,M,68708,9999-01-01
407823,Shietung,Kornatzky,F,57186,9999-01-01
407824,Sreekrishna,Kalsbeek,F,64167,9999-01-01
407827,Kannan,Steinauer,M,90068,9999-01-01
407846,Laurentiu,Muniz,M,40000,9999-01-01
407861,Bodh,Birta,F,64264,9999-01-01
407867,Sanjay,Pappas,F,40000,9999-01-01
407879,Jingling,Spell,F,53429,9999-01-01
407882,Duke,Kilgore,M,40000,9999-01-01
407886,Shmuel,Riexinger,M,73438,9999-01-01
407640,Uta,DuCasse,F,40000,9999-01-01
407896,Shai,Staudhammer,M,45692,9999-01-01
407642,Jiakeng,Oberman,M,41470,9999-01-01
407906,Fatemeh,Androutsos,F,47196,9999-01-01
407648,Neelam,Reinhard,F,45310,9999-01-01
407914,Jayson,Swift,M,62520,9999-01-01
407915,Mototsugu,Scharstein,F,40000,9999-01-01
407649,Uriel,Waeselynck,F,82839,9999-01-01
407653,Hitomi,Baezner,M,86908,9999-01-01
407671,Achilleas,Lanteri,F,57267,9999-01-01
407919,Val,Schlumberger,M,40000,9999-01-01
407930,Alair,Kirkerud,F,72870,9999-01-01
407710,Yuqun,Luiz,M,40000,9999-01-01
407951,Youngkon,Olano,M,95651,9999-01-01
407956,Yonghong,Kawashima,M,91362,9999-01-01
407964,Zdislav,Pelz,F,49913,9999-01-01
407967,Tamiya,Simkin,M,54842,9999-01-01
407970,Sangeeta,Barbanera,M,40000,9999-01-01
407972,Sachar,Huxford,M,54389,9999-01-01
407724,Bogdan,Kambil,F,40000,9999-01-01
407983,Khun,Plotkin,F,60506,9999-01-01
407984,Chrisa,Gien,M,40000,9999-01-01
407991,Marco,Redmiles,M,71065,9999-01-01
407999,Kazuhiko,Pappas,M,40000,9999-01-01
407730,Marlo,Vilarrasa,F,60331,9999-01-01
408006,Hinrich,Gniady,F,44289,9999-01-01
408014,Tuval,Janetzko,M,40000,9999-01-01
408101,Arno,Takanami,M,62647,9999-01-01
408023,Jovan,Henders,M,47025,9999-01-01
408034,Brendon,Brendel,M,49589,9999-01-01
408113,Lidong,Gips,F,46720,9999-01-01
408124,Dannz,Lipner,M,40000,9999-01-01
408064,Kerryn,Kinley,F,61395,9999-01-01
408125,Laurentiu,Famili,F,60041,9999-01-01
408085,Cheong,Veevers,M,77086,9999-01-01
408086,Tonia,Velardi,M,40000,9999-01-01
408128,Berna,Puppe,M,57013,9999-01-01
408131,Arne,Schach,M,40722,9999-01-01
408137,Sakthirel,Rousseau,M,62958,9999-01-01
408167,Greger,Demizu,M,76544,9999-01-01
408294,Khalil,Baek,M,49703,9999-01-01
408296,Pasqua,Preusig,F,40000,9999-01-01
408299,Hatsukazu,Litecky,M,53307,9999-01-01
408172,Rosli,Staudhammer,M,40000,9999-01-01
408317,Roselyn,Unno,F,45559,9999-01-01
408176,Heping,Perri,F,43431,9999-01-01
408324,Shigehito,Argence,M,65242,9999-01-01
408328,Karlis,Melton,M,75899,9999-01-01
408181,Zhigen,Emden,M,99451,9999-01-01
408339,Yolla,Seiwald,M,53056,9999-01-01
408183,Ziya,Liesche,M,40000,9999-01-01
408347,Masamitsu,Emmart,F,76518,9999-01-01
408348,Syozo,Zeilberger,F,40000,9999-01-01
408194,Patricio,Kawashima,M,40000,9999-01-01
408363,Tsutomu,Gente,F,84351,9999-01-01
408197,Dietrich,Zultner,F,62032,9999-01-01
408371,Felicidad,Nishimukai,M,63980,9999-01-01
408204,Pranay,Garrabrants,F,40000,9999-01-01
408205,Hongzhu,Goldhammer,M,78935,9999-01-01
408395,Cullen,Shanbhogue,F,73689,9999-01-01
408397,Pranay,Ranon,F,69062,9999-01-01
408208,Xuejia,Senzako,M,84078,9999-01-01
408212,Tomofumi,Potthoff,F,40000,9999-01-01
408214,Eberhardt,Tchuente,F,40000,9999-01-01
408422,Mayuri,Whittlesey,F,40000,9999-01-01
408425,Marke,Vieri,M,40000,9999-01-01
408216,Shridhar,Acton,M,45810,9999-01-01
408429,Weicheng,Heinisuo,M,40000,9999-01-01
408434,Xuejun,Snedden,F,40000,9999-01-01
408217,Eben,Schneeberger,M,40000,9999-01-01
408228,Valeska,Rosen,F,71173,9999-01-01
408241,Moti,Preusig,F,43181,9999-01-01
408464,Leandro,Dalphin,F,40000,9999-01-01
408470,Brendon,Schueller,F,42615,9999-01-01
408247,Tamiya,Stenning,F,65942,9999-01-01
408251,Christ,Erdmenger,F,40000,9999-01-01
408474,Rosli,Krohn,M,61235,9999-01-01
408477,Navin,Lovengreen,M,53796,9999-01-01
408257,Moriyoshi,Rusterholz,M,40000,9999-01-01
408488,Navin,Edelhoff,M,41913,9999-01-01
408267,Uri,Lieblein,M,59148,9999-01-01
408498,Ottavia,Carrere,F,65005,9999-01-01
408269,Jessie,Hebert,F,61785,9999-01-01
408272,Stabislas,Lanzelotte,M,53718,9999-01-01
408517,Shen,Plump,M,65890,9999-01-01
408277,Bokyung,Baez,F,84426,9999-01-01
408523,Shan,Barreiro,M,59475,9999-01-01
408657,Suvo,Argence,F,46445,9999-01-01
408536,Kotesh,Saoudi,M,101930,9999-01-01
408551,Abdulah,Schiper,F,98178,9999-01-01
408552,Holgard,Trumbly,M,40000,9999-01-01
408556,Kankanahalli,Farrar,F,40000,9999-01-01
408557,Anwar,Reinhart,M,40000,9999-01-01
408662,Rildo,Erva,F,56111,9999-01-01
408571,Suebskul,Sinitsyn,M,40000,9999-01-01
408690,Vidya,Terekhov,M,40000,9999-01-01
408577,Ibibia,Schwabacher,F,61930,9999-01-01
408589,Chikako,Pietrzykowski,M,50843,9999-01-01
408591,Lorien,Pouyioutas,M,45804,9999-01-01
408592,Neelam,Itzigehl,F,51858,9999-01-01
408608,Hyuncheol,Skafidas,F,62590,9999-01-01
408704,Zissis,Randi,F,40000,9999-01-01
408613,Mart,Angelov,M,41770,9999-01-01
408621,Masaru,Jiang,F,98143,9999-01-01
408626,Jianhua,Swan,M,40000,9999-01-01
408629,Conor,Jayawardene,M,48916,9999-01-01
408712,Paddy,Perko,F,48857,9999-01-01
408644,Jaideep,Otillio,F,65966,9999-01-01
408721,Moss,Bottner,F,59907,9999-01-01
408731,Jeanne,Quadeer,M,52447,9999-01-01
408736,Junsik,Poehlman,F,70387,9999-01-01
408742,Janalee,Aumann,M,60498,9999-01-01
408842,Masami,Hartvigsen,M,40000,9999-01-01
408752,Kristinn,Teitelbaum,M,61148,9999-01-01
408861,Akeel,Moffat,F,40000,9999-01-01
408867,Renee,Gente,F,51047,9999-01-01
408868,Tuval,Milicic,M,82911,9999-01-01
408870,Duke,Molenkamp,M,47085,9999-01-01
408881,Christophe,Aloia,F,51437,9999-01-01
408886,Boguslaw,Erni,F,52637,9999-01-01
408904,Fabrizio,Karner,M,46781,9999-01-01
408914,Ennio,Delgrande,F,61751,9999-01-01
408922,Bernardo,Gulak,M,40306,9999-01-01
408938,Along,Klerer,M,40000,9999-01-01
408942,Martine,Brizzi,F,57108,9999-01-01
408948,Arve,Munoz,F,65774,9999-01-01
408956,Claudi,Zlotek,M,73448,9999-01-01
408959,Richard,Linnainmaa,M,69309,9999-01-01
408965,Thanasis,Penn,M,48374,9999-01-01
408967,Prasadram,Gomatam,F,40000,9999-01-01
408968,Mabhin,Isard,M,75811,9999-01-01
408763,Kerryn,Tzvieli,F,55877,9999-01-01
408971,Premal,Kilgore,F,72693,9999-01-01
408974,Jouko,Fasbender,M,52308,9999-01-01
408986,Yannik,Kilgour,M,40000,9999-01-01
408989,Huei,Heyers,M,43943,9999-01-01
408990,Weijing,Mikschl,M,40000,9999-01-01
408771,Chanjung,Munro,F,58929,9999-01-01
409001,Randi,Orlowski,M,54724,9999-01-01
408807,Hsiangchu,Tanemo,M,78639,9999-01-01
409011,Ramya,Morton,F,69833,9999-01-01
409017,Hinrich,Bultermann,M,40000,9999-01-01
408808,Nikolaos,Birrer,F,51247,9999-01-01
409028,Steve,Hebden,F,93209,9999-01-01
408814,Utz,Kropp,M,58502,9999-01-01
409035,Gad,Vadhan,M,51179,9999-01-01
409039,Sergi,Smeets,M,51810,9999-01-01
408818,Bingning,Coorg,M,40000,9999-01-01
409048,Keung,Carrere,M,43168,9999-01-01
408822,Baziley,Farrag,M,53647,9999-01-01
408825,Alair,Nitta,M,40000,9999-01-01
408834,Amstein,Ermel,M,47807,9999-01-01
409072,Vatsa,Kroha,F,43847,9999-01-01
409073,Rosella,Underwood,F,44203,9999-01-01
409236,Wilmer,Cannane,M,40000,9999-01-01
409087,Mahendra,Spataro,M,40000,9999-01-01
409100,Khatoun,Eastman,F,76120,9999-01-01
409105,Munenori,Kinley,M,40000,9999-01-01
409118,Elvia,Wilharm,F,40000,9999-01-01
409120,Panayotis,Sifakis,F,91847,9999-01-01
409121,Jaewon,Unno,M,52857,9999-01-01
409123,Abdelwaheb,Schaft,F,56643,9999-01-01
409139,Xuejia,Nourani,F,40000,9999-01-01
409256,Zine,Herbst,M,40836,9999-01-01
409145,Steve,Merey,F,57115,9999-01-01
409148,Wuxu,Auria,M,40000,9999-01-01
409153,Arie,Backhouse,M,80090,9999-01-01
409162,Nevio,Narwekar,M,51830,9999-01-01
409267,Zijian,Roisin,M,46653,9999-01-01
409188,Xianlong,Bonifati,M,40000,9999-01-01
409274,Jacqueline,Carrera,M,88329,9999-01-01
409196,Sudharsan,Kroll,M,40000,9999-01-01
409199,Shushma,Ballarin,F,57372,9999-01-01
409210,Satoru,Pouyioutas,M,40000,9999-01-01
409303,DeForest,Gulik,M,85315,9999-01-01
409305,Make,Curless,F,48501,9999-01-01
409399,Make,Auria,M,82731,9999-01-01
409321,Kiyotoshi,Isaac,F,46300,9999-01-01
409406,Mario,Thambidurai,M,60130,9999-01-01
409415,Chriss,Sommen,F,47180,9999-01-01
409431,Lijia,Kobuchi,M,60065,9999-01-01
409342,Kristian,Unni,F,42916,9999-01-01
409443,Perry,Hutter,F,45413,9999-01-01
409447,Zita,Vieth,F,40000,9999-01-01
409451,Sudhanshu,Eterovic,F,53168,9999-01-01
409454,Limsoon,Showalter,M,40000,9999-01-01
409365,Anestis,Deverell,M,40000,9999-01-01
409460,Aruna,Bojadziev,M,46837,9999-01-01
409481,Sakthirel,Brickell,M,53278,9999-01-01
409374,Vesna,Gischer,F,40000,9999-01-01
409490,Noritoshi,Selenyi,M,45663,9999-01-01
409385,Jolita,Speel,F,68017,9999-01-01
409517,Atilio,Nilsson,F,78863,9999-01-01
409518,Duangkaew,Nitto,M,61191,9999-01-01
409522,Gadiel,Cheshire,F,48092,9999-01-01
409527,Renny,Mukaidono,F,40000,9999-01-01
409584,Duke,Cooman,M,61796,9999-01-01
409544,Divine,Hegner,M,51297,9999-01-01
409551,Iara,Stentiford,M,86476,9999-01-01
409553,Minghong,Portugali,F,45181,9999-01-01
409557,Gila,Brendel,M,40000,9999-01-01
409559,Ibibia,Rosca,F,40000,9999-01-01
409561,Shigehito,Ullian,F,40000,9999-01-01
409562,Sachar,Luce,M,40000,9999-01-01
409563,Yongmin,Sidhu,F,59793,9999-01-01
409603,Oksana,Hiroyama,F,40000,9999-01-01
409574,Mani,Reghbati,M,40000,9999-01-01
409607,Qiwen,Woycyznski,F,58704,9999-01-01
409616,Augustine,Rosenbaum,M,40000,9999-01-01
409767,Maja,Ruther,M,57586,9999-01-01
409768,Goncalo,Glinert,M,51419,9999-01-01
409620,Pascal,Auyong,M,43575,9999-01-01
409777,Jenwei,Beerel,M,73984,9999-01-01
409781,Luisa,Ariola,M,75311,9999-01-01
409624,Erzsebet,Porotnikoff,M,59969,9999-01-01
409795,Gift,Callaway,M,64266,9999-01-01
409625,Serif,Lindenbaum,M,40000,9999-01-01
409626,Danny,Picci,M,46110,9999-01-01
409648,Kenton,Mukaidono,M,58835,9999-01-01
409819,Gaetan,Pellegrinelli,M,40000,9999-01-01
409822,Bedrich,Baik,M,40000,9999-01-01
409841,Dharmaraja,Brodal,M,61656,9999-01-01
409649,Heon,Kugler,M,60051,9999-01-01
409846,Kamran,Cherinka,M,55224,9999-01-01
409656,Oksana,Krychniak,M,40000,9999-01-01
409861,Yagil,Prochazka,M,44729,9999-01-01
409865,Woody,Ishibashi,F,40000,9999-01-01
409673,Otilia,Reistad,F,45441,9999-01-01
409873,Taiji,Dayana,F,51354,9999-01-01
409875,Suebskul,Raney,M,55589,9999-01-01
409880,Tesuya,Kavraki,M,74533,9999-01-01
409685,Hausi,Brandsma,F,43218,9999-01-01
409694,Chenye,Aloisi,M,89337,9999-01-01
409914,Achilleas,Ramsay,F,43849,9999-01-01
409918,Yinghua,Raney,M,64321,9999-01-01
409920,Maya,Hofman,M,40000,9999-01-01
409717,Xiaoqiu,Zyda,F,40952,9999-01-01
409935,Howell,Gronowski,F,40000,9999-01-01
409942,Izaskun,Navazio,M,69086,9999-01-01
409948,Gad,Daescu,M,40000,9999-01-01
409726,Kyoichi,Makrucki,M,40000,9999-01-01
409731,Djenana,Ranft,F,40000,9999-01-01
409954,Leif,Azulay,F,41401,9999-01-01
409738,Torsten,Hainaut,M,40000,9999-01-01
409959,Maha,Gecsei,M,52946,9999-01-01
409967,Duri,Miculan,F,47672,9999-01-01
409742,Constantijn,Aseltine,M,40000,9999-01-01
409751,Felicidad,Gluchowski,M,40000,9999-01-01
409983,Yinghua,Bach,M,69151,9999-01-01
409989,Xiaobin,Beerel,F,51407,9999-01-01
409995,Tomoyuki,Grospietsch,M,45207,9999-01-01
410007,Gererd,Mikschl,M,59713,9999-01-01
410009,Hausi,DuBourdieux,F,44076,9999-01-01
410011,Lunjin,Selvestrel,F,59790,9999-01-01
410029,Martins,Lung,M,63720,9999-01-01
410036,Augustine,Asrin,F,52019,9999-01-01
410043,Patricio,Mattern,M,42680,9999-01-01
410061,Bouchung,Chinin,M,49501,9999-01-01
410063,Bilhanan,Willoner,M,40000,9999-01-01
410065,Shooichi,Comyn,F,40000,9999-01-01
410087,Zhigen,Maraist,F,70720,9999-01-01
410091,Juichirou,Manderick,M,89944,9999-01-01
409761,Nahid,Brattka,F,64018,9999-01-01
410098,Duke,Baek,F,40000,9999-01-01
410106,Ger,Mungall,F,52672,9999-01-01
410108,Unal,Ratzlaff,M,40000,9999-01-01
410137,Seongbin,Murthy,M,41433,9999-01-01
410117,Fumiyo,Beausoleil,F,79540,9999-01-01
410124,Froduald,Veccia,F,53239,9999-01-01
410126,Mari,Shobatake,M,43040,9999-01-01
410148,Alagu,Stanger,M,55739,9999-01-01
410156,Takushi,Chappelet,M,40000,9999-01-01
410327,Volkmar,Puppe,M,40000,9999-01-01
410184,Sandeepan,Mondadori,F,60614,9999-01-01
410347,Marsja,Zschoche,M,43630,9999-01-01
410356,Yongqiao,Belinskaya,M,40000,9999-01-01
410359,Elgin,Lowrie,M,40000,9999-01-01
410360,Aral,Veeraraghavan,M,74946,9999-01-01
410365,Mayuko,Eldridge,F,51955,9999-01-01
410201,Hein,Prenel,M,40000,9999-01-01
410382,Masadi,Staelin,M,40000,9999-01-01
410205,Mrinalini,Ghazalie,M,48941,9999-01-01
410392,Troy,Karner,M,63827,9999-01-01
410216,Berthier,Thorensen,M,40000,9999-01-01
410248,Maria,Keustermans,F,52532,9999-01-01
410418,Adas,Dahlbom,M,60695,9999-01-01
410436,Uriel,Perfilyeva,M,40000,9999-01-01
410444,Khoa,Hasham,M,40000,9999-01-01
410255,Somnath,Anguita,M,76014,9999-01-01
410456,Uno,Dalton,M,40000,9999-01-01
410262,Tristan,Nergos,M,80849,9999-01-01
410265,Alper,Beausoleil,M,79893,9999-01-01
410479,Aron,Kadhim,M,40000,9999-01-01
410304,Gaurav,Encarnacion,M,51620,9999-01-01
410496,Jagoda,Denti,F,48602,9999-01-01
410503,Randi,Cappelletti,M,42106,9999-01-01
410505,Hongzhu,Yetto,F,40000,9999-01-01
410307,Aleksander,Simmen,F,67827,9999-01-01
410313,Maia,Chepyzhov,M,40000,9999-01-01
410514,Bernice,Compeau,F,40000,9999-01-01
410520,Ashish,Nittel,M,43416,9999-01-01
410320,Emdad,Luon,M,40000,9999-01-01
410525,Inderjeet,Shiratori,F,40000,9999-01-01
410527,Dayanand,Bharadwaj,F,51652,9999-01-01
410698,Nishit,Piazza,M,40000,9999-01-01
410553,Sanjay,Varman,M,60498,9999-01-01
410561,Vitaly,Kusalik,M,42606,9999-01-01
410563,Magy,Akazan,M,70811,9999-01-01
410706,Dhritiman,Dymetman,F,50258,9999-01-01
410708,Volkmar,Hartvigsen,F,40000,9999-01-01
410578,Oscar,Leivant,F,56262,9999-01-01
410581,Yannik,Oxenboll,F,40000,9999-01-01
410720,Akeno,Pargas,M,51928,9999-01-01
410594,Yannik,Stille,M,56702,9999-01-01
410599,Rajmohan,Janetzko,F,51659,9999-01-01
410721,Weiye,Schoegge,M,72403,9999-01-01
410733,Gill,Passafiume,M,65914,9999-01-01
410609,Kannan,Scallan,M,48726,9999-01-01
410618,Boutros,McConalogue,F,54464,9999-01-01
410744,Murthy,Papsdorf,F,59276,9999-01-01
410638,Baoqiu,Lieberherr,F,55978,9999-01-01
410758,Yoshimitsu,Snyers,M,40000,9999-01-01
410657,Shaunak,Versino,F,40000,9999-01-01
410660,Chinhyun,Rusmann,M,61244,9999-01-01
410668,Yishay,McDermid,M,68138,9999-01-01
410763,Zhigen,Krohn,M,57440,9999-01-01
410685,Sreekrishna,Beetstra,M,64857,9999-01-01
410767,Charlene,Halevi,M,53976,9999-01-01
410775,Luerbio,Thebaut,M,90376,9999-01-01
410794,Sangeeta,Cyne,F,41253,9999-01-01
410883,Supot,Peak,M,40000,9999-01-01
410887,Nagui,Stassinopoulos,F,40000,9999-01-01
410890,Mads,Gelosh,F,62480,9999-01-01
410893,Fusako,Schlumberger,F,40000,9999-01-01
410795,Kaijung,Plessier,M,70009,9999-01-01
410798,Fumiyo,Plumb,M,51953,9999-01-01
410902,Masaki,Perng,M,40000,9999-01-01
410799,Paddy,Bernick,F,40000,9999-01-01
410813,Eckart,Monarch,M,63663,9999-01-01
410934,Lihong,Asrin,M,40000,9999-01-01
410817,Shay,Tasistro,M,53920,9999-01-01
410936,Shaunak,Christ,F,52328,9999-01-01
410938,Kensyu,Borstler,F,84859,9999-01-01
410824,Satosi,Warwick,F,103671,9999-01-01
410948,Barun,Engelmann,F,54943,9999-01-01
410957,Bernd,Malabarba,M,55417,9999-01-01
410856,Nishit,Glowinski,M,50559,9999-01-01
410966,Juichirou,Cooman,M,71754,9999-01-01
410990,Jayesh,Mahnke,M,46232,9999-01-01
410857,Anestis,Lamba,M,74970,9999-01-01
410862,Shigenori,Shobatake,M,42257,9999-01-01
411078,Georg,Morton,M,40000,9999-01-01
411024,Bowen,Syrzycki,F,61803,9999-01-01
411030,Slavian,Kulisch,F,40000,9999-01-01
411036,Florina,Hofstetter,M,57976,9999-01-01
411041,Aiichiro,Joslin,F,47851,9999-01-01
411055,Pragnesh,Yurek,M,54867,9999-01-01
411081,Zeydy,Selvestrel,F,58546,9999-01-01
411091,Aloys,Domenig,M,40000,9999-01-01
411252,Gaetan,Stafford,F,61195,9999-01-01
411255,George,Lores,F,40000,9999-01-01
411103,Muzhong,Uchoa,F,42130,9999-01-01
411267,Nalini,Naudin,F,60591,9999-01-01
411128,Srinidhi,Swist,M,40000,9999-01-01
411284,Perry,Lubachevsky,F,67085,9999-01-01
411290,Turgut,Fabrizio,M,42119,9999-01-01
411302,George,Negoita,F,40000,9999-01-01
411317,Kauko,Werthner,M,40771,9999-01-01
411319,Munenori,Desikan,F,40000,9999-01-01
411137,Nadjib,Levasseur,M,40000,9999-01-01
411328,Alejandra,Szilard,F,48513,9999-01-01
411330,Gennady,Akaboshi,F,50959,9999-01-01
411139,Muneo,Sevcikova,M,67589,9999-01-01
411149,Mads,Matzke,F,77952,9999-01-01
411348,Georgi,Falster,M,40000,9999-01-01
411152,Teruyuki,Schahn,F,40159,9999-01-01
411155,Ult,Kavanagh,F,40000,9999-01-01
411377,Arto,Junet,M,71801,9999-01-01
411378,Remco,Berztiss,M,52820,9999-01-01
411384,Christoper,Sidou,M,40000,9999-01-01
411160,Rafols,Barinka,M,84020,9999-01-01
411390,Masako,Jullig,M,40000,9999-01-01
411412,Hairong,Schaar,M,42348,9999-01-01
411423,Mohua,Passafiume,M,73831,9999-01-01
411424,Uta,Janocha,F,40000,9999-01-01
411437,Zhilian,Kriebel,M,40000,9999-01-01
411439,Petter,Petereit,M,40000,9999-01-01
411447,Brewster,Bernick,M,40000,9999-01-01
411463,Subhankar,Zallocco,F,51427,9999-01-01
411177,Goa,Gien,F,40000,9999-01-01
411482,Shaunak,Petersohn,M,40000,9999-01-01
411484,Arvin,Bain,M,50314,9999-01-01
411492,Seongbae,Wroclawski,M,67803,9999-01-01
411195,Xinan,Hertweck,M,72886,9999-01-01
411504,Karsten,Rassart,F,42150,9999-01-01
411505,Martijn,Ranft,F,55268,9999-01-01
411512,Mats,Cappelli,F,61237,9999-01-01
411222,Yechezkel,Kakkad,M,41341,9999-01-01
411544,Byong,Legleitner,M,71666,9999-01-01
411545,Pranav,Sadowsky,F,40000,9999-01-01
411555,Giri,Dayang,M,40000,9999-01-01
411234,JoAnne,Sessa,M,40000,9999-01-01
411573,Ymte,Casley,M,60800,9999-01-01
411238,Yolla,Grandbois,F,40000,9999-01-01
411587,Spyrose,Kambil,M,40000,9999-01-01
411623,Heon,Peron,M,40000,9999-01-01
411615,Guther,Karlin,M,55275,9999-01-01
411626,Georg,Angiulli,M,40000,9999-01-01
411643,Kankanahalli,Billawala,M,72615,9999-01-01
411644,Yonghoan,Collette,M,64256,9999-01-01
411813,Premal,Hammerschmidt,M,61444,9999-01-01
411653,Mani,Parhami,M,58552,9999-01-01
411820,Nathan,Benantar,F,40000,9999-01-01
411654,Shahid,Swick,F,48638,9999-01-01
411834,Fusako,Beetstra,F,71136,9999-01-01
411655,Nahum,Valette,F,54786,9999-01-01
411838,Laurentiu,Jeansoulin,M,49581,9999-01-01
411665,Martine,Pepe,M,40000,9999-01-01
411848,Kenroku,Cunliffe,F,46001,9999-01-01
411851,Parke,Deville,F,52661,9999-01-01
411858,Weiye,Baaz,M,72121,9999-01-01
411863,Eberhardt,Dratva,M,67845,9999-01-01
411676,Arie,Kroft,F,40000,9999-01-01
411869,Serenella,Sherertz,F,79059,9999-01-01
411879,Amstein,Kulisch,M,54872,9999-01-01
411684,Mara,Ravishankar,M,52623,9999-01-01
411882,Youjian,Akazan,M,40000,9999-01-01
411891,Karsten,Beeson,F,40000,9999-01-01
411896,Uma,Muhlberg,F,40000,9999-01-01
411897,Suebskul,Wilharm,M,67017,9999-01-01
411900,Mari,Wynblatt,M,93358,9999-01-01
411696,Arfst,Mateescu,F,40000,9999-01-01
411905,Basim,Cronin,F,63770,9999-01-01
411908,Leaf,Fadgyas,M,64039,9999-01-01
411715,Ranga,Pileggi,M,51856,9999-01-01
411921,Sadun,Buescher,M,41751,9999-01-01
411928,JiYoung,Bain,M,40000,9999-01-01
411946,Youpyo,Lampe,M,40000,9999-01-01
411719,Fumino,Sambasivam,M,45626,9999-01-01
411950,Maris,Emmerich,F,49921,9999-01-01
411734,Tse,Krychniak,F,71264,9999-01-01
411962,Tooru,Murillo,M,72868,9999-01-01
411971,Sugwoo,Magalhaes,F,40000,9999-01-01
411752,Remko,Nitsche,M,40000,9999-01-01
411759,Prasadram,Biros,M,40000,9999-01-01
411990,Luigi,Renear,M,112709,9999-01-01
411994,Lihong,Czap,M,40000,9999-01-01
411766,Kinh,Peac,F,50201,9999-01-01
412008,Irene,Bach,M,52759,9999-01-01
412010,Taegyun,Pietrzykowski,F,52970,9999-01-01
412012,Mara,Anandan,F,70434,9999-01-01
411767,Patricia,Beeson,F,53390,9999-01-01
412014,Shaowei,Brobst,M,48063,9999-01-01
411774,Tremaine,Vitiello,M,46366,9999-01-01
411784,Leandro,Katalagarianos,M,40000,9999-01-01
412041,Shen,Kalefeld,F,40000,9999-01-01
412043,Sajjan,Androutsos,F,40000,9999-01-01
412050,Marie,Malabarba,M,66758,9999-01-01
412052,Rajmohan,Deville,M,40000,9999-01-01
411794,Amabile,Kakkar,M,40000,9999-01-01
412070,Khalil,Polajnar,M,40000,9999-01-01
411797,Josyula,Bondorf,M,50974,9999-01-01
412183,Gou,Zyda,F,53637,9999-01-01
412081,Tooru,Murthy,F,58299,9999-01-01
412093,Avishai,Engelmann,M,91917,9999-01-01
412101,Hauke,Karlin,M,40000,9999-01-01
412105,Teiji,Siksek,F,68574,9999-01-01
412109,Tadanori,Naumovich,M,40000,9999-01-01
412118,Emran,Marchesini,M,47659,9999-01-01
412195,Honglan,Cappelletti,F,70563,9999-01-01
412125,Neelam,Asmuth,M,40000,9999-01-01
412129,Sanjeeva,Fortenbacher,M,40000,9999-01-01
412133,Moti,Penttonen,M,40554,9999-01-01
412141,Arun,Bernick,M,79707,9999-01-01
412243,Sarita,Gammage,M,67266,9999-01-01
412155,Kwok,Hiraishi,F,66439,9999-01-01
412164,Slavian,Merro,F,119939,9999-01-01
412166,Vesna,Hitomi,F,82821,9999-01-01
412167,Margo,Validov,M,53001,9999-01-01
412282,Nitsan,Cromarty,M,54292,9999-01-01
412368,Duangkaew,Garrabrants,F,42153,9999-01-01
412371,Elzbieta,Delgrossi,F,67197,9999-01-01
412388,Garnet,Kavvadias,M,49594,9999-01-01
412393,Phillip,Bernardinello,M,50374,9999-01-01
412403,Mingdong,Angot,M,48797,9999-01-01
412289,Golgen,Lorcy,M,76562,9999-01-01
412412,Lijia,Lamba,M,40000,9999-01-01
412413,Alexius,Hasham,M,40000,9999-01-01
412295,Bezalel,Scharstein,F,54686,9999-01-01
412303,Sanjai,Kusakari,M,88490,9999-01-01
412431,Ranan,Ghalwash,M,52927,9999-01-01
412441,Billur,Rassart,F,55202,9999-01-01
412444,Gio,Fritzsche,M,53835,9999-01-01
412304,Tiina,Khamsi,F,42857,9999-01-01
412454,Dmitri,Fraisse,F,60835,9999-01-01
412308,Chiradeep,Zhiwei,M,40000,9999-01-01
412459,Iara,Stroustrup,F,61752,9999-01-01
412319,Kazuhito,Ibel,M,72938,9999-01-01
412479,Bangqing,Talmon,M,40000,9999-01-01
412324,Abdulla,Tokunaga,M,40000,9999-01-01
412498,Otmar,Woycyznski,M,50023,9999-01-01
412327,Zine,England,F,40000,9999-01-01
412332,Eirik,Basagni,M,46556,9999-01-01
412516,Lenore,Alameldin,M,56496,9999-01-01
412520,Moon,Thiran,M,61363,9999-01-01
412525,Flemming,Siegrist,M,44321,9999-01-01
412529,Kayoko,Rotem,F,47112,9999-01-01
412340,Alain,Litecky,M,40000,9999-01-01
412349,Masadi,Rodiger,M,40000,9999-01-01
412350,Felicidad,Chiola,M,40000,9999-01-01
412732,Goetz,Marquardt,F,64271,9999-01-01
412547,Ulises,Facello,M,81594,9999-01-01
412550,Pramod,Schoegge,F,50638,9999-01-01
412560,Mari,Barinka,M,93313,9999-01-01
412574,Yechiam,Panienski,M,40000,9999-01-01
412737,Pantung,Beilner,F,60084,9999-01-01
412592,Takahiro,Luit,F,40000,9999-01-01
412595,Rasikan,Pearson,M,41246,9999-01-01
412602,Kasidit,Akiyama,F,40714,9999-01-01
412605,Gretta,Hiraishi,M,40000,9999-01-01
412621,Bouchung,Lamparter,M,40000,9999-01-01
412631,Gian,Tetzlaff,M,40000,9999-01-01
412644,Gritta,Kropatsch,F,56090,9999-01-01
412649,Leen,McFarlin,M,40000,9999-01-01
412655,Yuqun,Gniady,F,60262,9999-01-01
412660,Leandro,Peral,M,58385,9999-01-01
412661,Utpal,Melichar,M,69002,9999-01-01
412667,Kaijung,Mapelli,M,47937,9999-01-01
412675,Ortrun,Kobara,M,40261,9999-01-01
412702,Tran,Parhami,M,57743,9999-01-01
412705,Rosella,Rohrbach,F,40000,9999-01-01
412912,Dmitry,Rousseau,F,40000,9999-01-01
412927,Marie,Yemenis,M,46916,9999-01-01
412942,Gian,Percebois,M,40000,9999-01-01
412943,Siddarth,Hanabata,M,65240,9999-01-01
412949,Falguni,Plotkin,F,55408,9999-01-01
412950,Garnik,Ouhyoung,M,63121,9999-01-01
412951,Paris,Barriga,F,58625,9999-01-01
412974,Conor,Wursthorn,M,40000,9999-01-01
412980,Mariangiola,Verspoor,M,40000,9999-01-01
412988,Odysseas,Fendler,F,62893,9999-01-01
412997,Baocai,Samarati,F,40000,9999-01-01
413001,Nitsan,Monkewich,M,92449,9999-01-01
413003,Yifei,Heyers,F,40000,9999-01-01
413020,Luigi,Falby,F,40000,9999-01-01
413025,Brigham,Marakhovsky,F,42068,9999-01-01
413032,Iara,Spelt,M,41692,9999-01-01
413039,Diederik,Vesel,F,57890,9999-01-01
413052,Martial,England,M,88569,9999-01-01
413066,Rayond,Neimat,F,44742,9999-01-01
413067,Monique,Basagni,M,40000,9999-01-01
413079,Hugh,Clemencon,F,40000,9999-01-01
413083,Saeko,Gubsky,M,40000,9999-01-01
413112,Yongmin,Kroha,M,40000,9999-01-01
413115,Georgy,Cooke,F,50712,9999-01-01
413118,Becky,Thiria,M,62860,9999-01-01
413134,Sachem,Denos,M,41670,9999-01-01
413140,Vincent,Demian,M,40000,9999-01-01
413141,Masamitsu,Erdi,F,40000,9999-01-01
412747,Vishv,Cesareni,M,57282,9999-01-01
413144,Changho,Spinelli,F,46272,9999-01-01
413146,Yifei,Peot,M,40000,9999-01-01
413154,Patricio,McDermid,M,40000,9999-01-01
413160,Tadanori,Felcyn,F,94214,9999-01-01
413162,Turgut,Merks,M,60139,9999-01-01
413166,Koldo,Salverda,M,61714,9999-01-01
413169,Adin,Kropp,M,55624,9999-01-01
412789,Shooichi,Morris,F,42603,9999-01-01
413184,Moon,Asmuth,M,77938,9999-01-01
413186,Patricia,Kugler,M,40000,9999-01-01
413195,Sachin,Halloran,F,58556,9999-01-01
413217,Phule,Waschkowski,F,48714,9999-01-01
412795,Poornachandra,Conry,F,55873,9999-01-01
413228,Toshimitsu,Luce,M,46234,9999-01-01
412800,Goetz,Peha,M,54810,9999-01-01
412802,Fox,Ghemri,F,50529,9999-01-01
412806,Tianruo,Wynblatt,M,40000,9999-01-01
413251,Eckart,Radwan,F,40000,9999-01-01
413253,Alselm,Daescu,M,51928,9999-01-01
412817,Niclas,Garnier,F,40000,9999-01-01
413266,Gonzalo,Baar,F,49859,9999-01-01
413272,Xianlong,Comellas,M,53367,9999-01-01
413276,Bikash,Stamatiou,M,40000,9999-01-01
412818,Wonhee,Marchesini,M,59409,9999-01-01
413278,Utz,Felder,M,40000,9999-01-01
412828,Utpal,Passafiume,M,40000,9999-01-01
412836,Huican,Montemayor,F,40000,9999-01-01
413283,Sampalli,Bednarek,M,49249,9999-01-01
412869,Miomir,Chinin,F,41473,9999-01-01
413288,Kenton,Ramras,M,59684,9999-01-01
413297,Bernt,Schade,F,50156,9999-01-01
413304,Iara,Cronau,F,47420,9999-01-01
412884,Nathan,Selenyi,M,40000,9999-01-01
413333,Martijn,Spell,F,69328,9999-01-01
413336,Toshimo,Barriga,M,40000,9999-01-01
413337,Moty,Schaft,M,93508,9999-01-01
412892,Paloma,Kalorkoti,M,53917,9999-01-01
412904,Murthy,Schach,F,40000,9999-01-01
413380,Steen,Azumi,M,42381,9999-01-01
413389,Hyuckchul,Randi,F,40000,9999-01-01
412906,Masadi,Heystek,M,66709,9999-01-01
413393,Remco,Biros,F,43984,9999-01-01
413396,Arumugam,Ullian,M,47445,9999-01-01
413400,Almudena,Fendler,F,44432,9999-01-01
413468,Kristina,Czaja,F,40000,9999-01-01
413406,Elrique,Molberg,M,40000,9999-01-01
413410,Yongmao,Matzen,M,40000,9999-01-01
413420,Jeong,Lamba,M,40000,9999-01-01
413427,Kauko,Luce,F,40000,9999-01-01
413431,Moss,Denis,M,40304,9999-01-01
413469,Jouko,Einsfeld,M,40000,9999-01-01
413441,Fumiko,Koshiba,F,50256,9999-01-01
413478,Martijn,Kossowski,F,40000,9999-01-01
413454,Haldon,Einsfeld,M,62681,9999-01-01
413480,Mang,Peac,M,45013,9999-01-01
413496,Naftaly,Acton,F,92944,9999-01-01
413501,Visit,Hartvigsen,F,58617,9999-01-01
413502,Masamitsu,Danecki,F,40000,9999-01-01
413665,Tzu,Shumilov,M,45381,9999-01-01
413668,Kwangyoen,Vuskovic,F,67453,9999-01-01
413504,Flemming,Dayana,M,40000,9999-01-01
413671,Aral,Moehrke,F,78073,9999-01-01
413674,Przemyslawa,Plotkin,M,44540,9999-01-01
413542,Elvis,Hebert,M,40000,9999-01-01
413686,Youngkon,Oskamp,F,44614,9999-01-01
413690,Alejandro,Radwan,F,40000,9999-01-01
413708,Arnould,Krzyzanowski,M,47420,9999-01-01
413717,Gino,Cusworth,M,43563,9999-01-01
413719,Shigenori,Orsini,M,40000,9999-01-01
413544,Arie,Douceur,M,40000,9999-01-01
413566,Teunis,Massonet,M,40000,9999-01-01
413739,Ohad,Pouyioutas,F,40000,9999-01-01
413755,Serap,Munke,M,40000,9999-01-01
413574,Yurij,Kampfer,M,56533,9999-01-01
413767,Yuuichi,Merlo,M,49949,9999-01-01
413576,Susumu,Luce,M,52898,9999-01-01
413774,Jacqueline,Butterworth,M,44634,9999-01-01
413775,Kensyu,Heuser,F,40000,9999-01-01
413583,Sachio,Ritcey,M,40000,9999-01-01
413791,Jiong,Zaumen,M,60814,9999-01-01
413797,Tesuya,Perfilyeva,F,40000,9999-01-01
413594,Shietung,Kakkar,M,44389,9999-01-01
413801,Francesca,Beeson,F,40000,9999-01-01
413598,Boriana,Lunn,F,66822,9999-01-01
413825,Divine,Ertl,F,43622,9999-01-01
413603,Vincent,Ohori,M,40000,9999-01-01
413833,Kannan,Krupka,F,71650,9999-01-01
413608,Mantis,Serra,M,57042,9999-01-01
413611,Vasiliy,Granlund,M,42771,9999-01-01
413624,Rayond,Simmel,F,52061,9999-01-01
413836,Hironobu,Collette,F,52194,9999-01-01
413855,Marit,Sooriamurthi,M,58248,9999-01-01
413876,Tianruo,Birrer,F,40000,9999-01-01
413888,Spyrose,Ranze,F,68273,9999-01-01
413905,Piyawadee,Gelosh,M,55848,9999-01-01
413911,Siamak,Karlin,M,65383,9999-01-01
413914,Rajmohan,Covnot,F,40000,9999-01-01
413916,Freyja,Luks,F,59013,9999-01-01
413919,Shushma,Nergos,M,75168,9999-01-01
413927,Erez,Ressouche,F,58189,9999-01-01
413930,Gil,Ferriere,M,54945,9999-01-01
413941,Perla,Beetstra,M,55992,9999-01-01
413955,Ger,Mansanne,M,59317,9999-01-01
413966,Weiwu,Demian,F,68342,9999-01-01
413976,Erez,Kalloufi,F,40670,9999-01-01
413985,Neelam,Coombs,F,52233,9999-01-01
413986,Nechama,Rassart,F,68230,9999-01-01
413988,Elrique,Openshaw,M,40000,9999-01-01
414006,Hongzue,Mikschl,M,45603,9999-01-01
414012,Ashish,Speckmann,M,57250,9999-01-01
414044,Padma,Pillow,M,47049,9999-01-01
414054,Yongdong,Suppi,F,40039,9999-01-01
414086,Van,Marrakchi,M,56459,9999-01-01
414088,Khun,Marakhovsky,M,97912,9999-01-01
414097,Piyawadee,Krychniak,F,40000,9999-01-01
414099,Sadok,Alpin,F,40000,9999-01-01
414129,Kristof,Speer,F,40000,9999-01-01
414130,Etsuo,Gyimothy,M,42938,9999-01-01
414131,Taisook,Neiman,F,63909,9999-01-01
414134,Maja,Molberg,F,40000,9999-01-01
414140,Leucio,Vickson,F,72994,9999-01-01
414142,Xinglin,Chenney,F,40000,9999-01-01
414147,Jianwen,Matzat,M,40000,9999-01-01
414155,Doowon,Nitsch,M,40000,9999-01-01
414171,Pintsang,Siksek,M,69878,9999-01-01
414173,Gina,Jonsson,M,73668,9999-01-01
414177,Hideo,Schrooten,M,40000,9999-01-01
414180,Kinh,Dengi,M,89633,9999-01-01
414188,Taizo,Juneja,M,76646,9999-01-01
413631,Yinlin,Kemmerer,M,56157,9999-01-01
414198,Saniya,Kieras,F,40000,9999-01-01
413642,Elliott,Bergere,M,75634,9999-01-01
413644,Hatsukazu,Picht,M,62702,9999-01-01
414206,Yonghong,Picci,M,53810,9999-01-01
414208,Mingsen,Steenbeek,M,47817,9999-01-01
414211,Jaewoo,Pelc,F,40000,9999-01-01
413650,Yuichiro,Koyama,M,63028,9999-01-01
414218,Shugo,Kusakari,M,40000,9999-01-01
414409,Boguslaw,Maksimenko,F,72367,9999-01-01
414245,Domenico,Krupka,M,60731,9999-01-01
414246,Amstein,Unno,M,40000,9999-01-01
414247,Jixiang,Thisen,M,56727,9999-01-01
414252,Sedat,Pouyioutas,F,56528,9999-01-01
414255,Mats,Spelt,F,73687,9999-01-01
414256,Rosalie,Nannarelli,F,57164,9999-01-01
414261,Mahmut,Guting,M,73558,9999-01-01
414265,Shigeichiro,Cunliffe,F,40000,9999-01-01
414269,Jamaludin,Flowers,M,51323,9999-01-01
414421,Shai,Griswold,M,69421,9999-01-01
414282,Cristinel,Uehara,F,52268,9999-01-01
414286,Remmert,Stiles,M,65165,9999-01-01
414442,Jiafu,Ashish,M,57184,9999-01-01
414326,Magdalena,Percebois,M,44586,9999-01-01
414466,Sastry,Chinal,M,55599,9999-01-01
414347,Seshu,Baez,M,40000,9999-01-01
414472,Alassane,Roisin,M,52081,9999-01-01
414355,Subhankar,Przulj,F,76934,9999-01-01
414356,Gurbir,Cooley,M,62823,9999-01-01
414361,Uzi,Kaelbling,M,40000,9999-01-01
414475,Caolyn,Marrakchi,M,40000,9999-01-01
414482,Maya,Baalen,M,85041,9999-01-01
414378,Malu,Sinicrope,F,42746,9999-01-01
414486,Chinya,Jayawardene,F,56857,9999-01-01
414492,Emdad,Azevdeo,M,40906,9999-01-01
414501,Arto,Kobara,M,40000,9999-01-01
414508,Yonghoan,Rosaz,M,43884,9999-01-01
414510,Zhonghui,Maksimenko,M,40000,9999-01-01
414601,Mohammed,Kranzdorf,F,49013,9999-01-01
414515,Nishit,Reinhard,F,40000,9999-01-01
414604,Pranjal,Snedden,F,41452,9999-01-01
414608,Pranjal,Undy,F,73018,9999-01-01
414527,Tetsushi,Boudaillier,M,56883,9999-01-01
414631,Theirry,Maliniak,M,52285,9999-01-01
414566,Aiman,Khalil,F,44459,9999-01-01
414642,Bartek,Huttel,F,40000,9999-01-01
414643,Flemming,Neiman,M,60183,9999-01-01
414645,Mingzeng,Boguraev,F,79289,9999-01-01
414655,Constantino,Taubman,M,52343,9999-01-01
414666,Fai,Alpay,M,51501,9999-01-01
414667,Vidya,Stavenow,F,40000,9999-01-01
414670,Udi,Dulin,M,40000,9999-01-01
414674,Guozhong,Stemann,M,40000,9999-01-01
414678,Elrique,Malabarba,M,40000,9999-01-01
414765,Elgin,Ghazalie,M,49310,9999-01-01
414693,Richard,Shobatake,M,40023,9999-01-01
414708,Gift,Wielonsky,M,40000,9999-01-01
414721,Shigeu,Kieras,M,74669,9999-01-01
414770,Kwee,Oberman,F,43293,9999-01-01
414724,Phuoc,Bottner,M,55847,9999-01-01
414727,Rimli,Weisert,M,50171,9999-01-01
414771,Srinidhi,Gimarc,M,40000,9999-01-01
414735,Mitsuyuki,Rosen,F,71931,9999-01-01
414739,Yuguang,Veldwijk,M,43797,9999-01-01
414740,Mingsen,Snedden,F,54802,9999-01-01
414741,Branimir,Hasham,F,57544,9999-01-01
414772,Fumiya,Raney,M,40000,9999-01-01
414750,Gaetan,Tyugu,M,63677,9999-01-01
414780,Xiaobin,Strehl,F,59090,9999-01-01
414759,Siamak,Oxman,M,83189,9999-01-01
414786,Guiseppe,Furedi,F,52592,9999-01-01
414791,Junichi,Litzler,M,42066,9999-01-01
414841,Wuxu,Smeets,M,51950,9999-01-01
414959,Tristan,Birta,F,41190,9999-01-01
414962,Hilari,Denny,M,48994,9999-01-01
414973,Fei,Gips,F,87205,9999-01-01
414978,Sorina,Jiafu,F,40000,9999-01-01
414993,Guiseppe,DasSarma,F,46830,9999-01-01
414995,Pranas,Boyle,M,51672,9999-01-01
414844,Genevieve,Stroustrup,M,40000,9999-01-01
415015,Anyuan,Pokrovskii,M,40000,9999-01-01
414847,Edwin,Kabayashi,F,46319,9999-01-01
415029,Masaki,Butner,F,58809,9999-01-01
415030,Bouchung,Belinskaya,F,40000,9999-01-01
414868,Vincent,Felder,M,40000,9999-01-01
415031,Jiang,Lakshmanan,F,76258,9999-01-01
415032,Sarita,Kropf,F,40000,9999-01-01
415043,Zhenhua,Hopewell,M,40000,9999-01-01
415055,Shim,Sherertz,M,64507,9999-01-01
414871,Chanjung,Glowinski,M,65178,9999-01-01
414903,Jeanna,Iisaka,M,40000,9999-01-01
415093,Shigeu,Juneja,M,40000,9999-01-01
415100,Armond,Antonakopoulos,F,40000,9999-01-01
414904,Miyeon,Ghalwash,M,73430,9999-01-01
414911,Toshiki,Gimbel,M,60907,9999-01-01
415117,Sudhanshu,Gente,M,70796,9999-01-01
415123,Fatemeh,Fontet,M,40000,9999-01-01
415124,Sugwoo,Dalphin,F,40000,9999-01-01
415134,Conal,Minakawa,F,40000,9999-01-01
415152,Jongsuk,Danecki,M,78674,9999-01-01
415157,Insup,Ananiadou,M,55091,9999-01-01
415186,Yechiam,Lyonns,F,40894,9999-01-01
414917,Chikara,Delgrange,M,46544,9999-01-01
415204,Sachem,Kaltofen,M,42759,9999-01-01
415206,Takahiro,Heyers,F,53159,9999-01-01
415212,Mototsugu,Highland,F,45874,9999-01-01
415320,Mingzeng,Mullainathan,M,40000,9999-01-01
415224,Rutger,Syrotiuk,M,40000,9999-01-01
415242,Moni,Broomell,M,85859,9999-01-01
415251,Domenick,Noriega,M,46929,9999-01-01
415343,Lobel,Marchegay,F,54088,9999-01-01
415282,Frazer,Alpay,F,40000,9999-01-01
415288,Howell,Raczkowsky,M,40000,9999-01-01
415356,Mostafa,Hofting,M,61105,9999-01-01
415295,Tran,Katalagarianos,F,87112,9999-01-01
415365,Dipankar,Negoita,F,89577,9999-01-01
415312,Mara,Penn,M,55371,9999-01-01
415367,Adam,Esposito,M,49243,9999-01-01
415374,Shushma,Hofting,M,55370,9999-01-01
415375,Xinyu,Sgarro,M,79544,9999-01-01
415403,Uri,Masand,M,60929,9999-01-01
415505,Premal,Hambrick,M,48711,9999-01-01
415512,Marin,Sifakis,M,40421,9999-01-01
415518,Jinpo,Nicolson,M,40000,9999-01-01
415523,Neelam,Luef,F,57697,9999-01-01
415527,Leon,Melski,F,40000,9999-01-01
415535,Teruyuki,Randi,F,40000,9999-01-01
415404,Zhongwei,Gonthier,M,40000,9999-01-01
415539,Luerbio,Collette,F,48216,9999-01-01
415423,Murthy,Sethi,F,78788,9999-01-01
415543,Chiranjit,Karnin,M,65860,9999-01-01
415554,Goh,Panienski,F,68727,9999-01-01
415555,Yuchang,Bala,F,41810,9999-01-01
415558,Gurbir,Argence,F,65393,9999-01-01
415559,Ute,Mitsuhashi,M,40000,9999-01-01
415425,Srinidhi,Deverell,F,40000,9999-01-01
415572,Elvia,Lampe,M,40000,9999-01-01
415574,Adas,Gimbel,F,40164,9999-01-01
415577,Magdalena,Kumaresan,F,40000,9999-01-01
415578,Nevin,Setia,M,53641,9999-01-01
415431,Willard,Manders,M,41221,9999-01-01
415442,Udaiprakash,Passino,M,59582,9999-01-01
415592,Erzsebet,Chepyzhov,F,44023,9999-01-01
415593,Wojceich,Sridhar,M,40000,9999-01-01
415606,Hiroyasu,Khamsi,F,40000,9999-01-01
415448,Shih,Wossner,M,42515,9999-01-01
415615,Elvia,Bisiani,M,40000,9999-01-01
415455,Kiyomitsu,Rosiles,F,61623,9999-01-01
415633,Eirik,Baaleh,M,40000,9999-01-01
415458,Dekang,Ponthieu,F,66005,9999-01-01
415468,Danny,Ciolek,M,53172,9999-01-01
415651,Zsolt,Klyachko,M,40000,9999-01-01
415659,Jouko,Gelosh,M,43596,9999-01-01
415477,Serap,Cronau,F,69327,9999-01-01
415661,Fen,Schiper,M,44961,9999-01-01
415672,Chenye,Danlos,M,61847,9999-01-01
415481,Branimir,Ulupinar,M,58250,9999-01-01
415486,Shahar,Comyn,M,84527,9999-01-01
415490,Huican,Paciorek,M,40000,9999-01-01
415495,Kiam,Luef,F,40000,9999-01-01
415496,Gritta,Awdeh,F,40621,9999-01-01
415696,Ute,Hofstetter,F,43466,9999-01-01
415890,Zhonghui,Melski,F,52124,9999-01-01
415703,Martina,Axelband,F,40000,9999-01-01
415716,Yucai,Ciolek,F,45642,9999-01-01
415726,Mingdong,Spelt,M,63761,9999-01-01
415728,Urs,Erev,M,40000,9999-01-01
415731,Uta,Aloisi,M,40000,9999-01-01
415741,Anneli,Suwa,M,64261,9999-01-01
415899,Valery,Michaeli,F,42333,9999-01-01
415749,Ravishankar,Nittel,F,70972,9999-01-01
415902,Barun,Radwan,F,40000,9999-01-01
415904,Howell,Matzov,M,40000,9999-01-01
415770,Shigenori,Murrill,F,40000,9999-01-01
415773,Martien,Hartvigsen,F,94814,9999-01-01
415912,Gadiel,Begiun,M,67977,9999-01-01
415783,Menkae,Puppe,M,46965,9999-01-01
415791,Sergi,Polupanov,F,40000,9999-01-01
415920,Kensyu,Biros,F,66295,9999-01-01
415796,Rance,Foote,F,54890,9999-01-01
415800,Otilia,Bratsberg,M,65418,9999-01-01
415921,Fayez,Lambe,F,40000,9999-01-01
415807,Adamantios,Encarnacion,M,59863,9999-01-01
415924,Eran,Moehrke,M,48216,9999-01-01
415817,Wonhee,Hutter,F,84268,9999-01-01
415818,Aron,Rando,M,83335,9999-01-01
415828,Vishv,Feldhoffer,F,50264,9999-01-01
415944,Kwangsub,Cairo,F,66490,9999-01-01
415838,Tianruo,Emiris,M,40000,9999-01-01
415859,Leon,Gonthier,F,40963,9999-01-01
415861,Marla,Dalton,M,40000,9999-01-01
415968,Serif,Griswold,M,54890,9999-01-01
415865,Beshir,Fujisawa,M,44474,9999-01-01
415867,Shuji,Erev,M,40000,9999-01-01
415978,Susanta,Tsukuda,M,45215,9999-01-01
415980,Charmane,Marrakchi,M,67614,9999-01-01
416067,Moon,Teitelbaum,F,40000,9999-01-01
415994,Qunsheng,Flanders,F,40000,9999-01-01
416070,Sanjeeva,Angelov,F,46584,9999-01-01
416072,Sungwon,Bednarek,M,57057,9999-01-01
416076,Kenton,Junet,F,55123,9999-01-01
416096,Nobuyoshi,Ginneken,M,47236,9999-01-01
416001,Zeljko,Leonhardt,M,71849,9999-01-01
416003,Arumugam,Murtafg,F,55229,9999-01-01
416004,Huiqun,Uchoa,M,47722,9999-01-01
416008,Zeljko,Ranze,M,52251,9999-01-01
416128,Uli,Wrigley,M,40000,9999-01-01
416136,Yonghoan,Reinhard,M,92472,9999-01-01
416018,Fen,Aloia,F,62768,9999-01-01
416026,Inderjeet,Molenaar,M,61784,9999-01-01
416164,Ramya,Weiland,M,40000,9999-01-01
416166,Yuriy,Rosenbaum,M,79803,9999-01-01
416168,Radhakrishnan,Meriste,M,43980,9999-01-01
416031,Bezalel,Chinal,M,71149,9999-01-01
416174,Shay,Kuhnemann,F,40000,9999-01-01
416177,Khun,Turnbull,F,59215,9999-01-01
416032,Patricio,Schicker,F,82372,9999-01-01
416034,Zdislav,Gils,M,40000,9999-01-01
416190,Jaideep,Berztiss,M,58697,9999-01-01
416042,Katsuo,Lorcy,F,43679,9999-01-01
416192,Roddy,Zlotek,F,43056,9999-01-01
416204,Amalendu,Murillo,M,43504,9999-01-01
416044,Gro,Schaad,M,48091,9999-01-01
416212,Ramzi,Marletta,F,40000,9999-01-01
416260,Flemming,Baezner,F,54960,9999-01-01
416284,Alain,Ferretti,M,70924,9999-01-01
416429,Chiradeep,Skafidas,F,58334,9999-01-01
416288,Ramalingam,Khalid,F,46139,9999-01-01
416446,Berna,Antonakopoulos,F,44541,9999-01-01
416452,Venkatesan,Malabarba,F,46694,9999-01-01
416454,Duro,Liedekerke,F,40000,9999-01-01
416469,Kristina,Negoita,F,73477,9999-01-01
416470,Tzvetan,Katiyar,M,78111,9999-01-01
416487,Marsja,Anick,M,49913,9999-01-01
416503,Xiahua,Validov,F,55945,9999-01-01
416518,Dzung,Rosenbaum,F,40000,9999-01-01
416543,Bernardo,Kornyak,M,40000,9999-01-01
416552,Kwok,Nyrup,F,40000,9999-01-01
416294,Tianruo,Conte,M,78602,9999-01-01
416559,Patricia,Zucker,M,89214,9999-01-01
416566,Hugo,Bergere,F,73543,9999-01-01
416568,Dannz,Usery,M,60581,9999-01-01
416573,Berhard,Leaver,M,57316,9999-01-01
416575,Shai,Olano,F,65555,9999-01-01
416307,Elvia,Brookman,F,80144,9999-01-01
416588,Yannis,Cannata,M,40000,9999-01-01
416589,Jianhua,Bakhtari,F,40000,9999-01-01
416312,Baruch,Petereit,M,85471,9999-01-01
416604,Gonzalo,Kambil,M,70985,9999-01-01
416606,Salvador,Sadowsky,M,79791,9999-01-01
416610,Almudena,Liedekerke,F,49839,9999-01-01
416319,Duro,Chimia,M,85339,9999-01-01
416326,Arumugam,Zschoche,F,40000,9999-01-01
416330,Candida,Pollock,M,58675,9999-01-01
416623,Heeju,Keustermans,M,44776,9999-01-01
416334,Shushma,Bressoud,F,44627,9999-01-01
416337,Taizo,Bouloucos,F,77011,9999-01-01
416357,Irena,Kranzdorf,M,40000,9999-01-01
416647,Yuchang,Birch,M,49496,9999-01-01
416663,Chiranjit,Beeson,M,40000,9999-01-01
416387,Izaskun,Waeselynck,M,63142,9999-01-01
416688,Atilio,Gornas,M,72933,9999-01-01
416690,Ulf,Mahmud,F,80568,9999-01-01
416694,Ebru,Remmele,M,40000,9999-01-01
416388,Gad,Leslie,F,49585,9999-01-01
416394,Sreenivas,Anguita,M,43978,9999-01-01
416705,Becky,Rikino,F,45751,9999-01-01
416396,Oldrich,Flanders,F,77174,9999-01-01
416408,Tomofumi,Quadeer,F,48371,9999-01-01
416724,Juyoung,Borstler,F,63548,9999-01-01
416726,Kousuke,Dichev,F,47782,9999-01-01
416737,Douadi,Renear,M,48437,9999-01-01
416425,Amabile,Kaminger,F,40000,9999-01-01
416746,Christfried,Papadias,F,52755,9999-01-01
416758,Subhankar,Qiwen,F,53153,9999-01-01
416819,Ulf,Slutz,F,55045,9999-01-01
416768,Yuchang,Chelton,M,40000,9999-01-01
416771,Urs,Butterworth,F,40000,9999-01-01
416788,Apostol,Hoogerwoord,M,55008,9999-01-01
416795,Aksel,Wossner,F,78825,9999-01-01
416821,Munenori,Pardalos,M,51847,9999-01-01
416823,Indrajit,Guerreiro,F,40000,9999-01-01
416827,Nevio,Binkley,F,47004,9999-01-01
416830,Pranas,Junet,F,41962,9999-01-01
416991,Weiwu,Lund,M,48255,9999-01-01
416834,Angel,Riefers,M,40000,9999-01-01
417000,Baruch,Shokrollahi,M,50210,9999-01-01
417002,Parviz,Perko,F,51500,9999-01-01
416836,Gino,Erev,M,40000,9999-01-01
416847,Jinpo,Dengi,M,40000,9999-01-01
417037,Kristian,Ranta,F,40000,9999-01-01
417039,Chrisa,Feldmann,F,84126,9999-01-01
417042,Basem,Eickenmeyer,M,93661,9999-01-01
416864,Chiradeep,Shiratori,F,48027,9999-01-01
417048,Subhada,Bernardeschi,F,40000,9999-01-01
417063,Menkae,Perna,F,57898,9999-01-01
417064,Gill,Narlikar,F,48479,9999-01-01
416879,Bluma,Schrooten,F,79501,9999-01-01
417073,Foong,Ecklund,M,41111,9999-01-01
417078,Shigenori,Sethi,M,40000,9999-01-01
417090,Takahira,Schaaf,F,67692,9999-01-01
416880,Shuichi,Felder,F,66511,9999-01-01
416899,Abdelghani,Heijenga,M,42236,9999-01-01
417120,Candido,Ghelli,F,40000,9999-01-01
417123,Shao,Ramsak,F,61632,9999-01-01
416920,Ekawit,Kossowski,F,71103,9999-01-01
417130,Turgut,Kushner,M,67620,9999-01-01
417146,Anneke,Caine,M,40000,9999-01-01
417153,Prodip,Nitta,F,40000,9999-01-01
416924,Vishwani,Ambroszkiewicz,F,93361,9999-01-01
416936,Lenore,Perly,M,76668,9999-01-01
416948,Reinhard,Peac,M,62481,9999-01-01
417170,Paloma,Delgrange,F,40000,9999-01-01
416950,Suvo,Krohn,M,81994,9999-01-01
416959,Ymte,Speer,F,46159,9999-01-01
417190,Atreyi,Cooman,M,73341,9999-01-01
416963,Shietung,Ramsey,F,40000,9999-01-01
416979,Baruch,Maliniak,M,40000,9999-01-01
417206,Ramachenga,Crouzet,M,88990,9999-01-01
417210,Guozhong,Iisaku,F,40000,9999-01-01
416980,Qunsheng,Meszaros,F,70218,9999-01-01
417356,Chinya,Rosch,M,86694,9999-01-01
417237,Deniz,Menyhert,M,51909,9999-01-01
417247,Udaiprakash,Farrar,F,48941,9999-01-01
417365,Shuzo,Roccetti,M,40000,9999-01-01
417275,Mohammed,Middleton,F,47239,9999-01-01
417276,Howell,Deville,F,55927,9999-01-01
417278,Roselyn,Aamodt,F,40000,9999-01-01
417279,Mariangiola,Gischer,F,53964,9999-01-01
417376,Leszek,Hertweck,M,81178,9999-01-01
417286,Mabo,Fordan,F,40431,9999-01-01
417381,Paddy,Beausoleil,F,62081,9999-01-01
417306,LiMin,Lorin,M,46307,9999-01-01
417384,Mansur,Valtorta,M,40000,9999-01-01
417317,Byong,Asrin,M,40000,9999-01-01
417399,Moto,Pulkowski,F,58528,9999-01-01
417322,Jiong,Bahr,M,40000,9999-01-01
417328,Xinyu,Molenaar,M,62624,9999-01-01
417338,Huican,Staelin,M,46925,9999-01-01
417427,Doohun,Lores,F,67756,9999-01-01
417436,Avishai,Quittner,M,68157,9999-01-01
417438,Boutros,Veldwijk,M,53060,9999-01-01
417440,Luisa,Lorie,F,64591,9999-01-01
417545,Adhemar,Trystram,F,40000,9999-01-01
417548,Fumiyo,Schaap,M,40000,9999-01-01
417442,Conrado,Uchoa,F,52648,9999-01-01
417553,Moheb,Langford,M,40000,9999-01-01
417555,Zejun,Coors,M,60173,9999-01-01
417556,Hiroyasu,Zlotek,F,61843,9999-01-01
417450,Aimee,Shinomoto,F,40000,9999-01-01
417576,Adhemar,Murtagh,M,84269,9999-01-01
417579,Leandro,Ramamoorthy,M,60376,9999-01-01
417452,Jaber,Openshaw,M,40000,9999-01-01
417583,Jamaludin,Gischer,M,40000,9999-01-01
417586,Qiwen,Leslie,M,57959,9999-01-01
417588,Takushi,Iacovou,F,51319,9999-01-01
417460,Stafford,Schwaller,M,40000,9999-01-01
417595,Maik,Roccetti,F,83777,9999-01-01
417596,Aron,Hiyoshi,M,75555,9999-01-01
417603,Rajmohan,Emden,M,51180,9999-01-01
417462,Yagil,Emmart,F,64352,9999-01-01
417609,Dhritiman,Thombley,F,46178,9999-01-01
417466,Cathie,Trumbly,M,40000,9999-01-01
417477,Abdelkader,Gadepally,F,40000,9999-01-01
417620,Tru,Skrikant,F,40000,9999-01-01
417633,Aemilian,Cappelletti,M,73327,9999-01-01
417663,Muzhong,Stassinopoulos,F,53334,9999-01-01
417666,Heping,Ranst,M,56393,9999-01-01
417674,Felicidad,Felcyn,M,62473,9999-01-01
417683,Fei,Kruskal,M,40000,9999-01-01
417697,Katsuo,Whitcomb,F,42717,9999-01-01
417704,Sajjad,Erdmenger,M,55768,9999-01-01
417705,Kousuke,Lammel,M,58043,9999-01-01
417718,Breannda,Chinin,M,40000,9999-01-01
417486,Sakthirel,Cusworth,M,57188,9999-01-01
417721,Aron,Back,F,40000,9999-01-01
417495,Nakhoon,Miake,F,54941,9999-01-01
417737,Ortrun,Picaronny,M,65526,9999-01-01
417510,Yonghong,Ernst,M,57967,9999-01-01
417751,Saddek,Perelgut,M,40000,9999-01-01
417527,Barna,Selvestrel,M,45999,9999-01-01
417776,Shuzo,Gruenwald,F,40000,9999-01-01
417777,Vitali,Picel,M,68714,9999-01-01
417780,Honglan,Tomescu,M,51885,9999-01-01
417785,Suebskul,Ranst,F,49509,9999-01-01
417914,Brendon,Luck,M,40000,9999-01-01
417796,Feipei,Nitta,F,45477,9999-01-01
417807,Uinam,Doering,M,68363,9999-01-01
417915,Danai,Quadeer,M,60652,9999-01-01
417826,Dung,Portugali,M,72056,9999-01-01
417828,Marjo,Besancenot,M,40000,9999-01-01
417830,Geoff,Androutsos,F,55329,9999-01-01
417923,Jahangir,Negoita,F,40000,9999-01-01
417841,Freyja,Sridhar,M,66174,9999-01-01
417842,Mart,Khalil,M,40000,9999-01-01
417940,Uri,Assaf,F,67197,9999-01-01
417944,Kristinn,Serra,M,51555,9999-01-01
417872,Sreekrishna,Yamaashi,M,47535,9999-01-01
417874,Sandeepan,McAlpine,M,40000,9999-01-01
417876,Hirochika,Milicic,M,48660,9999-01-01
417961,Junichi,Lienhardt,F,40000,9999-01-01
417966,Tristan,Msuda,F,42456,9999-01-01
417978,Leaf,Merro,M,40000,9999-01-01
417983,Guoxiang,Sifakis,F,40000,9999-01-01
418094,Mona,Kolvik,M,81903,9999-01-01
418095,Avishai,Azevdeo,M,40000,9999-01-01
418096,Teruyuki,Montresor,F,40000,9999-01-01
417991,Mihalis,Cincotta,F,43826,9999-01-01
418110,Aiichiro,Roohalamini,M,46094,9999-01-01
417999,Dines,Penn,F,40000,9999-01-01
418125,Khun,Baar,F,95306,9999-01-01
418000,Yuichiro,Alpin,M,82805,9999-01-01
418130,Toshimitsu,Verhoeff,M,66252,9999-01-01
418013,Martine,Codenie,M,46846,9999-01-01
418019,Kristina,Ecklund,F,56827,9999-01-01
418039,Shuichi,Ramalingam,M,62233,9999-01-01
418167,Dinah,McAffer,F,51037,9999-01-01
418186,Tse,Delgrange,M,51939,9999-01-01
418052,Munenori,Busillo,M,41416,9999-01-01
418196,Shunichi,Wiegley,F,74193,9999-01-01
418205,Navin,Schauser,M,40000,9999-01-01
418063,Arch,Walston,F,52776,9999-01-01
418212,Arunas,Xiaoshan,M,40000,9999-01-01
418217,Chinho,Kaltofen,M,68164,9999-01-01
418075,Mayuko,Moffat,M,60345,9999-01-01
418237,Ioana,Maquelin,M,40000,9999-01-01
418082,Yuping,Denny,F,40000,9999-01-01
418254,Masamitsu,Beilner,F,49922,9999-01-01
418329,Aiichiro,Eiron,F,56888,9999-01-01
418266,Toshimori,Gulak,M,43886,9999-01-01
418465,Munir,Masamoto,M,40000,9999-01-01
418471,Xiaoheng,Aloisi,F,72191,9999-01-01
418475,Mokhtar,Weisert,M,41375,9999-01-01
418480,Ranan,Anguita,F,88005,9999-01-01
418481,Karoline,Papastamatiou,M,40000,9999-01-01
418491,Aram,Constantine,F,63786,9999-01-01
418339,Mamdouh,Wendorf,F,40000,9999-01-01
418504,Candida,Alvarado,F,77157,9999-01-01
418351,Ferdinand,Perri,M,72052,9999-01-01
418515,Naftali,Chachaty,F,82032,9999-01-01
418526,Sajjad,Rubsam,F,51218,9999-01-01
418361,Oguz,Hagimont,F,55299,9999-01-01
418536,Mark,Weiland,M,41976,9999-01-01
418542,Mong,Manderick,M,69548,9999-01-01
418379,Reinhold,Ducloy,M,40000,9999-01-01
418553,Abdelkader,Caine,F,46156,9999-01-01
418555,Kristina,Luan,M,40000,9999-01-01
418561,Younwoo,Andreotta,M,45156,9999-01-01
418386,Gianluca,Cannata,M,44402,9999-01-01
418411,Nalini,Griswold,F,40000,9999-01-01
418586,Bernice,Isaak,F,45958,9999-01-01
418603,Abdulla,Kropf,M,40886,9999-01-01
418605,Flemming,Kornatzky,M,56402,9999-01-01
418415,Shahab,Molberg,F,40000,9999-01-01
418614,Mani,Narlikar,F,40000,9999-01-01
418429,Zissis,Litvinov,M,42730,9999-01-01
418632,Uri,Reistad,M,44607,9999-01-01
418639,Anneke,Ponthieu,M,57023,9999-01-01
418434,Toshimo,Vasanthakumar,F,40000,9999-01-01
418441,Xiaocheng,Marquardt,M,40000,9999-01-01
418450,Nidapan,Rodham,M,40000,9999-01-01
418648,Stamatina,Maierhofer,M,47914,9999-01-01
418455,Shaw,Sgarro,M,48460,9999-01-01
418659,Basim,Barreiro,M,47666,9999-01-01
418666,Guiseppe,Denny,F,70261,9999-01-01
418834,Shaunak,Leijenhorst,F,47297,9999-01-01
418668,Shounak,Peck,F,77644,9999-01-01
418671,Xiaoshan,Calkin,M,62129,9999-01-01
418682,Gill,Ritcey,M,59096,9999-01-01
418683,Tsuneo,Lagarias,M,87603,9999-01-01
418694,Shigeo,Kamble,F,40000,9999-01-01
418835,Oguz,Bruckman,F,62386,9999-01-01
418702,Shih,Validov,M,50186,9999-01-01
418703,Mabo,Cairo,F,61531,9999-01-01
418855,Piyawadee,Granlund,F,73012,9999-01-01
418711,Feipei,Christianini,F,43595,9999-01-01
418716,Marke,Linnainmaa,M,81322,9999-01-01
418857,Mani,Uehara,F,68554,9999-01-01
418733,Barun,Velasco,M,72124,9999-01-01
418734,Peer,Chaudhuri,M,42503,9999-01-01
418866,Taegyun,Varker,M,40000,9999-01-01
418870,Garnik,Dulli,F,86757,9999-01-01
418888,Harngdar,Petersohn,M,40000,9999-01-01
418766,Mana,Viele,F,53838,9999-01-01
418771,Annemarie,Eiter,M,47161,9999-01-01
418773,Tommaso,Pramanik,M,40000,9999-01-01
418788,Boguslaw,Wolniewicz,M,40000,9999-01-01
418901,Lucien,Kabayashi,M,78846,9999-01-01
418799,Uzi,Kakkar,M,80181,9999-01-01
418811,Xiaopeng,Unni,M,56539,9999-01-01
418815,Mads,Tanemo,F,48130,9999-01-01
418906,Youngkon,Boyle,M,63757,9999-01-01
418821,Amalendu,Thiran,F,41111,9999-01-01
418911,Alois,Kakkar,M,52640,9999-01-01
418914,Shahar,Hashii,M,92661,9999-01-01
418916,Rasikan,Papsdorf,M,40452,9999-01-01
418917,Honglan,Deverell,M,61592,9999-01-01
419044,Luigi,Panwar,F,64203,9999-01-01
419053,Irene,Karcich,F,40000,9999-01-01
419062,Stafford,Walstra,F,70299,9999-01-01
419063,Michaela,Dehkordi,M,40000,9999-01-01
419065,Arvind,Manderick,F,52502,9999-01-01
419069,Koichi,Setlzner,F,40000,9999-01-01
419084,Shen,Aamodt,M,74877,9999-01-01
419104,Satoru,Vasanthakumar,M,40000,9999-01-01
418927,Baocai,Yemenis,M,40000,9999-01-01
419123,Marit,Hutter,M,40000,9999-01-01
418931,Idoia,Conia,F,40000,9999-01-01
419130,Willard,Reghbati,F,48289,9999-01-01
419135,Odysseas,Swen,F,50131,9999-01-01
419136,Jagoda,Slaats,M,40000,9999-01-01
418934,Adam,Gurbaxani,F,51582,9999-01-01
418938,Elgin,Vrecion,M,88511,9999-01-01
419157,Visit,Ruemmler,M,64425,9999-01-01
418939,Arch,Dehkordi,F,48557,9999-01-01
418946,Alejandra,Farrow,M,51650,9999-01-01
419180,Shigeaki,Rettelbach,M,80594,9999-01-01
418962,Shigeaki,Farris,M,40000,9999-01-01
418974,Dung,Sethi,M,48438,9999-01-01
418986,Kwangho,Warwick,M,40000,9999-01-01
418991,Abdelkader,Emden,M,40000,9999-01-01
419000,Subhada,Sluis,M,92761,9999-01-01
419223,Berry,Birch,F,59407,9999-01-01
419229,Mads,Pettey,F,46400,9999-01-01
419001,Sanjay,Bahl,F,40000,9999-01-01
419002,Falguni,Felcyn,M,40000,9999-01-01
419242,Elvia,Demir,M,59638,9999-01-01
419244,Taegyun,Lupu,M,69212,9999-01-01
419009,Yongdong,Morris,M,42110,9999-01-01
419250,Navin,Birge,F,40000,9999-01-01
419252,Mohamadou,Segond,F,40000,9999-01-01
419387,Frazer,Lichtman,F,57855,9999-01-01
419263,Wojceich,Ramsay,F,53914,9999-01-01
419266,Tomokazu,Rosin,M,51271,9999-01-01
419270,Fen,Kornyak,M,44319,9999-01-01
419272,Waiman,Ghalwash,M,51226,9999-01-01
419282,Hatem,Schrooten,M,60827,9999-01-01
419287,Takahira,Spelt,M,40000,9999-01-01
419293,Perla,Noriega,M,54298,9999-01-01
419294,Girolamo,Demos,F,40000,9999-01-01
419423,Gian,Range,F,70155,9999-01-01
419296,Fumiyo,Delgrande,M,40000,9999-01-01
419297,Kwangsub,Harnett,M,54101,9999-01-01
419311,Sachin,Leaver,F,61473,9999-01-01
419315,Godehard,Rindone,M,40000,9999-01-01
419330,Kaijung,Einsfeld,M,81457,9999-01-01
419336,Peer,Bahr,M,40000,9999-01-01
419427,Amalendu,Varley,F,40000,9999-01-01
419342,Shakhar,Loncour,M,55470,9999-01-01
419348,Takahiro,Piancastelli,M,51503,9999-01-01
419444,Genevieve,Bennet,M,41043,9999-01-01
419359,Arie,Slutz,M,44880,9999-01-01
419365,Shuichi,Sommen,M,50329,9999-01-01
419374,Yoshinari,Pollacia,M,82779,9999-01-01
419375,Gita,Katalagarianos,M,40000,9999-01-01
419463,Kinh,Rikino,M,68006,9999-01-01
419469,Subhankar,Angot,M,92207,9999-01-01
419470,Larisa,Antonakopoulos,F,40000,9999-01-01
419578,Elgin,Ullian,M,75471,9999-01-01
419486,Gift,Bolsens,F,74712,9999-01-01
419581,Kotesh,Benaini,F,40000,9999-01-01
419585,Ramachenga,Pezzoli,F,54485,9999-01-01
419593,Xiaoqiang,Reeken,M,50994,9999-01-01
419487,Nimmagadda,Haldar,F,40000,9999-01-01
419605,Jiakeng,Matzat,F,52205,9999-01-01
419606,Divine,Schauser,M,40000,9999-01-01
419499,Honesty,Dulin,F,40000,9999-01-01
419621,Mong,Marsiglia,M,45586,9999-01-01
419622,Mabo,Murillo,F,42619,9999-01-01
419623,Guther,Demizu,M,60021,9999-01-01
419504,Abdelaziz,Masamoto,M,49754,9999-01-01
419638,Lein,Birsak,F,84636,9999-01-01
419521,Takushi,Furudate,F,61630,9999-01-01
419652,Pranas,Heusch,F,59281,9999-01-01
419658,Marke,Hashii,F,40000,9999-01-01
419659,Duangkaew,Peng,F,40000,9999-01-01
419527,Idoia,Krybus,F,40000,9999-01-01
419669,Florina,Monarch,M,67263,9999-01-01
419670,Otilia,Kuzuoka,M,49837,9999-01-01
419533,Ghassan,Ermel,M,45566,9999-01-01
419534,Odoardo,Demizu,F,41650,9999-01-01
419543,Abdelghani,Nitsch,M,63547,9999-01-01
419568,Becky,Koprowski,M,64989,9999-01-01
419717,Rosalie,Tsunoo,F,44601,9999-01-01
419719,Gay,Reinhart,M,40000,9999-01-01
419723,Oscar,Picaronny,M,40000,9999-01-01
419726,Rosita,Bellone,F,40000,9999-01-01
419767,Uma,Penz,F,85844,9999-01-01
419748,Jixiang,Rindone,M,97675,9999-01-01
419753,Divine,Ebeling,F,77849,9999-01-01
419770,Tadahiro,Weedman,M,40000,9999-01-01
419781,Jordanka,Karnin,M,57698,9999-01-01
419783,Kwun,Puppo,M,52786,9999-01-01
419954,Yakkov,Katalagarianos,F,40000,9999-01-01
419787,Shahar,Bahl,M,40000,9999-01-01
419960,Chikako,Heping,F,40000,9999-01-01
419962,Fei,Gubsky,M,40000,9999-01-01
419968,Margareta,Strehl,M,62107,9999-01-01
419803,Karlis,Molenkamp,M,40000,9999-01-01
419986,Cristinel,Belinskaya,M,51086,9999-01-01
419992,Mototsugu,Kenevan,M,45281,9999-01-01
419818,Sanjoy,Emiris,M,74133,9999-01-01
420004,Uriel,Benaini,M,40000,9999-01-01
420013,Pranav,Syang,F,67151,9999-01-01
419828,Nectarios,Skogmar,F,40000,9999-01-01
420030,Arun,Vidal,F,51190,9999-01-01
420032,Frederique,Godskesen,F,40000,9999-01-01
420034,Pascal,Beilner,M,61831,9999-01-01
420040,Minghong,Ghelli,M,45360,9999-01-01
419835,Kauko,Oppitz,M,76777,9999-01-01
420045,Baziley,Tasistro,F,40000,9999-01-01
420048,Khue,Kalafatis,M,48603,9999-01-01
420053,Kaijung,Chimia,M,40000,9999-01-01
420054,Arif,Iivonen,M,40000,9999-01-01
419837,Poornachandra,Morrey,F,40000,9999-01-01
420066,Chinho,Jumpertz,F,40000,9999-01-01
419840,Chiranjit,Zultner,F,74717,9999-01-01
420073,Spyrose,DeMori,M,50498,9999-01-01
420074,Kerryn,Gire,M,60992,9999-01-01
419844,Yefim,Blokdijk,F,70049,9999-01-01
419860,Behnaam,Gide,M,69967,9999-01-01
420092,Prodip,Impagliazzo,F,74047,9999-01-01
419862,Odinaldo,Bressoud,M,40000,9999-01-01
420114,Sarita,Heydon,M,40000,9999-01-01
419874,Kinh,Zeleznik,M,44264,9999-01-01
420125,Yongmao,Itschner,M,58277,9999-01-01
419884,Heejo,Dichev,M,48985,9999-01-01
420129,Elvis,Vrecion,F,40000,9999-01-01
419891,Kazuyasu,Setia,M,43721,9999-01-01
419892,Eric,Rubsam,F,54334,9999-01-01
419898,Zhanqiu,Merkl,M,75411,9999-01-01
420160,Berhard,Ruther,M,40000,9999-01-01
420180,Van,Feinberg,M,40802,9999-01-01
420192,Tadahiro,Cooke,M,52915,9999-01-01
420213,Jungsoon,Compeau,F,40000,9999-01-01
420216,Arumugam,Kalefeld,F,40000,9999-01-01
420217,Maren,Streit,F,40000,9999-01-01
420232,Claudi,Heystek,F,57598,9999-01-01
420242,Nalini,Hanratty,M,43125,9999-01-01
420243,Chenyi,Lunt,F,40000,9999-01-01
420256,Wilmer,Maraist,M,40000,9999-01-01
419903,Conor,Merro,M,88045,9999-01-01
419907,Tayeb,Rajaraman,M,103850,9999-01-01
419911,Seongbin,Hofstetter,F,72788,9999-01-01
419912,Jeanne,Kolvik,M,40000,9999-01-01
419931,Yishay,Koblick,F,59587,9999-01-01
420498,Moti,Sullins,M,64269,9999-01-01
420314,Oguz,Demke,M,47552,9999-01-01
420315,Ziyad,Zallocco,M,49746,9999-01-01
420337,Abdulah,Ranum,M,58648,9999-01-01
420341,Dekang,Dalton,M,40000,9999-01-01
420499,Alenka,Picaronny,M,79866,9999-01-01
420346,Chikako,Gihr,F,56919,9999-01-01
420509,Dzung,Mahmud,F,72216,9999-01-01
420352,Matk,Krohn,M,70808,9999-01-01
420358,Huei,Ressouche,M,54940,9999-01-01
420362,Uinam,Cooley,F,72603,9999-01-01
420363,Seongbae,Garrabrants,F,51263,9999-01-01
420369,Hisao,Prampolini,M,40000,9999-01-01
420520,Shan,Antonisse,F,40000,9999-01-01
420371,Muneo,Deverell,F,40000,9999-01-01
420381,Kitty,Szmurlo,M,69361,9999-01-01
420382,Wanqing,Lieberherr,M,40542,9999-01-01
420383,Shushma,Chelton,M,54358,9999-01-01
420522,Tua,Kadhim,M,48400,9999-01-01
420390,Mostafa,Pillow,M,90071,9999-01-01
420394,Khun,Worfolk,M,85143,9999-01-01
420528,Geraldo,Driscoll,F,41958,9999-01-01
420402,Arve,Rosca,M,56753,9999-01-01
420404,Oksana,Lovengreen,M,52663,9999-01-01
420532,Zdislav,Buchter,M,40000,9999-01-01
420547,Danae,Ashish,M,40000,9999-01-01
420420,Mayuko,Bressoud,M,40000,9999-01-01
420423,Niclas,Guerreiro,F,54519,9999-01-01
420428,Behnaam,Francisci,F,61072,9999-01-01
420552,Shahab,Zeidenstein,F,41346,9999-01-01
420446,Giordano,Emden,M,40000,9999-01-01
420562,Anoosh,Danner,F,79429,9999-01-01
420567,Masali,Kambil,F,46721,9999-01-01
420578,Francoise,Kalsbeek,F,40000,9999-01-01
420492,Arie,Versino,M,68879,9999-01-01
420493,Yuriy,Albarhamtoshy,F,40686,9999-01-01
420596,Tianruo,Gadepally,F,40000,9999-01-01
420597,Ferdinand,Bamford,M,40000,9999-01-01
420682,Yurij,Krohn,M,40000,9999-01-01
420684,Stein,Percebois,F,48188,9999-01-01
420617,Xiahua,Gilg,F,66181,9999-01-01
420710,Zhiwei,Sifakis,F,71935,9999-01-01
420712,Josyula,Plump,M,40000,9999-01-01
420716,Masasuke,Middleton,F,47165,9999-01-01
420621,Stella,Erni,M,40777,9999-01-01
420622,Susanna,Katzenelson,F,71436,9999-01-01
420647,Shooichi,Ranum,F,42024,9999-01-01
420747,Weicheng,Maccarone,F,78976,9999-01-01
420649,Vitali,Gyorkos,F,65366,9999-01-01
420768,Mary,Cyne,M,40000,9999-01-01
420770,Candido,Pietrzykowski,M,40165,9999-01-01
420661,Bowen,Speckmann,F,40000,9999-01-01
420798,Berthier,Ebeling,M,47486,9999-01-01
420669,Alenka,Nollmann,F,46410,9999-01-01
420801,Khosrow,Speek,M,65862,9999-01-01
420809,Sverrir,Buchter,M,44243,9999-01-01
420816,Vitali,Benner,M,40000,9999-01-01
420679,Rosalyn,Ghandeharizadeh,M,40000,9999-01-01
420819,Dipayan,Zambonelli,M,47756,9999-01-01
420822,Becky,Whitcomb,M,55377,9999-01-01
420829,Heekeun,Klassen,M,40000,9999-01-01
420874,Jinya,Hiyoshi,F,69928,9999-01-01
420838,Elvia,Schaar,F,45963,9999-01-01
420839,Randi,Levergood,M,64804,9999-01-01
420853,Murthy,Bojadziev,M,40514,9999-01-01
420899,Ortrud,Kitsuregawa,M,58899,9999-01-01
420902,Yishai,Hutton,M,40000,9999-01-01
421051,Sachem,Wendorf,F,45875,9999-01-01
420909,Heeju,Plump,F,40000,9999-01-01
420913,Poornachandra,Tibblin,M,40000,9999-01-01
421076,Clyde,Gecseg,F,46424,9999-01-01
420916,Kwangho,Gischer,M,40000,9999-01-01
421089,Jouni,Peternell,F,56483,9999-01-01
420922,Peer,Schwartzburd,M,78303,9999-01-01
421095,Arto,Baca,M,40000,9999-01-01
420933,Gila,Kroon,F,64641,9999-01-01
421108,Krister,Gulla,M,82366,9999-01-01
421111,Ziva,Benzmuller,M,67200,9999-01-01
421118,Jessie,Quaggetto,F,40000,9999-01-01
421119,Arto,Moffat,M,44154,9999-01-01
421122,Danny,Schnelling,M,51336,9999-01-01
420944,Francesca,Rajala,M,70075,9999-01-01
421128,Faiza,Polupanov,M,64898,9999-01-01
421133,Francesca,Brizzi,F,49801,9999-01-01
420950,Bouchung,Feldhoffer,F,40000,9999-01-01
420951,Moriyoshi,Ventosa,M,99939,9999-01-01
420960,Ebbe,Chenoweth,M,66336,9999-01-01
421162,Krister,Cherinka,M,40000,9999-01-01
421167,Karoline,Talmon,M,44021,9999-01-01
420963,Leaf,Schnabel,F,40294,9999-01-01
421172,Heejo,Danley,M,56228,9999-01-01
421180,Pranay,Lindenbaum,M,96054,9999-01-01
420982,Serge,Laurillard,M,40000,9999-01-01
421189,Hideyuki,Heering,M,58008,9999-01-01
421199,Irene,Laurillard,F,40000,9999-01-01
421205,Kensyu,Scallan,F,52916,9999-01-01
420988,Chuanyi,Itzigehl,F,60993,9999-01-01
420997,Maik,Gill,M,69789,9999-01-01
421222,Atreyi,Cappello,F,88053,9999-01-01
421228,Kirk,Verhaegen,F,40000,9999-01-01
421011,Masamitsu,Thorelli,M,40000,9999-01-01
421024,Shuky,Strehl,M,40000,9999-01-01
421243,Renny,Neimat,M,58114,9999-01-01
421244,Ortrun,Ladret,F,49644,9999-01-01
421032,Aemilian,Trachtenberg,M,45050,9999-01-01
421249,Francesca,Raoux,F,40000,9999-01-01
421251,Fumitaka,Assaf,F,75044,9999-01-01
421040,Chuanyi,Moehrke,M,56593,9999-01-01
421043,Vidya,Piveteau,M,90600,9999-01-01
421275,Gaurav,Bressoud,F,40000,9999-01-01
421046,Olivera,Swiss,M,53732,9999-01-01
421289,Remko,Cronan,M,49178,9999-01-01
421050,Zita,Olivero,M,53751,9999-01-01
421296,Guttorm,Krogh,F,40000,9999-01-01
421300,Arumugam,Chimia,M,40000,9999-01-01
421301,Xiaocheng,Quadeer,F,52031,9999-01-01
421435,Tze,Tibblin,F,52442,9999-01-01
421304,Kwee,Acton,F,46489,9999-01-01
421318,Filipp,Serna,M,40000,9999-01-01
421319,Ranga,Maccarone,M,70477,9999-01-01
421324,Boaz,Heuter,F,40000,9999-01-01
421326,Val,Covnot,M,40000,9999-01-01
421337,Mabo,Kavraki,M,69946,9999-01-01
421345,Salvador,Hartvigsen,M,40000,9999-01-01
421347,Erzsebet,Bahk,F,49338,9999-01-01
421358,KayLiang,Litecky,M,49431,9999-01-01
421364,Huican,Ramalingam,M,82900,9999-01-01
421372,Guoxiang,Trachtenberg,M,40000,9999-01-01
421376,Weijing,Ranon,F,64510,9999-01-01
421388,Elzbieta,Bernatsky,M,74744,9999-01-01
421392,Seongbin,Bazzichi,F,40000,9999-01-01
421395,Edwin,Wissmann,F,40000,9999-01-01
421401,Jaewon,Litzler,F,40000,9999-01-01
421404,Tooru,Dalton,F,40000,9999-01-01
421410,Xiaoshan,Schiper,F,47303,9999-01-01
421455,Trygve,Feldmann,M,73498,9999-01-01
421461,Francoise,Veeraraghavan,M,40000,9999-01-01
421465,Yongqiao,Pouyioutas,F,40000,9999-01-01
421469,Seongbae,Oxenboll,M,60947,9999-01-01
421654,Claude,Ciolek,M,63040,9999-01-01
421484,Poornachandra,Masaki,M,40000,9999-01-01
421656,Shaleah,Morton,M,47079,9999-01-01
421490,Zsolt,Heering,M,40000,9999-01-01
421499,Billie,Danecki,F,53695,9999-01-01
421697,Marko,Iwayama,M,40000,9999-01-01
421698,Flemming,Billawala,F,77860,9999-01-01
421520,Lene,Sabnani,M,40000,9999-01-01
421712,Marla,Grandbois,F,40000,9999-01-01
421720,Thodoros,Erde,M,40000,9999-01-01
421723,Ymte,Olano,M,40000,9999-01-01
421730,Vishwani,Feldhoffer,M,60987,9999-01-01
421526,Syozo,Christianini,F,45410,9999-01-01
421739,Shahar,Bisiani,M,40000,9999-01-01
421740,Shin,Jarecki,M,73036,9999-01-01
421528,Bernardo,Smeets,M,47535,9999-01-01
421749,Dietrich,Calkin,M,40000,9999-01-01
421754,Pasqua,Matzen,F,40000,9999-01-01
421536,Sumali,Prochazka,M,45519,9999-01-01
421540,Annemarie,Ranon,M,82626,9999-01-01
421775,Gretta,Baak,M,54614,9999-01-01
421543,Volkmar,Haddadi,M,64206,9999-01-01
421787,Yifei,Lunn,F,47023,9999-01-01
421546,Barun,Flanders,M,50925,9999-01-01
421549,Arvin,Remmers,F,68622,9999-01-01
421554,Fei,Asser,M,40000,9999-01-01
421792,Bernt,Maliniak,M,40000,9999-01-01
421570,Shuji,Taubenfeld,M,83553,9999-01-01
421796,Yakkov,Apsitis,M,61213,9999-01-01
421801,Jeanna,McConalogue,F,54647,9999-01-01
421575,JoAnne,Farrag,F,60448,9999-01-01
421822,Mario,Rodham,M,55356,9999-01-01
421986,Gritta,Furudate,M,63207,9999-01-01
421832,Leszek,Brizzi,F,40000,9999-01-01
421836,Phuoc,Eugenio,F,43754,9999-01-01
421839,Rosli,Bennet,M,47771,9999-01-01
421846,Gunilla,Einsfeld,F,51885,9999-01-01
421849,Zhenhua,Pileggi,F,73483,9999-01-01
421856,Mona,Suomi,F,47834,9999-01-01
421860,Masali,Cyre,M,49814,9999-01-01
421871,Mohua,Chachaty,M,40000,9999-01-01
421876,Tzu,Rijckaert,M,40000,9999-01-01
421886,Holgard,Gelosh,F,56959,9999-01-01
421994,Lubomir,Cyre,M,52464,9999-01-01
421896,Serif,Chinin,F,40000,9999-01-01
421902,Ingmar,Francisci,M,40000,9999-01-01
421999,Mark,Perng,M,60360,9999-01-01
422001,Georgy,Nitsche,M,45351,9999-01-01
422009,LiMin,Vieth,M,40000,9999-01-01
421930,Chiradeep,Mateescu,M,78563,9999-01-01
422033,Basim,Butterworth,M,40000,9999-01-01
421940,Marek,Covnot,M,40000,9999-01-01
421946,Mohamadou,Sambasivam,F,73232,9999-01-01
421948,Marl,Chorvat,M,64906,9999-01-01
421954,Leandro,Reeker,M,40000,9999-01-01
421956,Kotesh,Hedayat,M,76971,9999-01-01
421963,Shir,Setia,M,40000,9999-01-01
422042,Domenick,Roisin,M,67383,9999-01-01
421975,Hyuckchul,Eastman,M,83330,9999-01-01
422046,Kyoichi,Parfitt,F,68434,9999-01-01
422049,Vesna,Oberman,M,67008,9999-01-01
422056,Wonhee,Murrill,M,44895,9999-01-01
422161,Malu,Riefers,F,57937,9999-01-01
422057,Mahmut,Shiratori,F,53457,9999-01-01
422058,Xiping,Selenyi,M,59386,9999-01-01
422180,Dekang,Christ,M,61716,9999-01-01
422066,Aleksander,Berendt,F,40000,9999-01-01
422184,Changho,Vesel,M,40000,9999-01-01
422078,Yuichiro,Ratnaker,M,40000,9999-01-01
422205,Mandell,Kamber,F,55289,9999-01-01
422208,Shietung,Constantine,F,40000,9999-01-01
422216,Toshimitsu,Felcyn,M,52334,9999-01-01
422083,Fusako,Kowalchuk,M,53120,9999-01-01
422223,Zine,Madeira,M,40000,9999-01-01
422227,Francoise,Brizzi,M,40000,9999-01-01
422229,Subbu,Kawashima,M,40000,9999-01-01
422084,Guenter,Ranai,F,116528,9999-01-01
422233,Aemilian,Koshino,M,43699,9999-01-01
422100,Kotesh,Aingworth,F,42601,9999-01-01
422238,Masoud,Kaltofen,F,79635,9999-01-01
422241,Roselyn,Ponthieu,M,40000,9999-01-01
422244,Leon,Zeilberger,M,53347,9999-01-01
422245,Utz,Ginneken,F,51953,9999-01-01
422246,Francesca,Kusakari,M,57119,9999-01-01
422105,Yongdong,Zykh,M,78767,9999-01-01
422124,Leandro,Birch,M,40000,9999-01-01
422296,Kazuhide,Birch,M,58913,9999-01-01
422131,Adin,Kleiser,M,44304,9999-01-01
422304,Manton,Warwick,M,50344,9999-01-01
422133,Collette,Brattka,F,62845,9999-01-01
422323,Kauko,Luca,F,40000,9999-01-01
422150,Felicidad,Lundstrom,M,40000,9999-01-01
422338,Sachem,Rindone,F,94929,9999-01-01
422340,Halsur,Lorcy,M,58027,9999-01-01
422342,Mario,Schahn,M,77832,9999-01-01
422156,Chikara,Cardazo,M,67204,9999-01-01
422537,Khue,Denis,F,44677,9999-01-01
422349,Mani,Straney,F,64536,9999-01-01
422357,Parto,Berztiss,F,63001,9999-01-01
422363,Tetsurou,Pramanik,F,90373,9999-01-01
422542,Bojan,Steenbeek,F,76644,9999-01-01
422379,Yongmin,Kabayashi,F,43675,9999-01-01
422380,Mamdouh,Kawashimo,M,40000,9999-01-01
422381,Aran,Merkl,F,60204,9999-01-01
422558,Aris,Negoita,M,111076,9999-01-01
422388,Atilio,Godskesen,F,61101,9999-01-01
422389,Ramachenga,Suwa,M,67186,9999-01-01
422390,Jiann,Gist,M,40000,9999-01-01
422393,Ramya,Schapire,M,56442,9999-01-01
422402,Shugo,Wiegley,M,40000,9999-01-01
422566,Adly,Erva,F,40299,9999-01-01
422573,Jianhao,Anily,F,55683,9999-01-01
422577,Vasilis,Henseler,M,40000,9999-01-01
422587,Mohit,Speek,F,40000,9999-01-01
422447,Falguni,Peres,M,46295,9999-01-01
422454,Nechama,McAlpine,M,80226,9999-01-01
422461,Ebbe,Beetstra,M,40000,9999-01-01
422463,Kellyn,Benzaken,M,42331,9999-01-01
422470,Arvin,Androutsos,F,76640,9999-01-01
422481,Irene,Fujisaki,M,40000,9999-01-01
422506,Patricio,Lambe,M,46464,9999-01-01
422511,Zijian,Zaumen,M,80982,9999-01-01
422514,Dharmaraja,Mitzlaff,F,40000,9999-01-01
422588,Abdelghani,Gimarc,M,40000,9999-01-01
422614,Anneke,Wuwongse,F,40000,9999-01-01
422736,Clyde,Bugaenko,M,40000,9999-01-01
422744,Francoise,Panwar,M,42396,9999-01-01
422619,Aron,Bottner,M,75785,9999-01-01
422769,Amstein,Ginneken,M,40000,9999-01-01
422631,Richara,Lorin,M,54616,9999-01-01
422775,Moto,Emmart,M,40000,9999-01-01
422782,JiYoung,Czaja,F,76359,9999-01-01
422784,Gererd,Breugel,M,73674,9999-01-01
422636,Bouchung,Schreiter,F,69678,9999-01-01
422638,Susanta,Schwaller,M,57733,9999-01-01
422639,Pascal,Munawer,M,40820,9999-01-01
422812,Akeno,Pashtan,F,53423,9999-01-01
422641,Padma,Hasham,M,68857,9999-01-01
422646,Alexius,Peltason,M,42939,9999-01-01
422665,Arunachalam,Edelhoff,M,87550,9999-01-01
422851,Basant,Muhlberg,F,72311,9999-01-01
422671,Ronghao,Basagni,F,56085,9999-01-01
422872,Morrie,Chappelet,F,41153,9999-01-01
422877,Haldun,Speel,F,40000,9999-01-01
422879,Torsten,Merle,M,61815,9999-01-01
422673,Xiong,Miculan,F,58194,9999-01-01
422896,Kristin,Kulisch,F,52786,9999-01-01
422676,Udaiprakash,Wissmann,M,40000,9999-01-01
422677,Arra,Staylopatis,F,40000,9999-01-01
422685,Reinhard,Oxman,F,71169,9999-01-01
422696,Debatosh,Botman,M,85003,9999-01-01
422906,Susumu,Denny,M,71514,9999-01-01
422926,Bernardo,Ouhyoung,F,53843,9999-01-01
423093,Dannz,Kadhim,M,88702,9999-01-01
422938,Shuho,Taneja,M,64405,9999-01-01
422949,Vishv,Stentiford,M,40000,9999-01-01
422950,Sampalli,Uhrik,F,52871,9999-01-01
422960,Naftaly,Baezner,F,40000,9999-01-01
422979,Kiyokazu,Shihab,M,60520,9999-01-01
423102,Shir,Heyers,F,40000,9999-01-01
422995,Gro,Pezzoli,M,43407,9999-01-01
423004,Stepehn,Saoudi,M,50551,9999-01-01
423005,Chenyi,Furedi,F,68331,9999-01-01
423007,DAIDA,Przulj,M,40000,9999-01-01
423010,Rasikan,Aumann,M,66167,9999-01-01
423104,Annemarie,McConalogue,F,40000,9999-01-01
423126,Valeri,Scallan,M,41751,9999-01-01
423024,Khosrow,Usdin,M,40000,9999-01-01
423032,Yolla,Katiyar,M,71261,9999-01-01
423050,Jianwen,Schueller,M,63954,9999-01-01
423135,IEEE,Wegerle,F,42650,9999-01-01
423150,Constantijn,Schonegge,F,40000,9999-01-01
423168,Faiza,Oehlmann,M,41265,9999-01-01
423272,Khun,Molenaar,F,64489,9999-01-01
423275,Franziska,Jeansoulin,M,41956,9999-01-01
423171,Francesca,Mandell,M,60469,9999-01-01
423191,Kasturi,Siksek,F,40000,9999-01-01
423304,Angel,Willoner,M,43710,9999-01-01
423308,Tsz,Esposito,F,40000,9999-01-01
423311,Chikako,Zeidenstein,M,45956,9999-01-01
423200,Doohun,Langford,M,40000,9999-01-01
423317,Lenore,Warwick,M,70548,9999-01-01
423323,Aiman,Ventosa,M,40000,9999-01-01
423326,Idoia,Cullers,M,40000,9999-01-01
423226,Tadahiro,Szmurlo,F,42768,9999-01-01
423338,Chuanti,Rosiles,F,70948,9999-01-01
423344,Tse,Brobst,F,40999,9999-01-01
423348,Shaibal,Perng,M,61624,9999-01-01
423349,Huiqun,Kuhnemann,M,40000,9999-01-01
423352,Shigehiro,Isard,F,71433,9999-01-01
423241,Nadjib,Litvinov,M,40000,9999-01-01
423371,Jamaludin,Qiwen,M,77278,9999-01-01
423373,Golgen,Schwartzburd,F,75594,9999-01-01
423388,Hiroyasu,Byoun,M,69186,9999-01-01
423243,Gill,Lammel,M,51345,9999-01-01
423397,Masami,Ghelli,M,46190,9999-01-01
423399,Gina,Falck,M,40000,9999-01-01
423251,Maia,Zolotykh,F,79892,9999-01-01
423406,Yuuichi,Barbanera,M,40000,9999-01-01
423412,Kwok,Spelt,M,40000,9999-01-01
423464,Shiv,Rodier,M,42039,9999-01-01
423418,Guttorm,Brendel,F,42093,9999-01-01
423424,Nobuyoshi,Foong,F,76801,9999-01-01
423434,Uta,Shackell,M,91354,9999-01-01
423443,Chenye,Camarinopoulos,M,40000,9999-01-01
423454,Achilleas,Vandervoorde,M,40000,9999-01-01
423466,Magy,Zhang,M,40000,9999-01-01
423468,Leandro,Heuser,M,40000,9999-01-01
423477,Martina,Beznosov,M,42453,9999-01-01
423479,Rosine,Hambrick,M,52403,9999-01-01
423484,Geoffrey,Mersereau,M,57537,9999-01-01
423497,Luisa,Driscoll,M,43397,9999-01-01
423669,Ung,Lakshmanan,M,54553,9999-01-01
423679,Xiaobin,Azuma,F,40000,9999-01-01
423526,Adly,Choobineh,M,67392,9999-01-01
423689,Xudong,Schlumberger,M,40000,9999-01-01
423691,Alain,Hanratty,M,56718,9999-01-01
423693,Randi,Zweizig,F,40380,9999-01-01
423701,Yinlin,Bellone,M,41162,9999-01-01
423702,Parke,Iivonen,F,76910,9999-01-01
423705,Christ,Kaelbling,F,45707,9999-01-01
423720,Barry,Maierhofer,F,62024,9999-01-01
423536,Toshimo,Coney,F,43428,9999-01-01
423725,Dines,Belinskaya,F,68056,9999-01-01
423728,Denny,Murtafg,F,40000,9999-01-01
423732,Barry,Delgrange,M,40262,9999-01-01
423734,Huan,Montresor,M,40000,9999-01-01
423738,Mantis,Weiland,M,40000,9999-01-01
423538,Shuky,Schieder,F,71692,9999-01-01
423543,Oldrich,Acton,M,43954,9999-01-01
423756,Huican,Schlumberger,M,40000,9999-01-01
423757,Katsuyuki,Baezner,M,43017,9999-01-01
423565,Srinidhi,Gurbaxani,M,49137,9999-01-01
423768,Limsoon,Asmuth,M,48459,9999-01-01
423777,Tomofumi,Roccetti,F,49378,9999-01-01
423570,Suebskul,Ullian,M,40000,9999-01-01
423803,Xuejun,Beilner,M,40000,9999-01-01
423807,Barry,Rikino,F,40000,9999-01-01
423579,Gopalakrishnan,Etalle,M,66609,9999-01-01
423823,Yucel,Demian,M,40000,9999-01-01
423592,Chenxi,Azuma,M,79571,9999-01-01
423596,Lokesh,Heystek,F,61704,9999-01-01
423829,Chenxi,Peroz,F,40805,9999-01-01
423830,Maya,Menhoudj,M,66576,9999-01-01
423835,Clyde,Trachtenberg,M,70979,9999-01-01
423605,Hiroyasu,Tanemo,F,64881,9999-01-01
423844,Masadi,Smeets,M,53842,9999-01-01
423848,Taizo,Zambonelli,F,54650,9999-01-01
423876,Amstein,Gustavson,M,40000,9999-01-01
423877,Stella,Salverda,F,40000,9999-01-01
423893,Fumino,Gerteisen,M,40000,9999-01-01
423897,Jacopo,Baezner,M,90298,9999-01-01
423907,Sanjit,Akaboshi,M,65233,9999-01-01
423916,Adel,Ecklund,F,40000,9999-01-01
423917,Dines,Bouloucos,M,40000,9999-01-01
423920,Mana,Thombley,F,40000,9999-01-01
423938,Sham,Fritzsche,M,40000,9999-01-01
423939,Khatoun,Carrere,F,40000,9999-01-01
423945,Ymte,Heping,M,59777,9999-01-01
423959,Guttorm,Fabrizio,M,42940,9999-01-01
423960,Pramod,Snyers,F,53244,9999-01-01
423966,Harjit,Badache,F,62812,9999-01-01
423972,Premsyl,Miake,F,40000,9999-01-01
423982,Hidde,Boissier,F,42626,9999-01-01
423985,Ottavia,Azevdeo,M,40000,9999-01-01
423986,Debatosh,Alvarado,M,40000,9999-01-01
423991,Weicheng,Gargeya,F,40000,9999-01-01
424012,Cullen,Legleitner,F,40000,9999-01-01
424037,Sumant,Langford,M,53101,9999-01-01
424043,Tetsurou,Gulik,M,53568,9999-01-01
423607,Deborah,Suwa,M,41922,9999-01-01
424084,Demin,Suwa,F,87141,9999-01-01
424085,Irene,Merks,M,40000,9999-01-01
424090,Inderjeet,Holburn,M,49218,9999-01-01
424093,Chikako,Bolsens,M,72813,9999-01-01
423620,Mingdong,Gulla,F,40000,9999-01-01
424099,Kwangyoen,Strandh,M,58275,9999-01-01
423625,Marc,Candan,M,40000,9999-01-01
423632,Masoud,Pocchiola,M,46103,9999-01-01
424134,Aleksandar,Wrigley,M,44117,9999-01-01
424135,Masaki,Fairtlough,F,40000,9999-01-01
424200,Shooichi,Yeung,M,40000,9999-01-01
424142,Turgut,Larfeldt,F,56332,9999-01-01
424144,Candido,Lorin,M,46805,9999-01-01
424157,Fumiyo,Felder,M,40000,9999-01-01
424166,Hairong,Kuzuoka,F,40000,9999-01-01
424167,Kazuhiko,Hasham,F,44506,9999-01-01
424205,Paris,Shumilov,M,40000,9999-01-01
424185,Sigeru,Khalid,F,40000,9999-01-01
424189,Martijn,Denny,F,40637,9999-01-01
424192,Boaz,Rosenbaum,F,63972,9999-01-01
424220,Felicidad,Morrey,M,40740,9999-01-01
424224,Arunachalam,Plumb,F,45446,9999-01-01
424230,Irena,Sridhar,F,50865,9999-01-01
424248,Siamak,Markovitch,M,70894,9999-01-01
424391,Marc,Skogmar,M,64219,9999-01-01
424393,Hironobu,Rosti,M,40000,9999-01-01
424399,Tamiya,Brattka,M,40000,9999-01-01
424405,Cedric,Restivo,M,59444,9999-01-01
424410,Mads,Jahnichen,F,49110,9999-01-01
424250,Suzette,Wendorf,F,63665,9999-01-01
424425,Fuqing,Isaac,F,68543,9999-01-01
424252,Shirish,Bernardinello,M,68295,9999-01-01
424259,Seongbin,Bennis,M,60122,9999-01-01
424262,Krassimir,Trelles,M,40000,9999-01-01
424447,Irene,Miake,F,89547,9999-01-01
424452,Shalesh,Pero,F,59125,9999-01-01
424264,Yucai,Woycyznski,M,40000,9999-01-01
424461,Nitsan,Snyers,F,64241,9999-01-01
424464,Jianhua,Deverell,M,64967,9999-01-01
424298,Francesca,Chinin,F,77990,9999-01-01
424467,Udo,Hockney,M,77643,9999-01-01
424468,Elrique,Pocchiola,M,47326,9999-01-01
424483,Dipankar,Zhiwei,M,49552,9999-01-01
424491,Caolyn,Munoz,M,68978,9999-01-01
424497,Shahab,Maccarone,F,40000,9999-01-01
424499,Kristine,Camurati,M,40000,9999-01-01
424309,Masoud,Chachaty,F,54689,9999-01-01
424532,Sachar,Brender,M,49269,9999-01-01
424536,Christoph,Feldhoffer,M,46836,9999-01-01
424327,Chrisa,Unni,F,50952,9999-01-01
424328,Juyoung,Murtafg,F,40000,9999-01-01
424558,Vojin,Casley,F,40000,9999-01-01
424563,Rosli,Pileggi,F,53767,9999-01-01
424564,Kristina,Stasinski,F,79229,9999-01-01
424565,Bartek,Plavsic,M,78517,9999-01-01
424336,Owen,Hiltgen,F,40000,9999-01-01
424354,Gennadi,Plessier,F,48093,9999-01-01
424570,Gil,Klyachko,M,59705,9999-01-01
424571,Keiichiro,Tempesti,F,54906,9999-01-01
424576,Weiyi,Billingsley,F,40000,9999-01-01
424581,Turgut,Christianini,F,58774,9999-01-01
424355,Szabolcs,Garrabrants,M,65532,9999-01-01
424367,Kokou,Passino,M,56043,9999-01-01
424591,Abdelwaheb,Yeung,M,79558,9999-01-01
424593,Mohammed,Serra,M,67221,9999-01-01
424597,Wuxu,Hinsberger,M,41744,9999-01-01
424607,Gunilla,Kowalchuk,F,61756,9999-01-01
424378,Sanjiv,Varman,M,58976,9999-01-01
424609,Erzsebet,Reistad,M,51993,9999-01-01
424615,Gregory,Hasham,M,40000,9999-01-01
424619,Garnet,Kugler,M,44692,9999-01-01
424379,Menkae,Murtagh,F,40000,9999-01-01
424755,Arco,Ranka,M,51002,9999-01-01
424636,Domenick,Perl,M,40000,9999-01-01
424765,Lillian,Azevdeo,M,58195,9999-01-01
424659,Mohd,Gyorkos,M,40000,9999-01-01
424662,Jaewon,Swab,M,53426,9999-01-01
424677,Patricia,Karcich,M,75929,9999-01-01
424786,Martins,Rosiles,M,46212,9999-01-01
424694,Candido,Morris,M,54078,9999-01-01
424700,Dietrich,Kossowski,M,40000,9999-01-01
424811,Tomokazu,Reutenauer,F,79307,9999-01-01
424719,Feixiong,Curless,F,48809,9999-01-01
424724,Suebskul,Angelopoulos,M,40000,9999-01-01
424812,Martina,Taneja,F,55666,9999-01-01
424744,Qingxiang,Butterworth,F,46473,9999-01-01
424840,Mara,Bernardinello,M,44721,9999-01-01
424870,Mingdong,Valette,M,60755,9999-01-01
424937,Teunis,Buchter,M,40392,9999-01-01
424950,Yuchang,Mundy,M,57235,9999-01-01
424961,Yaghout,Morris,M,59136,9999-01-01
424876,Kazuyasu,Seuren,M,40000,9999-01-01
424980,Dekang,Badr,M,63137,9999-01-01
424885,Zhensheng,Picco,M,44431,9999-01-01
424995,Jouni,Bale,F,83217,9999-01-01
424997,Heekeun,Anger,M,40000,9999-01-01
424998,Demin,Schmezko,F,54416,9999-01-01
424892,Ingmar,Farrow,M,81046,9999-01-01
425011,Abdelwaheb,Prochazka,M,40000,9999-01-01
425013,Mariusz,Fargier,M,40000,9999-01-01
424900,Aemilian,Siksek,M,42396,9999-01-01
425033,Ekawit,Waleschkowski,M,90036,9999-01-01
424907,Visit,Schwaller,M,43066,9999-01-01
424910,Weiye,Miara,F,77119,9999-01-01
425050,Jingling,Vingron,M,40000,9999-01-01
424913,Almudena,Ravishankar,M,40000,9999-01-01
425125,Hongzhu,Rosenbaum,F,40000,9999-01-01
425078,Tommaso,Angiulli,F,50928,9999-01-01
425092,Ebbe,Meszaros,F,66525,9999-01-01
425104,Billur,Zolotykh,F,55161,9999-01-01
425106,Sakthirel,Bednarek,F,42207,9999-01-01
425113,Dinkar,Copas,F,61104,9999-01-01
425115,Naftali,Begiun,F,52260,9999-01-01
425328,Theron,Salvesen,M,55072,9999-01-01
425336,Poorav,Gammage,F,52437,9999-01-01
425337,Taiji,Kusakabe,M,50240,9999-01-01
425359,Jaideep,Marchegay,F,69009,9999-01-01
425131,Phule,Antonakopoulos,M,42001,9999-01-01
425370,Zijian,Hebert,M,40000,9999-01-01
425371,Gita,Ariola,F,47249,9999-01-01
425375,Tsvetan,Peir,M,46394,9999-01-01
425132,Christoper,Perry,F,87922,9999-01-01
425151,Gian,Schiper,M,49434,9999-01-01
425388,Mohammad,Varker,F,40000,9999-01-01
425391,Toshiki,Gulak,M,40000,9999-01-01
425400,Girolamo,Erdmenger,M,40000,9999-01-01
425181,Roselyn,Foote,M,49703,9999-01-01
425413,Nigel,Mungall,F,64831,9999-01-01
425415,Arra,Pietrzykowski,M,66448,9999-01-01
425417,Ayakannu,Peris,F,40000,9999-01-01
425431,Zhaofang,Monkewich,M,45551,9999-01-01
425438,Uma,Kleiser,M,44960,9999-01-01
425442,Richara,Iacovou,F,51147,9999-01-01
425182,Urs,Shigei,M,40000,9999-01-01
425456,Junsik,Markovitch,M,40000,9999-01-01
425458,Hidekazu,Honiden,F,42882,9999-01-01
425193,Thodoros,Cronau,M,44584,9999-01-01
425462,Keung,Sherertz,F,76984,9999-01-01
425464,Ebbe,Garnick,M,40000,9999-01-01
425473,Giao,Cappelli,F,62656,9999-01-01
425474,Vishwani,England,M,67520,9999-01-01
425219,Martien,Macedo,M,67149,9999-01-01
425482,Jongsuk,Cunliffe,F,40000,9999-01-01
425487,Kellyn,Egerstedt,M,57618,9999-01-01
425489,Toshimi,Nicolson,F,41329,9999-01-01
425220,Xiadong,Anger,F,57334,9999-01-01
425221,Honglan,Riesenhuber,M,58272,9999-01-01
425251,Nishit,Angel,F,40000,9999-01-01
425511,Odysseas,Mahnke,F,50384,9999-01-01
425529,Lubomir,Luce,M,43986,9999-01-01
425252,Patricio,Baranowski,M,40000,9999-01-01
425536,Sajjan,Denti,F,59463,9999-01-01
425262,Thanasis,Rahier,M,79475,9999-01-01
425547,Remko,Hasham,M,73359,9999-01-01
425548,Geoff,Perfilyeva,M,47353,9999-01-01
425264,Jeanne,Shigei,M,40000,9999-01-01
425291,Basil,Schusler,M,73601,9999-01-01
425575,Eldridge,Schahn,F,40000,9999-01-01
425585,Mack,Heemskerk,M,45860,9999-01-01
425589,Boriana,Heiserman,M,40000,9999-01-01
425301,Sangeeta,Gien,M,72496,9999-01-01
425599,Faiza,Perz,M,62880,9999-01-01
425608,Krisda,Ratnakar,F,68765,9999-01-01
425609,Jovan,Gonthier,F,40000,9999-01-01
425611,Naftaly,Roisin,M,41681,9999-01-01
425304,Muzhong,McAffer,M,60596,9999-01-01
425676,Masaru,Matzov,F,40000,9999-01-01
425625,Surveyors,Morrow,F,66138,9999-01-01
425627,Guadalupe,Sewelson,F,76843,9999-01-01
425636,Danco,Picaronny,M,67532,9999-01-01
425637,Elrique,Kaelbling,M,40000,9999-01-01
425639,Odysseas,Engelmann,M,40000,9999-01-01
425689,Arnould,Bernini,M,55867,9999-01-01
425652,Tran,Birrer,M,48318,9999-01-01
425659,Hirochika,Sinicrope,F,50318,9999-01-01
425667,Padma,Minakawa,F,40000,9999-01-01
425669,Stabislas,Wrigley,F,40000,9999-01-01
425692,Prodip,Tomescu,M,44635,9999-01-01
425713,Ymte,Orlowski,M,40592,9999-01-01
425716,Khatoun,Merro,M,40714,9999-01-01
425864,Gro,Bellone,M,53385,9999-01-01
425865,Yechezkel,Emmart,M,40000,9999-01-01
425735,Jaewoo,Vanwelkenhuysen,M,40000,9999-01-01
425871,Weiye,Gimbel,M,57307,9999-01-01
425873,Visit,Conti,M,52065,9999-01-01
425876,Ingemar,Buescher,F,40000,9999-01-01
425882,Akemi,DasSarma,M,50268,9999-01-01
425889,Duri,Swift,F,40000,9999-01-01
425894,Miomir,Plessier,M,52826,9999-01-01
425738,Nechama,Rusmann,F,43695,9999-01-01
425742,Martins,Rindone,M,48392,9999-01-01
425914,Ishfaq,Melter,M,40000,9999-01-01
425759,Tiina,Molberg,M,50539,9999-01-01
425942,Frazer,Litvinov,M,76453,9999-01-01
425948,Bikash,Matzke,M,40000,9999-01-01
425760,Candido,Iisaka,M,40000,9999-01-01
425775,Jahangir,Bridgland,F,50109,9999-01-01
425960,Elliott,Terkki,M,55518,9999-01-01
425973,Satoru,Jeansoulin,M,46150,9999-01-01
425976,Bikash,Dulay,M,40000,9999-01-01
425785,Przemyslawa,Rijsenbrij,M,80813,9999-01-01
425986,Rafael,Riefers,M,86627,9999-01-01
425990,Zhilian,Pell,M,80602,9999-01-01
425994,Douadi,Baez,F,65030,9999-01-01
425996,Marla,Welham,F,40000,9999-01-01
425794,Chinhyun,Zucker,M,40000,9999-01-01
426010,Utpal,Koblitz,F,75107,9999-01-01
425795,Zine,Beetstra,F,42072,9999-01-01
425796,Billie,Erman,F,44461,9999-01-01
425806,Aemilian,Limongiello,M,40000,9999-01-01
425809,Piyawadee,Luan,F,40000,9999-01-01
425817,Cedric,Berstel,M,45071,9999-01-01
425821,Vidar,Narwekar,F,63391,9999-01-01
425836,Alois,Schnabel,M,40000,9999-01-01
426052,Manohar,Morrow,M,71406,9999-01-01
426058,Kristin,Sifakis,M,69947,9999-01-01
426061,Mohan,Hutter,F,57681,9999-01-01
426073,Jingling,Driscoll,M,45513,9999-01-01
425841,Emdad,Luders,M,40000,9999-01-01
426081,Zdislav,Cappelli,M,51097,9999-01-01
425860,JoAnna,Bakhtari,M,50035,9999-01-01
426090,Weiru,Falck,M,61540,9999-01-01
426099,Alair,Sherertz,F,58855,9999-01-01
426104,Zhenbing,Kobuchi,F,40000,9999-01-01
426243,Randi,Cummings,F,53515,9999-01-01
426119,Karsten,Herbst,F,58963,9999-01-01
426120,Atilio,Hofman,M,55794,9999-01-01
426124,Piyush,Range,M,44778,9999-01-01
426129,Nikolaus,Loncour,M,55578,9999-01-01
426133,Jeanne,Roccetti,M,40000,9999-01-01
426141,Kiyotoshi,Rettelbach,F,65216,9999-01-01
426254,Jenwei,Kornyak,F,40000,9999-01-01
426154,Fay,Schmittgen,F,81965,9999-01-01
426256,Gregory,Binkley,M,73001,9999-01-01
426178,Muzhong,Orlowska,M,46102,9999-01-01
426274,Valdiodio,Pillow,M,59911,9999-01-01
426187,Josyula,Mawatari,M,49221,9999-01-01
426193,Huiqun,Rattan,M,75063,9999-01-01
426275,Froduald,Masada,M,42446,9999-01-01
426289,Ute,Maginnis,M,40000,9999-01-01
426290,Serenella,Slobodova,M,57296,9999-01-01
426321,Dines,Ventosa,M,40000,9999-01-01
426342,Uinam,Siepmann,M,63344,9999-01-01
426417,Alenka,Cardazo,M,64420,9999-01-01
426428,Aloke,Bierbaum,M,66468,9999-01-01
426433,Danny,Welham,F,71306,9999-01-01
426437,Isamu,Lanphier,F,40000,9999-01-01
426446,Weijing,Lung,F,41731,9999-01-01
426449,Pragnesh,Waschkowski,M,56908,9999-01-01
426466,Bikash,Andreotta,F,47163,9999-01-01
426503,Janche,Herbst,F,58625,9999-01-01
426505,Tommaso,Makinen,M,52853,9999-01-01
426511,Oddvar,Polupanov,F,49354,9999-01-01
426518,Marek,Turnbull,M,65845,9999-01-01
426519,Kwee,Wossner,M,46865,9999-01-01
426529,Wayne,Zeidenstein,M,40000,9999-01-01
426346,Ranga,Petersohn,F,64572,9999-01-01
426542,Hein,Slaats,F,40000,9999-01-01
426349,Alassane,Kaelbling,F,44855,9999-01-01
426375,Suzette,Gerteisen,F,40000,9999-01-01
426570,Tamiya,Koshino,M,68317,9999-01-01
426573,Hausi,Gonthier,M,65174,9999-01-01
426579,Odinaldo,Anily,F,40000,9999-01-01
426388,Yishai,Berstel,M,40000,9999-01-01
426592,Alois,Quaggetto,M,50897,9999-01-01
426598,Rance,Demizu,F,51431,9999-01-01
426389,Chuanyi,Ellozy,F,51402,9999-01-01
426392,Urs,Perly,M,40000,9999-01-01
426394,Margo,Pettit,F,51662,9999-01-01
426399,Elvia,Heusch,F,42656,9999-01-01
426606,Adhemar,Range,M,57683,9999-01-01
426613,Parviz,Kruskal,M,42826,9999-01-01
426614,Elliott,Jullig,M,40297,9999-01-01
426401,Dmitri,Staelin,M,40000,9999-01-01
426623,Yifei,Cochrane,F,40000,9999-01-01
426405,Urs,Lorcy,F,42781,9999-01-01
426406,Irena,Ritzmann,F,84311,9999-01-01
426637,Willard,Kemmerer,M,40000,9999-01-01
426786,Tesuro,Choobineh,F,47513,9999-01-01
426648,Masako,Vilarrasa,M,49700,9999-01-01
426664,Luisa,Hartvigsen,M,47878,9999-01-01
426666,Francesca,Willoner,M,45453,9999-01-01
426669,Arup,Blokdijk,M,59389,9999-01-01
426791,Alair,Irland,F,52876,9999-01-01
426677,Waiman,Lorie,F,40000,9999-01-01
426679,Zita,Ranze,M,40000,9999-01-01
426684,Neven,Sridhar,M,79470,9999-01-01
426799,Hatim,Keirsey,M,78585,9999-01-01
426690,Aluzio,Klyachko,M,40000,9999-01-01
426701,Shem,Mandelberg,F,40000,9999-01-01
426704,Chandrasekaran,Brickell,F,60785,9999-01-01
426804,Berni,Merle,F,40000,9999-01-01
426807,Maik,Pramanik,M,69230,9999-01-01
426809,Jiann,Spieker,M,40000,9999-01-01
426729,Eldridge,Clemencon,M,54071,9999-01-01
426841,Otilia,Mondadori,M,42843,9999-01-01
426739,Chandrasekaran,Sigstam,M,40362,9999-01-01
426742,Toshiko,Swick,F,67295,9999-01-01
426844,Yuichiro,Kaltofen,M,46034,9999-01-01
426781,Reinhard,Setiz,F,45220,9999-01-01
426782,Genki,Steinauer,M,41098,9999-01-01
426783,Sahrah,Cyne,M,42697,9999-01-01
426849,Dietrich,Suermann,M,77851,9999-01-01
426864,Dines,Rissanen,M,58175,9999-01-01
426865,Demos,Krohn,M,40000,9999-01-01
426890,Tran,Karcich,F,54989,9999-01-01
426980,Dhritiman,Ushiama,F,40000,9999-01-01
426994,Zito,Nyanchama,F,69898,9999-01-01
426995,Rasikan,Spelt,F,48872,9999-01-01
426922,Leucio,Cesareni,M,40000,9999-01-01
427000,Hercules,Kaltofen,M,73229,9999-01-01
427005,Geoffrey,Demian,M,44207,9999-01-01
427010,Mingsen,Frolund,F,70660,9999-01-01
427018,Rosine,Cesareni,F,40000,9999-01-01
427024,Munenori,Niizuma,M,64528,9999-01-01
427028,Saddek,Bernardeschi,M,46731,9999-01-01
427029,Samphel,Ramalingam,M,71340,9999-01-01
426928,Kauko,Georgatos,M,69560,9999-01-01
427034,Amalendu,Yurov,F,60831,9999-01-01
426934,Yannik,Papsdorf,F,47708,9999-01-01
427040,Alain,Asmuth,F,49416,9999-01-01
426936,Reinhold,Glowinski,F,63428,9999-01-01
426937,Utz,Peroz,M,49116,9999-01-01
427055,Toong,Rosis,F,40000,9999-01-01
427058,Weidon,Ranai,M,48566,9999-01-01
426948,Stella,Waymire,M,58523,9999-01-01
427073,Wayne,Baby,M,88467,9999-01-01
426952,Susanne,Masada,M,40000,9999-01-01
427075,Berry,Cunliffe,M,51224,9999-01-01
427077,Fatemeh,Ranka,F,40000,9999-01-01
427082,Atreyi,Remmers,F,40000,9999-01-01
427156,Kwun,Herbst,M,81361,9999-01-01
427086,Xiaoshan,Vecchi,M,42634,9999-01-01
427091,Udi,Cherinka,M,73411,9999-01-01
427097,Eishiro,Socorro,M,40000,9999-01-01
427104,Sanjiv,Solares,M,40000,9999-01-01
427114,Akeel,Gustavson,F,40000,9999-01-01
427157,Faiza,Werthner,F,71553,9999-01-01
427121,Jianhao,Bolsens,M,73514,9999-01-01
427122,Uli,Ladret,F,54178,9999-01-01
427159,Adib,Zockler,M,40000,9999-01-01
427165,Toong,Radhakrishnan,M,59619,9999-01-01
427138,Bernd,Vidya,M,67909,9999-01-01
427140,Jaideep,Jeong,M,40000,9999-01-01
427171,Nigel,Rodham,M,64992,9999-01-01
427151,Juichirou,Attimonelli,F,71082,9999-01-01
427176,Khue,Seuren,F,52040,9999-01-01
427177,Moto,Rosch,M,57340,9999-01-01
427188,Sedat,Farrel,F,40000,9999-01-01
427194,Tetsurou,Tsukuda,M,62397,9999-01-01
427346,Denis,Kropf,F,82010,9999-01-01
427202,Rutger,Waeselynck,M,40000,9999-01-01
427349,Ung,Lakshmanan,M,43855,9999-01-01
427354,Bernt,Collavizza,M,61717,9999-01-01
427362,Chrisa,Melton,M,60271,9999-01-01
427212,Nitsan,Dulin,M,60328,9999-01-01
427368,Marc,Glinert,F,40000,9999-01-01
427370,Chinho,Slobodova,F,46644,9999-01-01
427371,Emdad,Ballarin,F,40000,9999-01-01
427381,Lena,Pepe,M,81557,9999-01-01
427219,Chenyi,Iisaka,M,57240,9999-01-01
427383,Oddvar,Jullig,M,55986,9999-01-01
427224,Weiyi,Merli,F,64900,9999-01-01
427237,Zhigen,Pagter,M,40000,9999-01-01
427244,Toshiko,Chenoweth,F,51742,9999-01-01
427253,Georg,Kading,F,45184,9999-01-01
427260,Jianhao,Cooke,M,40145,9999-01-01
427262,Dekang,Birge,F,52415,9999-01-01
427263,Weiyi,Pramanik,F,40598,9999-01-01
427269,Mark,Ginesta,M,40000,9999-01-01
427284,Takushi,Farrar,M,40000,9999-01-01
427426,Vasilii,Dulin,F,64667,9999-01-01
427427,Quingbo,Hanratty,M,64836,9999-01-01
427298,Saniya,Serra,M,40000,9999-01-01
427314,Valeska,Rando,M,72284,9999-01-01
427449,Reuven,Hockney,M,40000,9999-01-01
427456,Arno,Harllee,M,51537,9999-01-01
427319,Yuuichi,Deyuan,F,40000,9999-01-01
427321,Arra,Hutton,M,40000,9999-01-01
427464,Nahid,Bale,M,84384,9999-01-01
427472,Kristina,Pfau,F,71100,9999-01-01
427488,Bingning,Norsworthy,M,66775,9999-01-01
427492,Kousuke,Seiwald,M,63306,9999-01-01
427503,Goetz,Kushner,M,46060,9999-01-01
427504,Janalee,Pauthner,F,40000,9999-01-01
427529,Magy,Feldmann,M,66700,9999-01-01
427547,Roselyn,Bahi,M,40000,9999-01-01
427549,Tetsurou,Sifakis,M,52228,9999-01-01
427554,Froduald,Francisci,M,40000,9999-01-01
427556,Turgut,Brlek,M,56534,9999-01-01
427595,Noritoshi,Leijenhorst,F,54669,9999-01-01
427621,Ziya,Hofman,F,40000,9999-01-01
427623,Shaunak,Itschner,F,67866,9999-01-01
427633,Denny,Limongiello,F,40000,9999-01-01
427328,Yuuichi,Shimshoni,M,50787,9999-01-01
427645,Nalini,Jording,M,44541,9999-01-01
427650,Maya,Luck,M,40000,9999-01-01
427658,Uriel,Foong,M,50147,9999-01-01
427660,Mayuko,Gils,M,40000,9999-01-01
427664,Toshimo,Maccarone,F,50290,9999-01-01
427336,Ipke,Coney,M,51220,9999-01-01
427680,Souichi,Underwood,M,48215,9999-01-01
427682,Boalin,Birta,F,78669,9999-01-01
427686,Sangeeta,Asser,M,54411,9999-01-01
427722,Vishwani,Crooks,F,50941,9999-01-01
427693,Weiyi,Whitcomb,F,69609,9999-01-01
427697,DeForest,Juneja,M,40000,9999-01-01
427698,Siddarth,Schapire,F,42939,9999-01-01
427703,Hyuckchul,Loncour,M,40000,9999-01-01
427704,Atreyi,Lundstrom,F,40000,9999-01-01
427724,Steve,Khalid,F,44987,9999-01-01
427727,Ramzi,Melichar,M,40000,9999-01-01
427741,Arra,Grandbois,M,40000,9999-01-01
427742,Yongdong,Demke,M,74753,9999-01-01
427744,Magy,Lunt,F,55946,9999-01-01
427764,Shichao,Birdsall,F,40000,9999-01-01
427899,Angus,Mitzlaff,M,46335,9999-01-01
427900,Tse,Dredge,M,57738,9999-01-01
427902,Tamiya,Rosen,F,40000,9999-01-01
427905,Chaitali,Birdsall,M,40000,9999-01-01
427780,Khue,Montresor,F,43252,9999-01-01
427918,Billie,Llado,M,50244,9999-01-01
427783,Gennady,Alameldin,M,66443,9999-01-01
427924,Brendon,Msuda,M,89262,9999-01-01
427786,Jiong,Ozery,M,45339,9999-01-01
427935,Xiaoshan,Jonsson,M,81751,9999-01-01
427795,Adam,Hofting,M,88564,9999-01-01
427798,Djenana,Mullainathan,M,40000,9999-01-01
427948,Uriel,Khalil,M,40000,9999-01-01
427817,Vishv,Kading,F,40000,9999-01-01
427959,Alassane,Ritzmann,M,52660,9999-01-01
427966,Kazuhiro,Luft,M,49517,9999-01-01
427819,Shigehiro,Rohrbach,F,40484,9999-01-01
427988,Martial,Barvinok,F,60053,9999-01-01
427836,Zhonghua,Khasidashvili,M,54069,9999-01-01
428003,Shirish,Yamaashi,M,51510,9999-01-01
428004,Weiye,Prenel,M,84462,9999-01-01
428005,Torsten,Byoun,F,40000,9999-01-01
428006,Mohamadou,Katiyar,M,52946,9999-01-01
427841,Shaz,Schaad,M,99462,9999-01-01
428012,Tuval,Merlo,M,40000,9999-01-01
428020,Toshimitsu,Tiemann,M,93362,9999-01-01
427845,Franziska,Murillo,M,48972,9999-01-01
428028,Lenore,Driscoll,F,50442,9999-01-01
427848,Mikhail,Hutton,M,67015,9999-01-01
428042,Feixiong,Wegerle,M,40000,9999-01-01
427849,Mayuri,Rindone,F,73856,9999-01-01
428062,Shirish,Byoun,M,50454,9999-01-01
427853,Sanjay,Bisiani,F,48000,9999-01-01
428073,Lech,Improta,F,84722,9999-01-01
427856,Atreye,Kalafatis,M,41675,9999-01-01
428080,Moon,Nilsson,F,68194,9999-01-01
427866,Vivian,Mahnke,F,57548,9999-01-01
427869,Marjo,Rubsam,M,66840,9999-01-01
427883,Boriana,Vecchi,M,62369,9999-01-01
428098,Erez,Unno,M,40000,9999-01-01
427890,Aram,Rosin,M,40000,9999-01-01
428103,Takanari,Khasidashvili,M,54784,9999-01-01
428108,Hinrich,Gniady,F,40000,9999-01-01
428266,Fumiko,Junot,F,40000,9999-01-01
428122,Tooru,Georgatos,M,40000,9999-01-01
428129,Rajmohan,Motley,F,40000,9999-01-01
428134,Sadok,McDermid,F,49394,9999-01-01
428135,Insup,Diderrich,F,55354,9999-01-01
428151,Achilleas,Knightly,F,40000,9999-01-01
428153,Syozo,Koshiba,F,54771,9999-01-01
428156,Salvador,Dolinsky,M,89605,9999-01-01
428267,Saeko,Rubsam,M,40000,9999-01-01
428166,Tzvetan,Mahnke,F,40000,9999-01-01
428273,Shaleah,Thorensen,F,66864,9999-01-01
428170,Koichi,Kalefeld,F,60898,9999-01-01
428180,Wilmer,Lindqvist,M,40000,9999-01-01
428282,Yifei,Ranon,M,93753,9999-01-01
428189,Mats,Noriega,F,48681,9999-01-01
428198,Behnaam,Thibadeau,M,96792,9999-01-01
428207,Taizo,Beausoleil,M,50533,9999-01-01
428293,Wanqing,Jarecki,F,65301,9999-01-01
428224,Michaela,Pollacia,M,88754,9999-01-01
428299,Aimee,Detkin,M,48412,9999-01-01
428237,Itzchak,Passafiume,M,40000,9999-01-01
428241,Werner,Nergos,M,40000,9999-01-01
428242,Shuichi,Choobineh,F,57903,9999-01-01
428243,Leif,Ghazalie,F,40000,9999-01-01
428245,Macha,Christianini,M,40000,9999-01-01
428246,Jaihie,Koshiba,M,48827,9999-01-01
428314,Mario,Plotkin,M,61016,9999-01-01
428260,Leszek,Binding,M,40000,9999-01-01
428361,Qunsheng,Kamble,M,42624,9999-01-01
428460,Ramachenga,Decaestecker,M,40000,9999-01-01
428465,Goetz,Journel,M,44838,9999-01-01
428466,Jianhua,Olano,M,65524,9999-01-01
428372,Licheng,Neimat,M,47974,9999-01-01
428476,Zvonko,Jakobus,M,44849,9999-01-01
428478,Gay,Auria,M,67245,9999-01-01
428392,Marko,Katzenelson,M,60037,9999-01-01
428506,Qiwen,Conte,M,69086,9999-01-01
428507,Christophe,Luca,M,62083,9999-01-01
428516,Shaw,Barvinok,M,40000,9999-01-01
428402,Stein,Remmele,M,66883,9999-01-01
428528,Vishv,Leivant,M,40000,9999-01-01
428537,Fumitaka,Vecchi,M,40000,9999-01-01
428416,Narain,Murtha,M,40000,9999-01-01
428564,Indrajit,Chinen,M,40000,9999-01-01
428419,Gila,Cichocki,M,47829,9999-01-01
428421,Arne,Shanbhogue,F,80597,9999-01-01
428585,Sanjeeva,Selvestrel,M,60996,9999-01-01
428435,Parto,Itschner,M,40000,9999-01-01
428592,Noritoshi,Diderrich,F,51359,9999-01-01
428593,Gita,Ozeki,F,66795,9999-01-01
428594,Breannda,Aamodt,M,87334,9999-01-01
428620,Yinghua,Demian,M,62926,9999-01-01
428621,Gro,Thebaut,F,58312,9999-01-01
428625,Mohammad,Savasere,M,71531,9999-01-01
428630,Jenwei,Orsini,F,67106,9999-01-01
428649,Halsur,Raoux,M,40895,9999-01-01
428675,Mountaz,Erol,M,52836,9999-01-01
428678,Tomokazu,Kilgore,M,58882,9999-01-01
428682,Bojan,Halloran,M,48798,9999-01-01
428688,Alagu,Deville,F,41746,9999-01-01
428692,Tse,Versino,F,79512,9999-01-01
428705,Tommaso,Adachi,F,59399,9999-01-01
428715,Kerhong,Pappas,M,40000,9999-01-01
428725,Tonny,Berendt,M,51795,9999-01-01
428732,Adamantios,Malabarba,M,47588,9999-01-01
428742,Rasiah,Denny,M,54846,9999-01-01
428809,Gererd,Leijenhorst,M,64195,9999-01-01
428821,Gennady,Kropatsch,M,40000,9999-01-01
428833,Weiwu,Wursthorn,F,40050,9999-01-01
428836,Weiru,Hennings,M,44995,9999-01-01
428842,Gennadi,Munch,M,70287,9999-01-01
428851,Bilhanan,Berendt,F,45101,9999-01-01
428858,Tua,Lieblein,M,56597,9999-01-01
428860,Mizuhito,Joslin,M,40000,9999-01-01
428878,Yannis,Syrotiuk,F,52438,9999-01-01
428887,Yefim,Marzano,M,74840,9999-01-01
428889,Perry,Brizzi,F,40000,9999-01-01
428902,Guozhong,Hempstead,M,40000,9999-01-01
428914,Maha,Bernini,M,52694,9999-01-01
428915,Nikolaus,Granlund,F,40000,9999-01-01
428921,Conal,Gien,M,65982,9999-01-01
428923,Xiaoqiu,Hasenauer,M,55769,9999-01-01
428926,Odoardo,Merle,M,40000,9999-01-01
428930,Herb,Pelc,M,52210,9999-01-01
428934,Juichirou,Rahier,F,68076,9999-01-01
428937,Sudhanshu,Chappelet,M,40000,9999-01-01
428951,Shigeaki,Angot,F,40000,9999-01-01
428959,DeForest,Prenel,F,71364,9999-01-01
428447,Palash,Gulak,M,53691,9999-01-01
429010,Danco,Ramras,F,59703,9999-01-01
429013,Maren,Toyoshima,F,40000,9999-01-01
429020,Zorica,Iisaka,F,58611,9999-01-01
429038,Beshir,Pauthner,M,55035,9999-01-01
429194,Bingning,Scharstein,F,40000,9999-01-01
429045,Pasqua,Dolinsky,F,44249,9999-01-01
429050,Brewster,Stroustrup,F,46387,9999-01-01
429211,Abdelghani,Tchuente,M,40000,9999-01-01
429051,Mihalis,Schiettecatte,F,47671,9999-01-01
429219,Fabrizio,Katalagarianos,M,40000,9999-01-01
429220,Divine,Glinert,F,65291,9999-01-01
429055,Masoud,Radivojevic,M,40000,9999-01-01
429221,Alain,Zykh,M,40000,9999-01-01
429056,Eirik,Gils,M,64042,9999-01-01
429222,Boriana,Schmiedel,F,54512,9999-01-01
429069,Berthier,Montresor,M,60139,9999-01-01
429071,Domenico,Baik,F,63367,9999-01-01
429105,Lunjin,Denna,M,40000,9999-01-01
429260,Byong,Guardalben,M,63955,9999-01-01
429272,DeForest,Benantar,M,44602,9999-01-01
429294,Weijing,Salinas,M,40000,9999-01-01
429297,Becky,Acton,M,62115,9999-01-01
429298,Pranay,Hiyoshi,M,40000,9999-01-01
429307,Mohan,Uchoa,M,40000,9999-01-01
429315,Khatoun,Wixon,F,40000,9999-01-01
429321,Lihong,Matzel,M,40000,9999-01-01
429115,Valery,Halevi,M,48820,9999-01-01
429128,Uno,Range,F,70236,9999-01-01
429367,Kiyomitsu,Schlenzig,M,58474,9999-01-01
429369,Yifei,Luit,M,40327,9999-01-01
429130,Franziska,Zlotek,M,46609,9999-01-01
429144,Anyuan,Merks,M,61984,9999-01-01
429158,Sadegh,Mahnke,F,40000,9999-01-01
429379,Tsutomu,Danecki,M,40000,9999-01-01
429564,JoAnne,Pulkowski,M,59368,9999-01-01
429411,Pramod,Flowers,M,69292,9999-01-01
429414,Zongyan,Mahmud,M,80697,9999-01-01
429417,Morris,Valette,F,50278,9999-01-01
429422,Odinaldo,Janetzko,F,59147,9999-01-01
429423,Mabhin,Servi,M,45153,9999-01-01
429425,Duke,Nanard,M,89124,9999-01-01
429431,Huiqun,Reutenauer,M,40000,9999-01-01
429435,Fay,Perin,M,66718,9999-01-01
429443,Martial,Terekhov,M,40000,9999-01-01
429444,Peternela,Garigliano,M,40000,9999-01-01
429467,Kinh,Mitzlaff,F,44341,9999-01-01
429468,Ennio,Walston,F,64437,9999-01-01
429479,Miomir,Tetzlaff,M,69093,9999-01-01
429493,Adib,Motley,F,40000,9999-01-01
429494,Ipke,Puppe,F,58301,9999-01-01
429507,Tsutomu,Kugler,F,55107,9999-01-01
429514,Alair,Merkl,M,40000,9999-01-01
429518,Tomokazu,Poujol,M,62701,9999-01-01
429573,Samphel,Castellani,F,81577,9999-01-01
429549,Eben,Selenyi,F,57943,9999-01-01
429596,Xiahua,Zyda,F,40000,9999-01-01
429601,Stafford,Driscoll,F,80753,9999-01-01
429628,Arunachalam,Perelgut,F,40777,9999-01-01
429634,Lidong,Azevdeo,M,64413,9999-01-01
429642,Kagan,Slutz,M,40000,9999-01-01
429648,Pranjal,Gaughan,F,77032,9999-01-01
429649,Lijie,Krone,F,40000,9999-01-01
429652,Woody,Denna,M,56459,9999-01-01
429659,Jongsuk,Francisci,F,44515,9999-01-01
429665,Snehasis,Piazza,F,59982,9999-01-01
429680,Adas,Weiland,M,40000,9999-01-01
429695,Hyuncheol,Angelov,M,56850,9999-01-01
429749,Georgy,Reeken,F,40000,9999-01-01
429751,Arnould,Ushiama,M,40000,9999-01-01
429761,Gadiel,Auyong,M,55014,9999-01-01
429766,Mandell,Lorin,M,66825,9999-01-01
429785,Radhia,Iivonen,M,40000,9999-01-01
429801,Nahla,Angot,M,45392,9999-01-01
429814,Georg,Tischendorf,F,78324,9999-01-01
429836,Arumugam,Kilgour,M,60811,9999-01-01
429843,Chirstian,Lortz,F,40000,9999-01-01
429851,Dulce,Manders,M,61393,9999-01-01
429864,Shai,Quaggetto,M,71402,9999-01-01
429701,Shin,Feldmann,M,40000,9999-01-01
430128,Becky,Berztiss,F,47479,9999-01-01
429893,Wanqing,Guenter,M,46289,9999-01-01
429919,Mototsugu,Pashtan,M,64533,9999-01-01
429945,Tadahiro,Kornatzky,F,66874,9999-01-01
429961,Houman,Swiss,M,73843,9999-01-01
429974,Udo,Doering,M,40000,9999-01-01
429988,Jacopo,Riexinger,M,40000,9999-01-01
429991,Rosine,Picco,M,40000,9999-01-01
429992,Vishwani,Atrawala,M,44703,9999-01-01
430000,Otmar,Genther,M,68444,9999-01-01
430001,Lucien,Dalton,M,40000,9999-01-01
430004,Morris,Orsini,M,76277,9999-01-01
430016,Adam,Randi,F,45009,9999-01-01
430051,Muneo,Rodier,M,43771,9999-01-01
430058,Shaibal,Restivo,F,43276,9999-01-01
430079,Mikhail,England,M,80798,9999-01-01
430147,Tran,Jayawardene,F,50040,9999-01-01
430086,Zhanqiu,Unni,M,55021,9999-01-01
430098,Ymte,Rahier,F,42525,9999-01-01
430149,Gill,Luon,F,40947,9999-01-01
430101,Dekang,Veeraraghavan,M,46824,9999-01-01
430111,Tadahiko,Borstler,F,40000,9999-01-01
430315,Paloma,Engberts,F,53277,9999-01-01
430316,Otmar,Ellozy,F,59352,9999-01-01
430347,Malu,Cyne,M,69671,9999-01-01
430152,Kersti,Tsukune,M,40000,9999-01-01
430153,Kensei,Sommen,M,40000,9999-01-01
430164,Holgard,Parveen,F,57797,9999-01-01
430360,Bokyung,Bardell,M,40000,9999-01-01
430362,Marc,Baranowski,F,47142,9999-01-01
430166,Poornachandra,Ravishankar,M,81260,9999-01-01
430384,Taiji,Masand,M,54987,9999-01-01
430179,Neelam,Serna,M,83401,9999-01-01
430182,Somnath,Terekhov,F,57808,9999-01-01
430400,Shahaf,Zwicker,M,40000,9999-01-01
430403,Bowen,Rissland,F,40000,9999-01-01
430416,Laurentiu,Malabarba,M,40000,9999-01-01
430184,Leszek,Cunliffe,M,40000,9999-01-01
430438,Leszek,Jullig,M,62524,9999-01-01
430446,Guoxiang,Ghandeharizadeh,F,40000,9999-01-01
430459,Ziya,Roison,M,62345,9999-01-01
430461,Fan,Lichtner,F,64209,9999-01-01
430472,Jungsoon,Kalefeld,M,50460,9999-01-01
430477,Subhrajyoti,Angelopoulos,F,43817,9999-01-01
430481,Woody,Pauthner,F,40000,9999-01-01
430498,Danel,Krybus,M,40000,9999-01-01
430501,Candida,McConalogue,F,70113,9999-01-01
430512,Richara,Flanders,F,40000,9999-01-01
430519,Vojin,Lanteri,M,40000,9999-01-01
430523,Rosalyn,Validov,F,60537,9999-01-01
430524,Baoqiu,Schnabel,M,53266,9999-01-01
430534,Ghassan,Walston,M,50866,9999-01-01
430535,Georg,Fasbender,F,46447,9999-01-01
430543,Toshimitsu,Zongker,F,48217,9999-01-01
430196,Mechthild,Fasbender,M,56683,9999-01-01
430570,Adit,Papadias,F,40000,9999-01-01
430202,Gopalakrishnan,Pusterhofer,M,61519,9999-01-01
430224,Noritoshi,Basawa,F,44450,9999-01-01
430596,Gill,Stanger,M,54994,9999-01-01
430598,Garnik,Auria,F,44617,9999-01-01
430604,Khue,Erie,F,44095,9999-01-01
430606,Parto,Biron,M,49035,9999-01-01
430615,Babette,Stanfel,M,69601,9999-01-01
430237,Huican,Falster,M,45877,9999-01-01
430244,Halsur,Perng,M,40000,9999-01-01
430282,Gou,Skrikant,M,46580,9999-01-01
430285,Nishit,Deville,M,55650,9999-01-01
430300,Xuedong,Binkley,F,42148,9999-01-01
430616,Ashish,Tchuente,F,54272,9999-01-01
430619,Poorav,Maierhofer,F,58348,9999-01-01
430675,Shiv,Comellas,M,40000,9999-01-01
430633,Margareta,Peek,M,54373,9999-01-01
430649,Lorien,Quittner,M,51968,9999-01-01
430677,Phuoc,Kaelbling,F,67898,9999-01-01
430662,Zita,Vernadat,M,56065,9999-01-01
430683,Godehard,Braunmuhl,M,40000,9999-01-01
430685,Sergi,Jenevein,M,90101,9999-01-01
430692,Arunachalam,Yemenis,M,52510,9999-01-01
430859,Gritta,Bakhtari,F,77853,9999-01-01
430878,Jinya,Siepmann,M,40000,9999-01-01
430898,Kiyomitsu,Braunschweig,M,40000,9999-01-01
430906,Christ,Cyre,M,82501,9999-01-01
430910,Duro,Taneja,M,45988,9999-01-01
430936,Saddek,Deville,M,59043,9999-01-01
430960,Shahaf,Lorie,M,44601,9999-01-01
430990,Masamitsu,Acton,F,40664,9999-01-01
430999,Khatoun,Ranon,F,40000,9999-01-01
431009,Tremaine,Lamba,F,44962,9999-01-01
431014,Toney,Masamoto,F,40000,9999-01-01
431022,Randy,Improta,M,67602,9999-01-01
431032,Moni,Anick,F,40347,9999-01-01
431035,Mitchel,Servieres,F,52462,9999-01-01
431048,Selwyn,Sluis,M,40000,9999-01-01
431055,Rildo,Vilarrasa,F,65855,9999-01-01
431062,Chikara,Magalhaes,M,40000,9999-01-01
431073,Demin,Savasere,M,50387,9999-01-01
431078,Adib,Ananiadou,M,73990,9999-01-01
431080,Shigehito,Pauthner,F,40000,9999-01-01
431083,Ibibia,Dulin,F,40000,9999-01-01
431105,Masoud,Chaudhuri,F,70446,9999-01-01
431126,Claude,Kroon,F,43809,9999-01-01
431128,Odoardo,Esteva,F,61976,9999-01-01
431137,Marla,Veevers,F,47931,9999-01-01
431145,Kristinn,Kavanagh,M,81973,9999-01-01
431154,Saeed,Stassinopoulos,F,40000,9999-01-01
431157,Alexius,Bernick,F,48874,9999-01-01
431158,Chikako,Limongiello,F,63583,9999-01-01
431161,Troy,Rosin,M,40023,9999-01-01
431171,Marsha,Chaudhuri,M,40000,9999-01-01
431176,Kerryn,Miara,M,40000,9999-01-01
431189,Dulce,Rousseau,M,51450,9999-01-01
431194,Oscal,Nannarelli,M,42791,9999-01-01
431214,Navid,DuCasse,M,66677,9999-01-01
431245,Gina,Asser,F,40000,9999-01-01
431248,Reuven,Perri,F,77150,9999-01-01
431281,Sukumar,Guerreiro,F,90734,9999-01-01
431287,Radoslaw,Maraist,M,40000,9999-01-01
431289,Teunis,Zongker,M,40000,9999-01-01
431292,Uli,Schaaf,M,87451,9999-01-01
431304,Yuuichi,Zeleznik,M,50331,9999-01-01
431305,Masali,Riexinger,F,40000,9999-01-01
431311,Gritta,Birge,M,75970,9999-01-01
431316,Xiaoheng,Krohm,F,42501,9999-01-01
431333,Sven,Zambonelli,M,40000,9999-01-01
431337,Niteen,Hasenauer,F,65587,9999-01-01
431367,Bilhanan,Bale,F,55457,9999-01-01
431372,Bader,Rijsenbrij,M,40000,9999-01-01
431375,Surveyors,Atrawala,F,48734,9999-01-01
431378,Cristinel,Peyn,M,72664,9999-01-01
431382,Mohit,Eiron,F,40857,9999-01-01
431394,Michaela,Majewski,F,45911,9999-01-01
431395,Xuejun,Litzkow,M,40000,9999-01-01
431407,Odinaldo,Serot,M,52220,9999-01-01
431410,Kensei,Nyanchama,F,40000,9999-01-01
431412,Horward,Luce,M,43232,9999-01-01
431426,Elvia,Billingsley,M,40000,9999-01-01
431428,Arne,Impagliazzo,F,40000,9999-01-01
431430,Dannz,Rousseau,M,51229,9999-01-01
431432,Danel,Verhoeff,M,40000,9999-01-01
431441,Fumiyo,Sinicrope,M,41989,9999-01-01
431442,Murthy,Baez,M,54533,9999-01-01
431446,Hidekazu,Cangellaris,F,63683,9999-01-01
431465,Kristinn,Mahmud,M,79537,9999-01-01
431478,Poornachandra,Ratnaker,M,51362,9999-01-01
431480,Zhigen,Christ,F,63778,9999-01-01
431486,Augustine,Restivo,F,44968,9999-01-01
431495,Tadanori,Matzke,F,40000,9999-01-01
431500,KayLiang,Kroll,M,48056,9999-01-01
431510,Manu,Schiper,M,51016,9999-01-01
431515,Udaiprakash,Whittlesey,M,58193,9999-01-01
431518,Jovan,Mateescu,M,61921,9999-01-01
431530,Srinidhi,Steinauer,M,43579,9999-01-01
431556,Katsuyuki,Suermann,F,40000,9999-01-01
431557,Chiradeep,Plotkin,F,42874,9999-01-01
431558,Brewster,Pews,F,42806,9999-01-01
431588,Kannan,Ranum,F,40000,9999-01-01
431599,Xiaoshan,Pettit,M,44756,9999-01-01
431614,Piyawadee,Undy,M,56124,9999-01-01
431624,Sanjiv,Niizuma,M,40000,9999-01-01
431630,Chaoyi,Murrill,M,40000,9999-01-01
431645,Boriana,Rusterholz,M,59614,9999-01-01
431659,Hironoby,Mahmud,M,69733,9999-01-01
430698,Gadiel,Hatcliff,F,56942,9999-01-01
431666,Gregory,Sluis,M,40000,9999-01-01
431675,Giao,Kroha,M,62798,9999-01-01
431690,Sudhanshu,Bhattacharjee,M,64453,9999-01-01
431692,Houman,Lamparter,M,49368,9999-01-01
431701,Maya,Baca,M,45392,9999-01-01
431706,Remco,Heiserman,F,40000,9999-01-01
430713,Khedija,Peac,M,40000,9999-01-01
431721,Aluzio,Anandan,F,42314,9999-01-01
431731,Jianhao,Ermel,F,54343,9999-01-01
431735,Waiman,Roccetti,M,40000,9999-01-01
431744,Mabo,Oxman,F,46395,9999-01-01
430720,Arco,Peha,M,63846,9999-01-01
431751,Isaac,Alpay,M,40000,9999-01-01
431758,Huiqun,Suermann,F,62271,9999-01-01
431760,Horward,Falster,F,80524,9999-01-01
431761,Adib,Kinley,F,81278,9999-01-01
431769,Abdulla,Benaini,M,64519,9999-01-01
431773,Chuanti,Montemayor,F,82305,9999-01-01
430724,Geoff,Gruenwald,F,40750,9999-01-01
430737,Jeane,Kadhim,M,71332,9999-01-01
430742,Jiong,Scallan,F,40000,9999-01-01
431798,Masanao,Middleton,F,42011,9999-01-01
430743,Kasturi,Smeets,M,62383,9999-01-01
431810,Tadahiro,Ushiama,F,40000,9999-01-01
430754,Zengping,Langford,M,82629,9999-01-01
431818,Chaitali,Ambroszkiewicz,M,40000,9999-01-01
430759,Fumiko,Buchter,M,55232,9999-01-01
431834,Martins,Delgrange,F,43438,9999-01-01
431836,Arne,Mahmud,M,55481,9999-01-01
430772,Stepehn,Haraldson,M,47906,9999-01-01
431853,Doohun,Hooghiemstra,M,85144,9999-01-01
431866,Raimond,Kranzdorf,M,43699,9999-01-01
431869,Dietrich,Collette,M,65762,9999-01-01
430777,Hailing,Feldmann,F,71760,9999-01-01
430789,Nathan,Antonakopoulos,M,54248,9999-01-01
431895,Xiaoqiang,Speel,F,76744,9999-01-01
431896,Tokuyasu,Miara,M,66973,9999-01-01
431901,Shahid,Kandlur,M,85808,9999-01-01
430807,Suvo,Terwilliger,M,54812,9999-01-01
431917,Martijn,Gire,F,46831,9999-01-01
431922,Jungsoon,Brookman,F,40000,9999-01-01
430812,Takushi,Vernadat,M,50508,9999-01-01
430813,Bodo,Carrere,M,40000,9999-01-01
430820,Tse,Snedden,F,40000,9999-01-01
430841,Wanqing,Menyhert,F,75899,9999-01-01
431965,Gianluca,Melton,M,88347,9999-01-01
430848,Xuejun,Shimshoni,M,57916,9999-01-01
430854,Collette,Tsunoo,M,64451,9999-01-01
432167,Peternela,Talmon,F,40000,9999-01-01
431969,Uriel,Maksimenko,F,53485,9999-01-01
431982,Randi,Parfitt,M,54422,9999-01-01
431989,Shaz,Baez,M,84359,9999-01-01
432188,Yishai,Haraldson,M,61813,9999-01-01
432234,Margo,Koshiba,M,44030,9999-01-01
432029,Domenick,Georgatos,M,40000,9999-01-01
432035,Fox,Plump,F,64035,9999-01-01
432039,Mansur,Veeraraghavan,M,50908,9999-01-01
432048,Feipei,Fritzsche,F,48922,9999-01-01
432054,Van,McAffer,F,45540,9999-01-01
432056,Jouko,Spinelli,M,65783,9999-01-01
432068,Arif,Wegerle,M,55760,9999-01-01
432074,Mayumi,Sooriamurthi,M,50361,9999-01-01
432247,Hein,Pouyioutas,F,40000,9999-01-01
432082,Mihalis,Rebaine,F,40000,9999-01-01
432083,Xiaoqiang,Assaf,F,40000,9999-01-01
432087,Hidefumi,Garigliano,F,40000,9999-01-01
432088,Tristan,Frezza,M,50461,9999-01-01
432250,Zejun,Bernatsky,M,68245,9999-01-01
432106,Kirk,Thorelli,F,57655,9999-01-01
432256,Youssef,Aseltine,M,45890,9999-01-01
432110,Vasiliy,Debuse,M,50658,9999-01-01
432116,Henk,Besselaar,F,50125,9999-01-01
432267,Siddarth,Rosen,M,109998,9999-01-01
432122,Alair,Poupard,M,46008,9999-01-01
432131,Goncalo,Boudaillier,F,57089,9999-01-01
432141,Marsha,Hebert,M,40000,9999-01-01
432284,Oksana,Dredge,M,78005,9999-01-01
432144,Yuping,Biros,F,40000,9999-01-01
432288,Yuuichi,Kroha,M,41867,9999-01-01
432298,Xiaopeng,Sankaranarayanan,F,59177,9999-01-01
432341,Saddek,Shihab,F,40000,9999-01-01
432308,Masasuke,Roison,F,42835,9999-01-01
432356,Yakichi,Viele,M,62681,9999-01-01
432316,Yahiko,Gecsel,M,40000,9999-01-01
432367,Huiqun,Bondorf,F,40000,9999-01-01
432317,Lucian,Pluym,F,46113,9999-01-01
432380,Duro,Anick,M,46736,9999-01-01
432318,Khedija,Krohm,M,50133,9999-01-01
432324,True,Fiebach,M,40000,9999-01-01
432402,Adib,Basagni,M,43555,9999-01-01
432534,Eran,Zeilberger,F,49722,9999-01-01
432412,Ibibia,Leonhardt,M,43088,9999-01-01
432419,Yifei,Brookner,F,61476,9999-01-01
432423,Jingling,Stifter,F,40000,9999-01-01
432426,Achilleas,Szemeredi,M,62465,9999-01-01
432436,Leni,Ozeri,M,49987,9999-01-01
432440,Nagui,Karlin,M,47916,9999-01-01
432442,Fabrizio,Azadmanesh,M,40000,9999-01-01
432453,Mrinalini,Garnham,M,60110,9999-01-01
432538,Isaac,Matzat,F,62840,9999-01-01
432468,Nalini,McAlpine,M,40000,9999-01-01
432476,Seongbae,Mikschl,M,40000,9999-01-01
432542,Hitofumi,Syang,F,42539,9999-01-01
432483,Zhanqiu,Taneja,M,76880,9999-01-01
432484,Guangming,Harbusch,M,41262,9999-01-01
432545,Chikako,Tanemo,M,43040,9999-01-01
432497,Sreekrishna,Champarnaud,M,67221,9999-01-01
432502,Kerhong,Kalefeld,F,42595,9999-01-01
432547,Gretta,Waeselynck,F,81540,9999-01-01
432512,Pranjal,Colorni,M,76142,9999-01-01
432550,Sailaja,Streng,M,40000,9999-01-01
432516,Arlette,Karcich,M,40000,9999-01-01
432554,Mana,Yemenis,F,75363,9999-01-01
432555,Herbert,Krybus,M,40000,9999-01-01
432566,Dzung,Orlowski,M,56397,9999-01-01
432710,Paraskevi,Bardell,F,52879,9999-01-01
432578,Danco,Khalid,F,73361,9999-01-01
432727,Sushant,Lovengreen,F,43224,9999-01-01
432730,Nevio,Trystram,F,48673,9999-01-01
432581,Vivian,Perl,M,46362,9999-01-01
432749,Miomir,Heemskerk,M,67856,9999-01-01
432583,Seongbin,Mitsuhashi,F,114927,9999-01-01
432757,Teiji,Erni,M,41315,9999-01-01
432588,Matk,Krichel,M,40000,9999-01-01
432783,Ingmar,Morrow,M,40000,9999-01-01
432789,Leucio,Slaats,M,44771,9999-01-01
432795,Toney,Schoegge,M,80955,9999-01-01
432798,Berry,Denna,M,40000,9999-01-01
432804,Bluma,McDermid,M,65010,9999-01-01
432807,Alenka,Oppitz,M,63667,9999-01-01
432810,Sibyl,Fetvedt,M,49996,9999-01-01
432818,Parviz,Escriba,F,62095,9999-01-01
432828,Chikako,Malabarba,M,59472,9999-01-01
432841,KayLiang,Kragelund,F,40000,9999-01-01
432855,Kiyotoshi,Encarnacion,F,61108,9999-01-01
432859,Guther,Massonet,M,40000,9999-01-01
432861,Kshitij,Morris,F,40172,9999-01-01
432865,Mitsuyuki,Serra,M,73728,9999-01-01
432880,Shalesh,Masand,M,66891,9999-01-01
432881,Shan,Egerstedt,M,40000,9999-01-01
432906,Filipe,Streng,F,61849,9999-01-01
432915,Guangming,Staudhammer,M,77488,9999-01-01
432918,Nechama,Ferretti,M,40000,9999-01-01
432920,Samphel,Dechter,M,58213,9999-01-01
432943,Mokhtar,Asser,M,40000,9999-01-01
432957,Fabrizio,Quadeer,M,60174,9999-01-01
432973,Zissis,Maccarone,F,58229,9999-01-01
432976,Duke,Demizu,M,40000,9999-01-01
432978,Pasqua,Herath,M,72631,9999-01-01
433001,Wilmer,Eickenmeyer,F,59031,9999-01-01
433004,Shuho,Khamsi,M,90488,9999-01-01
433015,Mohd,Braccini,M,54709,9999-01-01
433020,Adas,Rahimi,M,40000,9999-01-01
433022,Hinrich,Yetim,M,62371,9999-01-01
433036,Anestis,Yeung,F,41290,9999-01-01
433038,Reinhard,Miake,M,81105,9999-01-01
433039,Pasqua,Borstler,F,40000,9999-01-01
433042,Vatsa,Decleir,F,40000,9999-01-01
433044,Neven,Setiz,M,40000,9999-01-01
433045,Torsten,Woycyznski,M,40000,9999-01-01
433066,Remco,Hooghiemstra,F,40000,9999-01-01
433077,Zongyan,Mungall,M,73803,9999-01-01
433094,Xinglin,Matzke,M,49912,9999-01-01
433096,Palash,Brookman,M,40000,9999-01-01
433105,Leif,Cmelik,F,79436,9999-01-01
433127,Masali,Hellwagner,M,54486,9999-01-01
433130,Mihalis,Itzfeldt,F,40000,9999-01-01
433131,Abdulla,Papastamatiou,M,40613,9999-01-01
433134,Isaac,Zirintsis,M,40000,9999-01-01
433146,Larisa,Pettis,M,40000,9999-01-01
433151,Mrinalini,Pauthner,M,73395,9999-01-01
433160,Bingning,Hutter,M,40000,9999-01-01
433166,Ult,Fabrizio,F,40000,9999-01-01
433172,Nagui,Curless,M,40000,9999-01-01
433180,Yuichiro,Panwar,M,55355,9999-01-01
433188,Bernt,Petereit,M,40000,9999-01-01
433193,Badri,Shihab,M,50084,9999-01-01
433203,Shigenori,Cappelli,F,71506,9999-01-01
433208,Hidefumi,Erev,M,40000,9999-01-01
433217,Ebbe,Valette,M,40000,9999-01-01
433219,Tristan,DuCasse,M,40000,9999-01-01
433221,Neelam,Biron,M,46569,9999-01-01
433235,Premsyl,Serov,M,40000,9999-01-01
433239,Marlo,Vadhan,M,53462,9999-01-01
433245,Duangkaew,Pleszkun,F,40000,9999-01-01
433251,Yuriy,Fiutem,M,50291,9999-01-01
433252,Hitomi,Lorie,F,40000,9999-01-01
433271,Freyja,Naumovich,M,49484,9999-01-01
433293,Emran,Mansanne,F,64774,9999-01-01
433300,Tonia,Kleiser,M,40488,9999-01-01
433307,Filipp,Norsworthy,F,79896,9999-01-01
433320,Gunilla,Takkinen,M,88931,9999-01-01
433321,Mabo,Msuda,F,64727,9999-01-01
433343,Radhika,Cmelik,M,51291,9999-01-01
433350,Pasqua,Danner,F,41407,9999-01-01
433360,Chanjung,Setlzner,M,40000,9999-01-01
433372,Rasiah,Yemenis,M,73635,9999-01-01
433381,Nakhoon,Heering,F,61110,9999-01-01
433385,Kazuhide,Cardazo,M,40000,9999-01-01
433408,DeForest,Gerteisen,F,40797,9999-01-01
433414,Juyoung,Brattka,M,60815,9999-01-01
433433,Shem,Koprowski,M,43761,9999-01-01
433440,Younwoo,Straney,M,78350,9999-01-01
433455,Yannik,Eldridge,M,40000,9999-01-01
433460,Carrsten,Halevi,M,59982,9999-01-01
433481,Fumino,Rouquie,M,40000,9999-01-01
433488,Wayne,Antonisse,M,67143,9999-01-01
433509,Dzung,Demian,M,71106,9999-01-01
433514,Susanne,Mikschl,M,40000,9999-01-01
433520,Armond,Cairo,M,54811,9999-01-01
433534,Filipe,Kleiser,F,41088,9999-01-01
433537,Roselyn,Picel,M,40000,9999-01-01
433538,Hidde,Vieth,F,40000,9999-01-01
433539,Jacopo,Sridhar,M,65332,9999-01-01
433576,Marsja,Portugali,M,40000,9999-01-01
433606,Taisook,Baba,M,40000,9999-01-01
433608,Aruna,Simkin,F,83847,9999-01-01
433628,Vishu,Copas,M,44618,9999-01-01
433631,Bodh,Luff,M,89623,9999-01-01
433647,Shmuel,Pramanik,M,45177,9999-01-01
433656,Pragnesh,Silva,M,40000,9999-01-01
433663,Arnd,Francisci,M,56560,9999-01-01
433665,Aimee,Kusalik,F,87168,9999-01-01
433670,Mohamadou,Bresenham,F,83846,9999-01-01
433679,Serenella,Katzenelson,F,40000,9999-01-01
433687,Conrado,Giveon,F,50112,9999-01-01
433689,Make,Borovoy,F,40000,9999-01-01
433696,Prasadram,Fargier,F,48710,9999-01-01
433699,Serif,Sifakis,M,41956,9999-01-01
433701,Dante,Rando,F,43827,9999-01-01
433710,Gou,Baezner,M,40000,9999-01-01
432589,Baziley,Alvarado,F,46216,9999-01-01
433723,Goh,Taneja,F,40548,9999-01-01
432612,Masaki,Sinitsyn,F,46355,9999-01-01
433732,Miquel,Chepyzhov,M,100686,9999-01-01
433738,Toshimi,Petersohn,M,50419,9999-01-01
433749,Marjo,Huhdanpaa,F,40000,9999-01-01
433754,Leon,Sommen,F,41907,9999-01-01
433759,Ugo,Preusig,M,91298,9999-01-01
433764,Conrado,Zolotykh,M,43414,9999-01-01
433776,Kauko,Castellani,F,54621,9999-01-01
432625,LiMin,Steinauer,F,40000,9999-01-01
433790,Prodip,Rusmann,F,55395,9999-01-01
433799,Kwangsub,Luga,M,40000,9999-01-01
432627,Jamaludin,Usdin,F,64883,9999-01-01
432630,Heejo,Luef,M,40000,9999-01-01
432653,Nevin,Skrikant,M,51254,9999-01-01
433822,Lucien,Garnham,M,64772,9999-01-01
433828,Elzbieta,Matzov,M,66671,9999-01-01
433829,Mayumi,Murrill,M,52307,9999-01-01
433848,Arun,Hanratty,M,42940,9999-01-01
432658,Zhiguo,Demizu,M,40000,9999-01-01
433869,Mang,Kalorkoti,M,60312,9999-01-01
433873,Uwe,Alpin,M,40689,9999-01-01
433880,Arumugam,Peek,F,40000,9999-01-01
432662,Paddy,Maierhofer,F,61114,9999-01-01
433888,Armond,Sommen,M,40000,9999-01-01
433891,Samphel,Bamford,F,53071,9999-01-01
433900,Salvador,Varley,F,91770,9999-01-01
433902,Nevin,Dusink,M,40000,9999-01-01
433925,Hausi,Varley,M,56115,9999-01-01
433926,Xiaobin,Alblas,F,41355,9999-01-01
433928,Shiv,Szmurlo,M,58080,9999-01-01
433936,Kyoichi,Reeken,F,40000,9999-01-01
433938,Venkatesan,Azadmanesh,M,63989,9999-01-01
433939,Valdiodio,Wrigley,M,40000,9999-01-01
433941,Zejun,Ozeri,M,67780,9999-01-01
433949,Alejandra,Mondadori,F,53977,9999-01-01
433955,Niteen,Daescu,F,70623,9999-01-01
433962,Mani,Waleschkowski,M,40000,9999-01-01
433966,Yannik,Bruckman,F,40000,9999-01-01
433973,Behnaam,Speek,M,54308,9999-01-01
433992,Isamu,Gien,M,40000,9999-01-01
433998,Chiradeep,Pettis,M,86921,9999-01-01
434004,Xiahua,Haddadi,F,55050,9999-01-01
434017,Wuxu,Radivojevic,M,40000,9999-01-01
434019,Kristen,Swiler,M,40000,9999-01-01
434023,Kristian,Worfolk,F,64796,9999-01-01
434028,Shen,Biron,M,40000,9999-01-01
434033,Sedat,Itzfeldt,M,40000,9999-01-01
434034,Yoshimitsu,Shihab,F,87804,9999-01-01
434036,Mingzeng,Suri,M,40000,9999-01-01
434038,Chirstian,Kaiserswerth,F,72458,9999-01-01
434051,Steve,Legleitner,M,50218,9999-01-01
434058,Masami,Eterovic,F,64566,9999-01-01
432663,Pohua,Delgrande,F,40000,9999-01-01
434080,Tru,Pettis,F,45095,9999-01-01
434082,Filipe,Swick,F,40000,9999-01-01
434084,Abdelghani,Cappello,F,90879,9999-01-01
434089,Mamdouh,Bratten,F,44226,9999-01-01
432671,Alain,Ushiama,M,40087,9999-01-01
434106,Muzhong,Simmen,M,40000,9999-01-01
434111,Satoru,Demeyer,F,40000,9999-01-01
434113,Miyeon,Walston,M,44909,9999-01-01
434114,Nobuyoshi,Portugali,M,79837,9999-01-01
434120,Dayanand,Baca,M,78682,9999-01-01
434121,Tadahiro,Rabejac,F,40000,9999-01-01
432675,Kazunori,Veeraraghavan,M,60283,9999-01-01
434143,Barna,Zhiwei,F,61316,9999-01-01
432676,Leaf,Borovoy,M,65760,9999-01-01
434158,Hiroyasu,Fasbender,M,41439,9999-01-01
432678,Kitty,Peak,M,40000,9999-01-01
434178,Lillian,Makinen,M,44443,9999-01-01
432683,Gina,Nishimukai,M,40000,9999-01-01
432693,Zhaofang,Matzat,F,52272,9999-01-01
434377,Katsuo,Pollacia,M,40000,9999-01-01
434200,Georg,Beutelspacher,M,49570,9999-01-01
434202,Lenore,Unno,F,42716,9999-01-01
434214,Oscal,Fabrizio,F,40000,9999-01-01
434385,Kerryn,Callaway,F,43096,9999-01-01
434226,Miquel,Gulla,M,82185,9999-01-01
434234,Younwoo,Rothenberg,M,86267,9999-01-01
434236,Rosalie,Vilarrasa,F,40000,9999-01-01
434238,Stein,Frijda,M,57085,9999-01-01
434391,Ulf,Schahn,M,52690,9999-01-01
434249,Malu,Bonifati,F,65294,9999-01-01
434250,Ulises,Jansch,M,61249,9999-01-01
434431,Berto,Hiroyama,F,77293,9999-01-01
434262,Kerryn,Peir,M,55038,9999-01-01
434272,Woody,Roccetti,F,49289,9999-01-01
434274,Turgut,Katalagarianos,M,40000,9999-01-01
434278,Sedat,Binding,M,40000,9999-01-01
434289,Sajjan,Broomell,F,74570,9999-01-01
434309,Georgi,Tsukuda,F,40000,9999-01-01
434310,Dmitry,Einsfeld,F,40000,9999-01-01
434442,Paraskevi,Ishibashi,M,51501,9999-01-01
434318,Joydip,Taneja,F,52867,9999-01-01
434456,Maha,Picci,M,46178,9999-01-01
434327,Adhemar,Middleton,M,51612,9999-01-01
434339,Danae,Lorch,M,85416,9999-01-01
434458,Mari,Stellhorn,M,60952,9999-01-01
434466,Geoff,Servieres,F,40000,9999-01-01
434360,Aram,Zolotykh,M,64406,9999-01-01
434362,Guttorm,Demizu,M,49044,9999-01-01
434365,Takahira,Isard,M,40000,9999-01-01
434496,Rosalyn,Vecchio,F,58287,9999-01-01
434505,Jianhua,Fritzsche,F,40000,9999-01-01
434558,Shichao,Harllee,M,69161,9999-01-01
434560,Gudjon,Petereit,M,49514,9999-01-01
434507,Baruch,Carrere,M,67852,9999-01-01
434508,Kendra,Birjandi,M,62851,9999-01-01
434578,Rimon,Cangellaris,M,54173,9999-01-01
434580,Oscal,Saoudi,M,65544,9999-01-01
434519,Zissis,Eiron,M,40853,9999-01-01
434523,Pintsang,Danecki,F,43743,9999-01-01
434602,Maja,Angel,F,49350,9999-01-01
434604,Ranga,Kossowski,M,55627,9999-01-01
434534,Marla,Naudin,M,40000,9999-01-01
434606,Hugh,Krupka,M,44212,9999-01-01
434546,Mahmut,Whitcomb,F,59912,9999-01-01
434631,Arup,Cannane,F,41989,9999-01-01
434632,Gladys,Thombley,M,51060,9999-01-01
434549,Sachio,Quaggetto,M,40000,9999-01-01
434640,Ult,Picaronny,F,40000,9999-01-01
434552,Shaibal,Setiz,M,40000,9999-01-01
434742,Siamak,Levergood,F,40000,9999-01-01
434670,Gilbert,Valette,M,76156,9999-01-01
434673,Jeanne,Menhoudj,F,75145,9999-01-01
434674,Shrikanth,Demeyer,F,63376,9999-01-01
434758,Alair,Tzvieli,F,48812,9999-01-01
434690,Zijian,Hammerschmidt,F,73536,9999-01-01
434700,Abdelwaheb,Botman,M,40000,9999-01-01
434704,Adin,Schaar,F,40000,9999-01-01
434760,Fumitake,Gill,F,40000,9999-01-01
434762,Shaibal,Dalphin,M,42295,9999-01-01
434766,Basim,Babu,M,63078,9999-01-01
434770,Aluzio,Mamelak,M,40000,9999-01-01
434785,Sachin,Penn,M,45379,9999-01-01
434789,Heeju,Vuskovic,F,44146,9999-01-01
434790,Lorien,Baaz,M,45666,9999-01-01
434792,Wojceich,Veevers,M,45687,9999-01-01
434794,Leni,Piazza,M,42864,9999-01-01
434807,Licheng,Karner,F,49799,9999-01-01
434949,Hausi,Lores,M,42020,9999-01-01
434950,Berto,Sadowski,M,40000,9999-01-01
434957,Chandrasekaran,Munos,F,54925,9999-01-01
434809,Stamatina,Peres,M,40000,9999-01-01
434824,Randy,Goodrum,M,58694,9999-01-01
434974,Alper,Piveteau,M,60106,9999-01-01
434977,Arvin,Scallan,F,40000,9999-01-01
434988,Adin,Cannata,F,40000,9999-01-01
434995,Mads,Yoshimura,M,74471,9999-01-01
434832,Vojin,Mitzlaff,F,50128,9999-01-01
434997,Ranan,Taubman,M,51308,9999-01-01
435006,Panayotis,Thisen,F,59292,9999-01-01
434833,Uma,Shackell,M,44303,9999-01-01
434896,Zhensheng,Furudate,F,40000,9999-01-01
435032,Spyrose,Linnainmaa,F,42954,9999-01-01
435040,Shaowen,Otillio,F,40000,9999-01-01
435047,Danco,Hiyoshi,F,63744,9999-01-01
435048,Wonhee,Matheson,F,40000,9999-01-01
435063,Troy,Lenart,F,47483,9999-01-01
435065,Roddy,Denna,M,52684,9999-01-01
435078,Hatsukazu,Parfitt,F,49866,9999-01-01
435109,Keung,Rikino,M,40000,9999-01-01
435111,Gully,Khasidashvili,M,40000,9999-01-01
435126,Zeydy,Bernardeschi,F,41687,9999-01-01
435127,Pranas,Lovengreen,M,83044,9999-01-01
435135,Anoosh,Keirsey,M,56825,9999-01-01
434923,Heather,Riefers,F,73472,9999-01-01
435148,Gennady,Buchter,F,72090,9999-01-01
435156,Munir,Emmerich,F,47797,9999-01-01
435165,Freyja,Coors,M,53087,9999-01-01
434924,Feiyu,Morton,M,40000,9999-01-01
435311,Qunsheng,Hartvigsen,F,40000,9999-01-01
435198,Krisda,Dengi,F,40000,9999-01-01
435199,Pranay,Butterworth,M,51720,9999-01-01
435210,Huiqun,Zongker,F,69416,9999-01-01
435220,Poorav,Basawa,F,40000,9999-01-01
435240,Cullen,Janetzko,F,41157,9999-01-01
435241,Takahito,Ciolek,M,52129,9999-01-01
435312,Hatsukazu,Kisuki,M,47659,9999-01-01
435313,Fun,Vitiello,M,48857,9999-01-01
435277,Sadegh,Prochazka,F,66652,9999-01-01
435283,Naftali,Lieblein,M,41915,9999-01-01
435315,Georgi,Turnbull,F,50612,9999-01-01
435326,Subir,Bonifati,F,40000,9999-01-01
435345,Karoline,Murtafg,M,57973,9999-01-01
435491,Kristinn,Bashian,F,58317,9999-01-01
435350,Abdulla,Debuse,F,65081,9999-01-01
435512,Yakkov,Orsini,F,67391,9999-01-01
435354,Bowen,Bashian,F,92868,9999-01-01
435533,Stein,Giarratana,M,86844,9999-01-01
435403,Dharmaraja,Ghelli,F,40000,9999-01-01
435553,Somnath,Moffat,M,74641,9999-01-01
435555,Along,Cairo,F,82602,9999-01-01
435566,Licheng,Kawashima,M,42107,9999-01-01
435576,Urs,Felder,M,59169,9999-01-01
435587,Mohua,Narahari,F,43835,9999-01-01
435590,Adel,Hardjono,F,40302,9999-01-01
435598,Remko,Peltason,F,66423,9999-01-01
435606,Kerhong,Aingworth,M,56684,9999-01-01
435611,Fabrizio,Shokrollahi,M,41598,9999-01-01
435617,Almudena,Broder,M,40000,9999-01-01
435618,Bouchung,Riesenhuber,M,40000,9999-01-01
435623,Paraskevi,Demos,M,49493,9999-01-01
435630,Dines,Baer,F,71684,9999-01-01
435640,Zdislav,Kitai,F,56271,9999-01-01
435645,Branimir,Hennings,M,40000,9999-01-01
435417,Ranga,Melski,M,40000,9999-01-01
435666,Dmitry,Zhang,M,59062,9999-01-01
435679,Ravishankar,Herath,F,40000,9999-01-01
435426,Vasilis,Yeung,F,40000,9999-01-01
435690,Zhonghua,Wynblatt,F,68350,9999-01-01
435691,Hinrich,Erev,M,40000,9999-01-01
435697,Miquel,McDermid,M,44165,9999-01-01
435713,Ortrun,Daescu,F,56325,9999-01-01
435719,Gritta,Sidou,M,68322,9999-01-01
435720,Shahaf,Rijsenbrij,F,40000,9999-01-01
435729,Yuuichi,Kroft,F,41183,9999-01-01
435427,Manibrata,Gewali,F,45774,9999-01-01
435442,Yinghua,Shimshoni,F,40000,9999-01-01
435753,Matk,Ratzlaff,M,54531,9999-01-01
435775,Babette,Wiegley,F,50787,9999-01-01
435782,Shugo,Bolotov,F,46912,9999-01-01
435783,Guozhong,Ghazalie,F,45898,9999-01-01
435785,Yongmin,Validov,M,58263,9999-01-01
435456,Chiradeep,Bazzichi,F,45009,9999-01-01
435799,Gudjon,Kaiserswerth,M,87210,9999-01-01
435806,Moie,Ventosa,M,40000,9999-01-01
435810,Fumiya,Deyuan,F,53293,9999-01-01
435812,Kazuhisa,Rosca,F,58864,9999-01-01
435819,Manton,Merey,M,40000,9999-01-01
435827,Shimshon,Weisert,F,40777,9999-01-01
435830,Yechiam,Zaumen,M,40000,9999-01-01
435836,Basil,Delgrande,F,40000,9999-01-01
435842,Nigel,Wroclawski,F,40000,9999-01-01
435843,Fei,Gammage,F,40000,9999-01-01
435459,Arto,Heuser,M,46509,9999-01-01
435467,Duke,Lodder,M,67051,9999-01-01
435851,Tru,Asser,M,67996,9999-01-01
435856,Yurij,Morrow,M,40000,9999-01-01
436049,Golgen,Schmiedel,M,40000,9999-01-01
435880,Kwangsub,Giarratana,M,40000,9999-01-01
435893,Charlene,Byoun,F,40000,9999-01-01
435911,Patricia,Perez,F,43821,9999-01-01
435916,Cullen,Murtha,M,47875,9999-01-01
435952,Toshimi,Back,M,58901,9999-01-01
435967,Izaskun,Schneeberger,M,52660,9999-01-01
435980,Toney,Rando,M,76720,9999-01-01
436050,Christophe,Emiris,F,41179,9999-01-01
435992,Kish,Herber,F,40000,9999-01-01
435995,Jovan,Anger,M,40000,9999-01-01
435998,Ymte,Wrigley,F,44243,9999-01-01
436001,Guenter,Restivo,F,48629,9999-01-01
436002,Kazuyasu,Takanami,F,40000,9999-01-01
436005,Kristen,Poupard,F,57348,9999-01-01
436007,Wonhee,Soicher,F,40000,9999-01-01
436008,Jordanka,Hasenauer,M,40000,9999-01-01
436016,Uma,Shokrollahi,M,40000,9999-01-01
436020,Rutger,Wielonsky,M,40000,9999-01-01
436061,Ekawit,Ressouche,M,64383,9999-01-01
436031,Jaques,Schmezko,M,40000,9999-01-01
436062,Kshitij,Ibel,M,68800,9999-01-01
436069,Xumin,Spieker,M,40000,9999-01-01
436225,Mani,Penz,M,41222,9999-01-01
436243,Evgueni,Fujisaki,M,48717,9999-01-01
436073,Pranjal,Lyonns,M,40000,9999-01-01
436254,Tsutomu,Bellone,M,81325,9999-01-01
436074,Jessie,Morrow,F,65240,9999-01-01
436077,Mabo,Macedo,M,63384,9999-01-01
436094,Mads,McDermid,F,67686,9999-01-01
436302,Ymte,Schurmann,F,70658,9999-01-01
436304,Mohammed,Sommer,F,40000,9999-01-01
436307,Parke,Sambasivam,F,40000,9999-01-01
436319,Ramzi,Emmerich,F,40959,9999-01-01
436124,Padma,Binding,F,48245,9999-01-01
436339,Berthier,Koblitz,M,40000,9999-01-01
436342,Sreenivas,Lorho,F,40000,9999-01-01
436344,Manibrata,Anily,F,54917,9999-01-01
436372,Abdelkader,Leslie,F,45073,9999-01-01
436394,Guther,Chappelet,M,40177,9999-01-01
436395,Percy,Meszaros,M,59676,9999-01-01
436126,Janalee,Baek,M,66896,9999-01-01
436130,Guenter,Lorys,F,40000,9999-01-01
436144,Mark,Morrow,F,45592,9999-01-01
436419,Randi,Schapiro,M,49248,9999-01-01
436431,Uriel,Hutton,F,86848,9999-01-01
436433,Ibibia,Morrow,M,40000,9999-01-01
436442,Mang,Takanami,M,62859,9999-01-01
436446,Tze,Bazzichi,M,62716,9999-01-01
436449,Tetsurou,Wilfing,M,43763,9999-01-01
436457,Wilmer,Deville,F,75240,9999-01-01
436148,Basant,Cairo,F,68773,9999-01-01
436467,Rafael,Edelhoff,M,40000,9999-01-01
436473,Nakhoon,Braunmuhl,F,68869,9999-01-01
436484,Florina,Dehkordi,M,43765,9999-01-01
436490,Hsiangchu,Willoner,M,64848,9999-01-01
436491,Marsja,Jakobus,M,48999,9999-01-01
436498,Nathalie,Falco,F,40000,9999-01-01
436499,Charlene,Trachtenberg,F,40000,9999-01-01
436508,Taegyun,Michaeli,M,59174,9999-01-01
436514,Mahendra,Fritzsche,M,52379,9999-01-01
436515,Djenana,Krone,M,40000,9999-01-01
436525,Abdulah,Langford,F,56029,9999-01-01
436540,Bedrich,Ishibashi,M,55532,9999-01-01
436585,Adib,Pargas,F,62647,9999-01-01
436599,Parke,Zhang,F,40000,9999-01-01
436603,Duro,Rodite,M,44118,9999-01-01
436612,Koldo,Kumaresan,M,42719,9999-01-01
436615,Jolita,Lortz,F,54629,9999-01-01
436156,Nectarios,Benaini,M,60657,9999-01-01
436625,Shim,Pluym,F,67434,9999-01-01
436635,Godehard,Levergood,F,40000,9999-01-01
436639,Lidong,Krogh,M,67887,9999-01-01
436644,Boguslaw,Luks,M,40000,9999-01-01
436645,Gil,Pouyioutas,M,40000,9999-01-01
436646,Dante,Rotem,M,40000,9999-01-01
436651,Weijing,Birnbaum,M,80851,9999-01-01
436652,Marek,Anger,M,40000,9999-01-01
436653,Anoosh,Siepmann,M,60661,9999-01-01
436656,Rimon,Joslin,M,40000,9999-01-01
436662,Mingzeng,Versino,M,51517,9999-01-01
436178,Venkatesan,Ozery,F,40000,9999-01-01
436684,Alejandra,Molenkamp,M,42992,9999-01-01
436686,Yishay,Tiemann,F,42347,9999-01-01
436693,JoAnna,Sherertz,F,62904,9999-01-01
436694,Katsuo,Rothe,F,40000,9999-01-01
436697,Xinan,Sanella,F,40000,9999-01-01
436698,Emdad,McClurg,M,85810,9999-01-01
436705,Margareta,Spataro,F,73901,9999-01-01
436714,Gill,Lores,M,49390,9999-01-01
436718,Poornachandra,Uchoa,F,40000,9999-01-01
436731,Berni,Uhrig,M,40000,9999-01-01
436744,Remzi,Luders,M,83358,9999-01-01
436183,Geoffrey,Jakobus,F,42789,9999-01-01
436757,Guiseppe,Lunt,F,50394,9999-01-01
436188,Bedir,Bridgland,F,76464,9999-01-01
436191,Aram,Rajcani,M,40000,9999-01-01
436196,Kolar,Cherinka,M,42441,9999-01-01
436205,Rosita,Zielinski,M,50259,9999-01-01
436792,Taizo,Luca,M,62808,9999-01-01
436209,Manton,Kermarrec,F,40000,9999-01-01
436822,Nahid,Yavatkar,F,40000,9999-01-01
436218,Gladys,Bergere,M,40000,9999-01-01
436836,Mads,Muchinsky,F,66249,9999-01-01
436842,Tomofumi,Krzyzanowski,M,64016,9999-01-01
436965,Falguni,Leijenhorst,M,64942,9999-01-01
436848,Nitsan,Naudin,M,46301,9999-01-01
436969,Jianhua,Olano,F,46772,9999-01-01
436869,Billie,Barinka,F,67335,9999-01-01
436981,Satoru,Champarnaud,M,45127,9999-01-01
436886,Martins,Benzmuller,M,40000,9999-01-01
436893,Duro,Perko,F,48706,9999-01-01
436897,Shimshon,Gyorkos,F,58813,9999-01-01
436991,Nikolaos,Ratnakar,M,62150,9999-01-01
436904,Tse,Fontan,F,86974,9999-01-01
436909,Yuriy,Standera,M,40000,9999-01-01
436913,Kauko,Luders,F,40000,9999-01-01
437024,Ioana,Jullig,M,93688,9999-01-01
437148,Elvis,Sambasivam,M,50630,9999-01-01
437033,Gregory,Tsunoo,M,52688,9999-01-01
437159,Munehiko,Ritzmann,M,42772,9999-01-01
437166,Gennady,Ariola,F,66763,9999-01-01
437178,Radhika,Suwa,M,50281,9999-01-01
437181,Hiroyasu,Stellhorn,F,54357,9999-01-01
437182,Shigeaki,Vecchio,M,66651,9999-01-01
437191,Shmuel,Luca,F,40155,9999-01-01
437195,Uno,Hettesheimer,M,40000,9999-01-01
437039,Kaijung,Godskesen,M,75177,9999-01-01
437205,Godehard,Panangaden,M,43783,9999-01-01
437209,Nishit,Pero,M,47983,9999-01-01
437223,Syozo,Lorin,M,43332,9999-01-01
437230,Theirry,Erie,M,40000,9999-01-01
437233,Beshir,Stroustrup,F,76122,9999-01-01
437234,Gil,Sgarro,F,74403,9999-01-01
437236,Remmert,Asrin,F,76854,9999-01-01
437045,Bojan,Yamaashi,F,40000,9999-01-01
437241,Angus,Moffat,M,76833,9999-01-01
437250,Zengping,Ratzlaff,F,63733,9999-01-01
437262,DAIDA,Pramanik,M,40000,9999-01-01
437052,Baocai,Gill,M,54172,9999-01-01
437266,Mack,Biran,F,43824,9999-01-01
437267,Seongbae,Dengi,M,59763,9999-01-01
437271,Nikolaus,Beutelspacher,M,40000,9999-01-01
437280,Khatoun,Khalil,F,46005,9999-01-01
437289,Eirik,Makinen,M,40000,9999-01-01
437059,Jouni,Mahnke,F,92292,9999-01-01
437295,Shao,Solovay,M,40000,9999-01-01
437298,Van,Msuda,M,45719,9999-01-01
437074,Jiang,Falco,M,40000,9999-01-01
437324,Luisa,Seghrouchni,M,76635,9999-01-01
437082,Hinrich,Cyne,M,40000,9999-01-01
437093,Otmar,Barvinok,M,46063,9999-01-01
437337,Marko,Klassen,F,47513,9999-01-01
437348,Deborah,Emden,F,40000,9999-01-01
437097,Salvador,Clemencon,M,86782,9999-01-01
437098,Alassane,Gaughan,M,54031,9999-01-01
437389,Miomir,Ranft,F,52803,9999-01-01
437390,Taiji,Oxman,F,40000,9999-01-01
437394,Krister,Bouloucos,M,51549,9999-01-01
437396,Filipe,Pocchiola,F,43618,9999-01-01
437405,Takahira,Nitta,M,88339,9999-01-01
437101,Ramachenga,Birrer,M,41639,9999-01-01
437409,Emdad,Emmerich,M,40000,9999-01-01
437412,Shahab,Shinomoto,M,67124,9999-01-01
437413,Yurii,Gaughan,M,52895,9999-01-01
437419,Navid,Ishibashi,M,50019,9999-01-01
437421,Rayond,Edelhoff,F,40000,9999-01-01
437422,Naftaly,Plavsic,M,41012,9999-01-01
437426,Lillian,Lenart,M,40000,9999-01-01
437442,Muzhong,Delaune,M,71689,9999-01-01
437446,Huai,Ratnaker,F,72235,9999-01-01
437103,Uno,Thimonier,M,47768,9999-01-01
437453,Gladys,Sabnani,F,70066,9999-01-01
437455,Nikolaos,Marwedel,M,40000,9999-01-01
437470,Rasiah,Bouloucos,F,40277,9999-01-01
437471,Zijian,Plesums,M,44174,9999-01-01
437112,Kolar,Gerlach,M,40000,9999-01-01
437483,Adin,Callaway,F,40000,9999-01-01
437494,Atilio,Usdin,F,63070,9999-01-01
437502,Naftali,Schreiter,M,40000,9999-01-01
437507,Hiroyasu,Stasinski,M,46018,9999-01-01
437120,Valeri,Tagansky,F,55121,9999-01-01
437123,Prodip,Shimshoni,M,55971,9999-01-01
437522,Denny,Stroustrup,M,40000,9999-01-01
437523,Nahum,Vakili,F,42622,9999-01-01
437129,Shuho,Suessmith,M,40000,9999-01-01
437539,Owen,Fioravanti,M,55422,9999-01-01
437553,Zeljko,Baranowski,F,48955,9999-01-01
437566,Chuanyi,Landherr,M,43325,9999-01-01
437596,Lakshmi,Assaf,M,50194,9999-01-01
437603,Poornachandra,Lemarechal,M,40000,9999-01-01
437608,Marko,Montemayor,M,63762,9999-01-01
437614,Minghong,Hoogerwoord,F,46805,9999-01-01
437632,Zvonko,Gyorkos,M,40000,9999-01-01
437635,Maya,Garnick,M,72691,9999-01-01
437639,Barun,Imataki,M,67163,9999-01-01
437675,Suzette,Takanami,M,42307,9999-01-01
437678,Val,Pocchiola,M,44462,9999-01-01
437679,Boutros,Linares,M,40000,9999-01-01
437689,Taizo,Pargas,M,60558,9999-01-01
437691,Make,Sichman,M,46938,9999-01-01
437131,Duke,Veccia,F,50469,9999-01-01
437889,Dannz,Rosay,F,65085,9999-01-01
437706,Shen,Swick,F,78536,9999-01-01
437712,Domenick,Angelopoulos,M,72131,9999-01-01
437890,Tianruo,Bazzichi,M,42361,9999-01-01
437768,Martial,Weedman,F,40000,9999-01-01
437892,Sushant,Lampe,F,70452,9999-01-01
437895,Kristen,Kavanagh,F,44463,9999-01-01
437794,Etsuo,Bage,F,42313,9999-01-01
437808,Nirmal,Yemenis,M,66628,9999-01-01
437811,Moti,Zeleznik,F,77187,9999-01-01
437818,Fayez,Figueira,F,40000,9999-01-01
437915,Katsuo,Kroon,M,48223,9999-01-01
437824,Georg,Peral,F,40000,9999-01-01
437830,Bezalel,Plotkin,M,74145,9999-01-01
437838,Shooichi,Swiler,F,40000,9999-01-01
437844,Marlo,Pero,F,52125,9999-01-01
437850,Ronnie,Vural,F,45677,9999-01-01
437852,Mingsen,Maliniak,F,42170,9999-01-01
437865,Pascal,Noriega,F,47231,9999-01-01
437950,Irena,Salinas,F,41789,9999-01-01
437882,Salvador,Osgood,M,40000,9999-01-01
437883,Pantung,Kalafatis,M,48730,9999-01-01
438084,Bangqing,Kemmerer,M,40000,9999-01-01
438096,Szabolcs,Szilard,M,40000,9999-01-01
438105,Shen,Montemayor,F,58106,9999-01-01
438109,Masato,Kadhim,F,61667,9999-01-01
437954,Mong,Sinitsyn,M,72574,9999-01-01
438126,Duke,Krichel,F,78066,9999-01-01
438137,Manu,Lupu,M,52537,9999-01-01
437955,Kristin,Matteis,M,58381,9999-01-01
438150,Sanjeeva,Schlenzig,F,40000,9999-01-01
438153,Fan,Akazan,F,40000,9999-01-01
438155,Arunachalam,Murtafg,M,40000,9999-01-01
438160,Rayond,Pagter,M,67944,9999-01-01
438162,Mabry,Erdmenger,F,50412,9999-01-01
437981,Chanjung,Muhling,F,40000,9999-01-01
438171,Oguz,Engberts,F,40000,9999-01-01
438178,Stamatina,Denti,F,40000,9999-01-01
438192,Keiichiro,Showalter,F,40000,9999-01-01
438193,Martial,Chandrasekhar,F,70650,9999-01-01
438207,Elvis,Adachi,M,42133,9999-01-01
438209,Lene,Feinberg,M,65336,9999-01-01
438212,Fatemeh,Luce,F,62011,9999-01-01
438214,Lokesh,Tokunaga,M,42651,9999-01-01
438240,Yurii,Luce,F,74397,9999-01-01
437985,Reuven,Munke,M,53517,9999-01-01
438010,Barna,Marsiglia,M,40000,9999-01-01
438258,Arlette,Aumann,M,45138,9999-01-01
438262,Giao,Pauthner,M,40000,9999-01-01
438266,Marjo,Gecsei,M,47670,9999-01-01
438267,Malu,Sichman,M,44058,9999-01-01
438268,Hyuckchul,Mansanne,F,51295,9999-01-01
438269,Percy,Castellani,M,40000,9999-01-01
438288,Kshitij,Riesenhuber,F,40000,9999-01-01
438289,Kiyokazu,Collavizza,F,42124,9999-01-01
438296,Sajjad,Gist,F,75075,9999-01-01
438298,Elrique,Asrin,M,40000,9999-01-01
438304,Jeane,Gilg,M,40000,9999-01-01
438312,Menkae,Trachtenberg,M,45333,9999-01-01
438318,Saeed,Munawer,M,40000,9999-01-01
438330,Dinkar,Naumovich,F,40000,9999-01-01
438040,Kauko,Pelz,F,65713,9999-01-01
438340,Remco,Asser,M,40000,9999-01-01
438366,Yechezkel,Gubsky,F,40000,9999-01-01
438385,Kazuhisa,Zhiwei,M,40000,9999-01-01
438390,Shridhar,Leppanen,F,40000,9999-01-01
438393,Nahid,Pero,M,45426,9999-01-01
438397,Masanao,Schaap,M,40000,9999-01-01
438404,Fumitake,Auria,M,40843,9999-01-01
438408,Sadegh,Genther,F,53586,9999-01-01
438421,Danae,Pollacia,F,82787,9999-01-01
438422,Sedat,Baby,M,40000,9999-01-01
438429,Jiang,Zockler,M,55957,9999-01-01
438050,Foong,Waterhouse,F,40000,9999-01-01
438440,Kankanahalli,Hanratty,M,61104,9999-01-01
438441,Kiyokazu,Mahmud,M,52069,9999-01-01
438052,Beshir,Legleitner,M,42797,9999-01-01
438454,Duro,Caine,M,42193,9999-01-01
438455,Sachar,Speel,M,49322,9999-01-01
438463,Alois,Hambrick,F,66639,9999-01-01
438472,Kamakshi,Felder,M,40000,9999-01-01
438054,Sariel,Stentiford,M,57658,9999-01-01
438483,Steve,Pettis,F,40000,9999-01-01
438055,Jamaludin,Thorelli,M,52661,9999-01-01
438626,Shaunak,Roohalamini,M,72353,9999-01-01
438517,Matt,Uhrig,F,52278,9999-01-01
438519,Kyoichi,Fortenbacher,M,72418,9999-01-01
438521,Khalil,Manderick,F,48497,9999-01-01
438525,Theirry,Plessier,F,40000,9999-01-01
438528,Bernt,Lowrie,M,62157,9999-01-01
438536,Jaideep,Snyers,M,61978,9999-01-01
438538,Sarita,Valtorta,M,51274,9999-01-01
438541,Shichao,Waeselynck,M,43426,9999-01-01
438544,Faiza,Lukaszewicz,M,40000,9999-01-01
438551,Randy,Vingron,M,47429,9999-01-01
438552,Perry,Kavvadias,F,46144,9999-01-01
438570,Chikako,Androutsos,F,41842,9999-01-01
438578,Xiaobin,Ruther,M,60866,9999-01-01
438583,Tiina,Hambrick,M,50746,9999-01-01
438584,Sangeeta,Pero,M,41302,9999-01-01
438610,Soenke,Dulin,F,58923,9999-01-01
438616,Ramya,Ciolek,M,57631,9999-01-01
438619,Chiranjit,Sichman,M,73422,9999-01-01
438644,Lene,Selenyi,M,79779,9999-01-01
438657,Baziley,Bernatsky,F,45724,9999-01-01
438835,Constantijn,Penz,M,50016,9999-01-01
438840,Moto,Honiden,F,40000,9999-01-01
438843,Luerbio,Lowrie,M,43132,9999-01-01
438848,Vishv,Marchesini,F,40000,9999-01-01
438862,Angus,Vrecion,M,40000,9999-01-01
438662,Pramod,Busillo,F,40000,9999-01-01
438871,Lein,Pettit,M,40000,9999-01-01
438872,Miquel,Boudaillier,M,49715,9999-01-01
438876,Manton,Anguita,F,50661,9999-01-01
438883,Renee,Kisuki,F,45611,9999-01-01
438672,Phuoc,Murillo,F,40000,9999-01-01
438907,Manibrata,Ecklund,M,54727,9999-01-01
438909,Kish,Smailagic,F,54319,9999-01-01
438915,Marsha,Szilard,F,40000,9999-01-01
438930,Luerbio,Murtagh,M,53082,9999-01-01
438931,Shigenori,Vandervoorde,M,50782,9999-01-01
438934,Mads,Thisen,F,41744,9999-01-01
438936,Ekawit,Busillo,M,55449,9999-01-01
438940,Mayumi,Shackell,M,71507,9999-01-01
438944,Florian,Anick,M,73694,9999-01-01
438947,Vasilis,Stranks,M,56310,9999-01-01
438999,Juichirou,Daescu,F,45702,9999-01-01
439018,Gay,Scharstein,M,62394,9999-01-01
439027,Munir,Riexinger,F,60754,9999-01-01
439036,Harngdar,Papsdorf,M,61017,9999-01-01
438676,Conal,Mikschl,M,67214,9999-01-01
439059,Kwangho,Lovengreen,F,64335,9999-01-01
439062,Dhritiman,Streng,M,47240,9999-01-01
439071,Kokou,Woycyznski,F,46070,9999-01-01
439072,Snehasis,Kavanagh,M,73853,9999-01-01
438704,Danai,Godskesen,F,58219,9999-01-01
439097,Jouko,Birsak,F,48303,9999-01-01
439106,Guiseppe,Nivat,M,89576,9999-01-01
439108,Huiqun,Kawashima,F,49906,9999-01-01
439115,Pohua,Backhouse,M,60976,9999-01-01
439125,Nahid,Luff,F,60638,9999-01-01
439147,Ebbe,Chiola,F,46663,9999-01-01
439156,Kenroku,Bala,M,54922,9999-01-01
438716,Marin,Schmiedel,F,59536,9999-01-01
439168,Fatemeh,Penn,F,69822,9999-01-01
439175,Tomoyuki,Sifakis,M,86854,9999-01-01
439179,Yurii,Lanteri,M,57388,9999-01-01
438718,Shin,Deville,M,52469,9999-01-01
438726,Ewing,Serov,M,41469,9999-01-01
439185,Rosalyn,Yurek,F,98679,9999-01-01
439195,Goncalo,Selenyi,M,61746,9999-01-01
439197,Gritta,Henders,F,62728,9999-01-01
439204,Bluma,Ruther,M,55158,9999-01-01
439207,Martins,Stranks,M,45878,9999-01-01
439216,Aimee,Mateescu,M,40000,9999-01-01
438737,Heping,Syrotiuk,M,40000,9999-01-01
439246,Alper,Colorni,M,40000,9999-01-01
439252,Fabrizio,Karnin,F,40000,9999-01-01
439257,Khedija,Pluym,M,81095,9999-01-01
439259,Surveyors,Cummings,M,62530,9999-01-01
439272,Aris,Nitta,F,62687,9999-01-01
439276,Mayuko,Chappelet,F,40000,9999-01-01
439283,Ziya,Zolotykh,M,40000,9999-01-01
438781,Kiyokazu,Thambidurai,F,54423,9999-01-01
439289,Kazuyasu,Morris,F,40000,9999-01-01
439292,Aruna,Hempstead,M,51592,9999-01-01
439296,Navin,Shimshoni,F,47226,9999-01-01
439309,Gila,Ligten,M,40000,9999-01-01
439310,Xiaoqiu,Marsiglia,F,47508,9999-01-01
439322,Jaihie,Waeselynck,M,83964,9999-01-01
439328,Arie,Matzel,F,48153,9999-01-01
439337,Alair,DiGiano,M,79338,9999-01-01
439349,Yucai,Vingron,F,40000,9999-01-01
439350,Kerhong,Koblitz,M,53047,9999-01-01
439357,Srinidhi,Mukaidono,M,41297,9999-01-01
439359,Avishai,Sundgren,M,40000,9999-01-01
439364,Gill,Luiz,M,40000,9999-01-01
439371,Satoru,Pehl,M,84501,9999-01-01
438787,Tomofumi,Wrigley,M,42087,9999-01-01
439395,Chuanyi,Genther,F,40000,9999-01-01
439404,Piyawadee,Picci,F,50883,9999-01-01
438792,Rasiah,Kawashimo,M,49042,9999-01-01
439412,Baruch,Peyn,M,56805,9999-01-01
439416,Naftaly,Matzen,F,44846,9999-01-01
439420,Xuedong,Dalton,F,76672,9999-01-01
439440,Uma,Wossner,F,42544,9999-01-01
438799,Peer,Dengi,M,56246,9999-01-01
439455,Xumin,Cronau,M,40000,9999-01-01
439468,Hailing,Pauthner,M,40000,9999-01-01
438805,Eirik,Lalonde,F,43710,9999-01-01
439486,Armond,Heijenga,M,40000,9999-01-01
439495,Maris,Pettis,F,51252,9999-01-01
439501,Oscar,Falco,M,55896,9999-01-01
439506,Tetsurou,Wursthorn,M,44512,9999-01-01
439511,Suzette,Cummings,M,48717,9999-01-01
438808,Marsja,Serna,F,53461,9999-01-01
439518,Kenroku,Homond,F,40000,9999-01-01
439520,Along,Kambil,F,55826,9999-01-01
439533,Kerryn,Bage,M,79037,9999-01-01
439541,Dines,Garnick,F,81591,9999-01-01
439544,Heping,Thiran,M,52427,9999-01-01
439743,Janalee,Ernst,F,40000,9999-01-01
439560,Peternela,Legleitner,M,40000,9999-01-01
439567,Weiyi,Ernst,M,57729,9999-01-01
439572,Christoph,Bakhtari,F,45093,9999-01-01
439579,Stein,Hatcliff,M,40000,9999-01-01
439595,Anestis,Itzfeldt,M,72605,9999-01-01
439750,Gilbert,Masaki,M,67546,9999-01-01
439604,Bernd,Nations,M,48144,9999-01-01
439630,Ymte,Busillo,M,79638,9999-01-01
439757,Gunilla,Czap,M,48746,9999-01-01
439765,Ger,Templeman,F,40000,9999-01-01
439668,Goncalo,Chinin,M,57283,9999-01-01
439675,Yuuichi,Atchley,M,79767,9999-01-01
439686,Maia,Zeleznik,M,55291,9999-01-01
439687,Alejandra,Schlumberger,F,40000,9999-01-01
439694,Eric,Aingworth,F,40000,9999-01-01
439789,Almudena,Liedekerke,M,40000,9999-01-01
439704,Youssef,Jording,M,50330,9999-01-01
439716,Zsolt,Chleq,M,40000,9999-01-01
439719,Uri,Schreiter,F,52225,9999-01-01
439721,Douadi,Rassart,M,40578,9999-01-01
439792,Chenyi,Molenaar,M,40000,9999-01-01
439794,Eric,Koblick,M,40000,9999-01-01
439927,Fumiyo,Manders,F,63757,9999-01-01
439795,Sashi,Sullins,M,46800,9999-01-01
439948,Toshimitsu,Hatcliff,M,68876,9999-01-01
439823,Remko,Erdi,F,45338,9999-01-01
439969,Ohad,Gini,M,49147,9999-01-01
439998,Huei,Tzvieli,M,40000,9999-01-01
440010,King,Lamma,F,40000,9999-01-01
440026,Zorica,Kavanagh,F,40000,9999-01-01
439830,Shem,Ramamoorthy,M,41377,9999-01-01
440056,Moni,Stanfel,M,61128,9999-01-01
439832,Ebbe,Pleszkun,F,73459,9999-01-01
440072,Mingzeng,Schnelling,F,40000,9999-01-01
440074,Gritta,Ghemri,M,55552,9999-01-01
440076,Hailing,Schiettecatte,M,40000,9999-01-01
440083,Heeju,Szemeredi,M,50940,9999-01-01
440086,Hideyuki,Dulli,F,76434,9999-01-01
440088,Serge,Denny,M,97760,9999-01-01
440094,Bernice,Rabehasaina,F,40000,9999-01-01
440097,Alselm,Junot,F,71586,9999-01-01
439835,Yucai,Papadias,F,70186,9999-01-01
439837,Saniya,Matzel,F,40000,9999-01-01
439864,Izaskun,Spelt,M,40000,9999-01-01
440115,Atilio,Lalonde,F,40000,9999-01-01
440116,Shim,Seghrouchni,F,45628,9999-01-01
440128,Nirmal,Constantine,F,40000,9999-01-01
440136,Bowen,Jenevein,M,60795,9999-01-01
440150,Luigi,Lorcy,M,40000,9999-01-01
440152,Kirk,Ertl,M,62545,9999-01-01
440169,Munenori,Holburn,M,62222,9999-01-01
440175,Babette,Demos,M,45919,9999-01-01
440180,Ashish,Jording,M,72567,9999-01-01
440189,Kiyomitsu,Falster,M,47178,9999-01-01
440200,Annemarie,Marrevee,M,44272,9999-01-01
440205,Hideo,Hutter,M,40000,9999-01-01
440215,Keiichiro,Dredge,M,59288,9999-01-01
440218,Shigeo,Simmen,M,66145,9999-01-01
440234,Venkatesan,Morrey,F,42434,9999-01-01
440236,Franziska,Caine,M,41035,9999-01-01
440247,Geoff,Ambroszkiewicz,M,40000,9999-01-01
440250,Valeri,Granlund,F,52156,9999-01-01
440255,Margareta,Schlenzig,F,68981,9999-01-01
440259,Changho,Farris,M,87914,9999-01-01
440264,Izaskun,Biran,M,47441,9999-01-01
440275,Randi,Bernick,M,56739,9999-01-01
440279,Gretta,Merlo,M,50103,9999-01-01
440291,Masasuke,Fujisaki,F,42703,9999-01-01
440301,Sven,Lanzelotte,M,44818,9999-01-01
440305,Rosalie,Swab,M,63799,9999-01-01
440307,Hailing,Tetzlaff,M,40000,9999-01-01
440314,Shin,Merlo,M,40000,9999-01-01
440319,Qunsheng,Brookman,F,47654,9999-01-01
440323,Ravishankar,Radwan,M,75919,9999-01-01
439877,Wojceich,Emiris,F,40000,9999-01-01
440338,Neelam,Radwan,M,40000,9999-01-01
439885,Hongzhu,Schaaf,F,45445,9999-01-01
440352,Tianruo,Ghalwash,M,63892,9999-01-01
440361,Shahaf,Skrikant,M,40000,9999-01-01
439887,Fuqing,Dusink,M,71929,9999-01-01
440364,Xinan,Preusig,F,41725,9999-01-01
440365,Zhaofang,Gien,F,53135,9999-01-01
440366,Babette,Armand,M,72316,9999-01-01
439889,Constantijn,Benaini,F,53291,9999-01-01
440373,Xiaopeng,Constantine,M,40000,9999-01-01
440376,Chikako,Vanwelkenhuysen,F,40000,9999-01-01
440380,Ashish,Magliocco,F,52490,9999-01-01
440383,Bezalel,Denny,F,40000,9999-01-01
440389,Khalil,Grandbois,M,40000,9999-01-01
439896,Yahiko,Baaleh,M,69368,9999-01-01
440400,Vasiliy,Karlin,M,73947,9999-01-01
440402,Seongbin,Zeleznik,F,40000,9999-01-01
440407,Jixiang,Arlazarov,M,40475,9999-01-01
440414,Kolar,Meriste,M,40000,9999-01-01
440423,Fumino,Marquardt,F,40000,9999-01-01
440437,Tonia,Milicia,F,40679,9999-01-01
440667,Martina,Rissanen,M,50302,9999-01-01
440453,Elvis,Grandbois,M,67162,9999-01-01
440456,Valter,Tchuente,M,48996,9999-01-01
440461,Bader,Stenning,M,40000,9999-01-01
440507,Ramalingam,Yamaashi,M,44050,9999-01-01
440668,Tokuyasu,Plotkin,F,43507,9999-01-01
440520,Berna,Sidje,F,57470,9999-01-01
440523,Sanjai,Kuszyk,M,56786,9999-01-01
440528,Mohd,Mondadori,F,40000,9999-01-01
440681,Phillip,Schusler,M,40000,9999-01-01
440539,Nahum,Pettis,F,58168,9999-01-01
440541,Subbu,Goodrum,M,40000,9999-01-01
440548,Szabolcs,Eastman,M,42890,9999-01-01
440549,Dietrich,Eldridge,M,40000,9999-01-01
440551,Unal,Frolund,M,40000,9999-01-01
440560,Junichi,Mayerwieser,F,91201,9999-01-01
440582,Elliott,Kawashima,M,41937,9999-01-01
440587,Lijia,Flasterstein,M,54060,9999-01-01
440590,Nadjib,Baez,M,40000,9999-01-01
440598,Dmitry,Kawashima,M,40000,9999-01-01
440689,Subhash,Maierhofer,F,44107,9999-01-01
440608,Kiyokazu,Kragelund,F,77665,9999-01-01
440614,Naftali,McConalogue,F,51828,9999-01-01
440699,Lucian,Rettelbach,M,40000,9999-01-01
440640,Xiaoqiang,Vieri,M,54764,9999-01-01
440649,Leaf,Legleitner,M,41385,9999-01-01
440652,Nahum,Garnier,F,67855,9999-01-01
440704,Shigehiro,Bernatsky,M,40000,9999-01-01
440707,Xiaocheng,Dalphin,M,40710,9999-01-01
440850,Utz,Langford,M,49807,9999-01-01
440714,Duro,Rosay,M,40000,9999-01-01
440872,Vishwani,Nourani,M,40000,9999-01-01
440873,Baruch,Marletta,M,54266,9999-01-01
440882,Sverrir,Kushnir,F,48698,9999-01-01
440901,Qiwen,Pintelas,M,77698,9999-01-01
440902,Satyanarayana,Ermel,F,64074,9999-01-01
440904,Eran,Vickson,M,60659,9999-01-01
440746,Anneli,Ramsay,M,40987,9999-01-01
440931,Yinghua,Dratva,F,78992,9999-01-01
440956,Herbert,Wossner,M,41359,9999-01-01
440960,Moty,Zirintsis,M,63161,9999-01-01
440979,Dante,Rosay,F,40970,9999-01-01
440989,Maia,Cincotta,F,40000,9999-01-01
440996,Xuejia,Rouquie,M,40000,9999-01-01
440763,Siddarth,Heystek,M,79380,9999-01-01
441008,Dines,Weiland,M,51133,9999-01-01
441028,Bernd,Krychniak,M,40000,9999-01-01
441029,Mooi,Schnabel,F,61941,9999-01-01
440767,Adly,Narahari,F,79342,9999-01-01
440783,Heon,Hiraishi,M,40000,9999-01-01
441052,Martien,Menhardt,M,40000,9999-01-01
441059,Perla,Borstler,M,65573,9999-01-01
441061,Ramalingam,Klyachko,M,66140,9999-01-01
441086,Jaideep,Anger,M,63562,9999-01-01
441091,Muneo,Ghelli,M,40000,9999-01-01
441092,Raimond,Peres,M,68866,9999-01-01
441100,Peternela,Litvinov,F,57570,9999-01-01
441103,Hongzhu,Norsworthy,M,48571,9999-01-01
441104,Adit,Krzyzanowski,M,84982,9999-01-01
441105,Amabile,Picci,M,77129,9999-01-01
441106,Hilari,Rohrbach,F,40000,9999-01-01
440788,Zita,Mawatari,M,41491,9999-01-01
441117,Xiahua,Mondadori,M,49245,9999-01-01
441118,Shridhar,Juneja,F,40000,9999-01-01
441131,Mandell,Covnot,M,44374,9999-01-01
441132,Claude,Jansen,M,40000,9999-01-01
441134,Insup,Bennet,F,76928,9999-01-01
441137,Sanjit,Rajala,F,61902,9999-01-01
441144,Muneo,Bolsens,M,44121,9999-01-01
440789,Izaskun,Roohalamini,F,49755,9999-01-01
441154,Lansing,Syang,M,63254,9999-01-01
441157,Barna,Tiemann,M,46467,9999-01-01
441163,Shunichi,Turnbull,M,42741,9999-01-01
440794,Emdad,Dalphin,M,45833,9999-01-01
441179,Tommaso,Sgarro,F,84048,9999-01-01
441182,Mayumi,Benantar,M,40000,9999-01-01
441188,Kwee,Zaumen,F,47525,9999-01-01
441190,Yuuichi,Dulay,M,56284,9999-01-01
440795,Malu,Hemaspaandra,F,46272,9999-01-01
441208,Nitsan,Murrill,F,47063,9999-01-01
440804,Fumiko,Harllee,M,69132,9999-01-01
440812,Yechiam,Baer,M,40000,9999-01-01
441228,Kazuhiko,Winter,F,65442,9999-01-01
441229,Nobuyoshi,Rosis,M,72419,9999-01-01
440814,Uzi,Taneja,M,74722,9999-01-01
441240,Shounak,Nicolson,M,40000,9999-01-01
440821,Guoxiang,Veevers,M,40000,9999-01-01
441263,Vivian,Coullard,M,41270,9999-01-01
441264,Chenye,Chinal,M,40000,9999-01-01
441267,Zita,Hebden,M,40000,9999-01-01
441269,Arne,Hempstead,F,40000,9999-01-01
441271,Mads,Esposito,M,52458,9999-01-01
441278,Chandrasekaran,Wallrath,F,55725,9999-01-01
441308,Sastry,Sankaranarayanan,M,40000,9999-01-01
441309,Arco,Trystram,F,80172,9999-01-01
441332,Sverrir,Bruckman,M,40000,9999-01-01
441333,Horward,Randi,M,40000,9999-01-01
441343,Yuping,Jiang,F,40000,9999-01-01
441349,Oscar,Merlo,F,61614,9999-01-01
441352,Christoper,Menyhert,M,89903,9999-01-01
441364,Weidon,Kilgore,F,71607,9999-01-01
441371,Vidya,Leppanen,F,88673,9999-01-01
441388,Sham,Kroft,M,65883,9999-01-01
441398,Chiradeep,Eiter,F,47380,9999-01-01
440833,Etsuo,Siochi,M,40000,9999-01-01
441407,Atreyi,Roohalamini,F,57918,9999-01-01
441425,Niteen,Famili,F,45770,9999-01-01
441598,Jingling,Siepmann,M,74249,9999-01-01
441429,Ewing,Akaboshi,F,54969,9999-01-01
441449,Kiyokazu,Lally,F,40000,9999-01-01
441451,Fabrizio,Marletta,M,55226,9999-01-01
441459,Rosine,Schauser,F,40000,9999-01-01
441461,Mang,Nations,M,41759,9999-01-01
441477,Kerryn,Sevcikova,M,92717,9999-01-01
441478,Mats,Camarinopoulos,M,77290,9999-01-01
441487,Przemyslawa,Dulli,M,40000,9999-01-01
441493,Ger,Menhardt,M,40000,9999-01-01
441495,Marie,Feldmann,F,52472,9999-01-01
441506,Kwun,Underwood,M,40000,9999-01-01
441515,Fox,Hasenauer,M,40000,9999-01-01
441516,Sanjai,Nitsch,M,57624,9999-01-01
441520,Shounak,Suermann,M,53588,9999-01-01
441529,Kazuhiko,Tasistro,M,66588,9999-01-01
441531,Heekeun,Chandrasekhar,F,40000,9999-01-01
441609,Martins,Swiss,M,50224,9999-01-01
441582,Munehiko,Schauser,M,55552,9999-01-01
441628,Lubomir,Bazelow,M,61456,9999-01-01
441773,Shigenori,Cesareni,F,70754,9999-01-01
441784,Vasilii,Peroz,M,53272,9999-01-01
441666,Mohammed,Jullig,F,55206,9999-01-01
441826,Leandro,Einsfeld,M,60060,9999-01-01
441839,Froduald,Christ,F,87738,9999-01-01
441873,Georg,Perri,F,62108,9999-01-01
441880,Xiping,Mikschl,M,40000,9999-01-01
441668,Huiqun,Crelier,M,49571,9999-01-01
441669,Raimond,Chimia,F,84281,9999-01-01
441904,Rosalyn,Sambasivam,M,84520,9999-01-01
441911,Susuma,Zweizig,M,54211,9999-01-01
441672,Inderjeet,Rabehasaina,F,61215,9999-01-01
441918,Bluma,Rettelbach,F,53325,9999-01-01
441921,Jeanne,Hatcliff,F,40000,9999-01-01
441925,Kinh,Kusakabe,M,48015,9999-01-01
441927,Diederik,Oxman,F,40000,9999-01-01
441932,Shir,Tyugu,M,42450,9999-01-01
441939,Jayson,Hennings,F,40000,9999-01-01
441674,Jiong,Heusch,M,40000,9999-01-01
441955,Sudhanshu,Sommer,F,91667,9999-01-01
441688,Jayesh,Schwaller,M,40648,9999-01-01
441970,Duangkaew,Puppe,M,48992,9999-01-01
441973,Hatsukazu,Egerstedt,F,40000,9999-01-01
441985,Xumin,Velardi,M,57268,9999-01-01
441691,Uri,Oehlmann,M,41738,9999-01-01
441698,Reinhard,Halloran,F,40000,9999-01-01
442014,Radhakrishnan,Gajiwala,F,40000,9999-01-01
442016,Yuping,Breugel,M,62938,9999-01-01
441723,Houman,Granlund,M,70065,9999-01-01
442048,Shigeu,Stassinopoulos,F,41249,9999-01-01
442054,Sachar,Vendrig,M,41470,9999-01-01
442083,Shridhar,Perly,M,52195,9999-01-01
442085,Jeong,Peha,M,82044,9999-01-01
442093,Arvind,Weisert,M,49240,9999-01-01
441737,Sverrir,Coombs,M,72262,9999-01-01
442114,Ibibia,Mandell,M,60625,9999-01-01
442131,Mark,Dredge,M,40000,9999-01-01
442133,Bernd,Angel,M,85908,9999-01-01
441762,Mircea,Delaune,M,46811,9999-01-01
442141,Eben,Serot,M,53411,9999-01-01
442149,Utpal,Bodoff,M,73619,9999-01-01
442167,Mohamadou,Vigier,F,48357,9999-01-01
442188,Lucian,Rahier,M,69955,9999-01-01
442330,Quingbo,Veeraraghavan,F,62173,9999-01-01
442196,Muzhong,Hegner,M,40000,9999-01-01
442213,Masali,Hoogerwoord,F,47327,9999-01-01
442230,Anestis,Edelhoff,F,66004,9999-01-01
442233,Lene,Azuma,M,40000,9999-01-01
442243,Yishai,Syrzycki,M,52110,9999-01-01
442246,Richara,Linares,M,52113,9999-01-01
442260,Kayoko,Tokunaga,F,56184,9999-01-01
442265,Christophe,Navazio,M,47116,9999-01-01
442271,Chinho,Speer,M,73119,9999-01-01
442275,Eric,Kropf,F,40000,9999-01-01
442350,Kagan,Kriebel,M,40000,9999-01-01
442314,Miquel,Schwartzburd,M,40000,9999-01-01
442317,Jiong,Junet,M,40000,9999-01-01
442321,Toshimo,Hertweck,F,50459,9999-01-01
442364,Barton,Oxman,M,40000,9999-01-01
442515,Abdelwaheb,Langford,M,40000,9999-01-01
442372,Conal,Sundgren,F,40000,9999-01-01
442539,Toshimori,Suri,M,45744,9999-01-01
442542,Mang,Thiran,M,70224,9999-01-01
442550,Adib,Vadhan,M,40000,9999-01-01
442405,Evgueni,Zielinski,F,50594,9999-01-01
442562,Masasuke,Backhouse,F,40000,9999-01-01
442572,Lorien,Hellwagner,M,59835,9999-01-01
442576,Shietung,Ramsey,M,40000,9999-01-01
442593,Geoffrey,Hockney,F,59569,9999-01-01
442599,Nathan,Thombley,M,40000,9999-01-01
442608,Nigel,Melichar,M,41443,9999-01-01
442613,Tsz,Knightly,F,40000,9999-01-01
442618,Jaewon,Piancastelli,M,47994,9999-01-01
442631,Ishfaq,Herbst,M,64392,9999-01-01
442429,Souichi,Hanabata,M,50817,9999-01-01
442649,Utz,Vendrig,F,71007,9999-01-01
442430,Tse,Baak,M,45183,9999-01-01
442668,Khue,Sanella,F,48195,9999-01-01
442433,Jingling,Roohalamini,M,46130,9999-01-01
442679,Patricio,Foote,M,56969,9999-01-01
442689,Sverrir,Zucker,M,40000,9999-01-01
442450,Shaleah,Bugaenko,M,45732,9999-01-01
442699,Samphel,Baer,M,40000,9999-01-01
442709,Akemi,Renear,F,40000,9999-01-01
442455,Youngkon,Gihr,M,62540,9999-01-01
442720,Sivanarayana,Kieras,F,40000,9999-01-01
442731,Martine,Breugel,F,40000,9999-01-01
442457,Zhigen,Jahnichen,M,46988,9999-01-01
442752,Vugranam,Luft,M,97935,9999-01-01
442757,Noritoshi,Cannard,M,41468,9999-01-01
442763,Weidon,Barriga,F,47687,9999-01-01
442765,Mark,Yeung,F,40000,9999-01-01
442767,Matt,Ouhyoung,M,40000,9999-01-01
442460,Leon,Ranon,F,54601,9999-01-01
442786,Jianhao,Lagarias,M,62631,9999-01-01
442802,Angus,Bazelow,F,84208,9999-01-01
442812,Hugo,Rodiger,F,88409,9999-01-01
442830,Ramachenga,Ranka,M,40000,9999-01-01
442834,Inderjeet,Falco,F,40000,9999-01-01
442838,Subhash,Millington,M,48024,9999-01-01
442841,Mahendra,Guting,M,68294,9999-01-01
442846,Vishv,Matteis,F,63090,9999-01-01
442850,Constantijn,Vitiello,M,56093,9999-01-01
442862,Munehiro,Dayang,M,43013,9999-01-01
442867,King,Vrecion,M,40000,9999-01-01
442878,Masaki,Takanami,F,67318,9999-01-01
442882,Sven,Weiland,F,40000,9999-01-01
442883,Yinlin,Vendrig,M,90068,9999-01-01
442907,Nitsan,Percebois,F,53273,9999-01-01
442909,Augustine,Schwabacher,F,49845,9999-01-01
442910,Hatim,Ellozy,F,93753,9999-01-01
442929,Saniya,Klerer,F,40000,9999-01-01
442938,Xiaoqiu,Cusworth,M,40000,9999-01-01
442947,Houman,Brattka,M,59321,9999-01-01
442464,Toshiko,Naudin,M,43839,9999-01-01
442960,Marsha,Huttel,M,40000,9999-01-01
442966,Shaw,Ulupinar,M,57924,9999-01-01
442976,Mostafa,Zultner,F,48489,9999-01-01
442977,Marlo,Armand,M,59751,9999-01-01
442986,Nalini,Zeleznik,M,56094,9999-01-01
442987,Sukumar,Sherertz,M,49216,9999-01-01
442487,Miomir,Speer,M,55512,9999-01-01
443023,Edwin,Range,F,61340,9999-01-01
443270,Vasiliy,Chvatal,M,83534,9999-01-01
443078,Ortrud,Hennebert,F,76597,9999-01-01
443093,Theirry,Beutelspacher,M,43334,9999-01-01
443097,Sudhanshu,Strandh,M,77921,9999-01-01
443118,Saeed,Angel,M,40000,9999-01-01
443121,Valdiodio,Goldhammer,M,51214,9999-01-01
443140,Feixiong,Pramanik,F,85958,9999-01-01
443283,Aluzio,Mamelak,F,40000,9999-01-01
443156,Hinrich,Wixon,M,59673,9999-01-01
443160,Paloma,Vuskovic,M,49888,9999-01-01
443182,Heather,Luca,F,56528,9999-01-01
443184,Fai,Rusterholz,F,40000,9999-01-01
443195,Manton,Bratten,F,40000,9999-01-01
443297,Krister,Egerstedt,M,40000,9999-01-01
443204,Lalit,Schapiro,F,40000,9999-01-01
443206,Marco,Oppitz,F,90903,9999-01-01
443208,Nakhoon,Nilsson,F,42630,9999-01-01
443215,Masato,Giarratana,M,69012,9999-01-01
443218,Xiahua,Noriega,M,53449,9999-01-01
443228,Mohammad,Gecseg,M,66153,9999-01-01
443233,Nahla,Heuter,M,40000,9999-01-01
443240,Billie,Gimbel,F,40000,9999-01-01
443303,Nadjib,Fadgyas,F,77716,9999-01-01
443306,Mechthild,Sifakis,M,49559,9999-01-01
443307,Alagu,Bennis,M,42534,9999-01-01
443449,Vasiliy,Hasenauer,F,56608,9999-01-01
443450,Shawna,Denti,M,62619,9999-01-01
443457,Kazuhisa,Demke,F,86981,9999-01-01
443320,Kenton,Bugrara,M,70562,9999-01-01
443470,Valeri,Murtha,M,53840,9999-01-01
443510,Martial,Poupard,M,40000,9999-01-01
443325,Rasiah,Stanger,F,70192,9999-01-01
443332,Leandro,Birsak,M,40184,9999-01-01
443554,Yolla,Klyachko,M,40000,9999-01-01
443557,Ute,Androutsos,M,57872,9999-01-01
443562,Zorica,Panwar,F,63515,9999-01-01
443571,Siddarth,Garrabrants,M,59916,9999-01-01
443573,Sanjiv,Rosiles,M,40000,9999-01-01
443349,Pantung,Lorch,M,58918,9999-01-01
443591,Haldun,Lamparter,M,51668,9999-01-01
443592,Dante,Wursthorn,M,40000,9999-01-01
443617,Hercules,Molberg,M,53259,9999-01-01
443390,Arfst,Marwedel,M,66307,9999-01-01
443634,Conor,Cusworth,M,40000,9999-01-01
443637,Mohua,Guenter,F,70563,9999-01-01
443640,Martine,Rosaz,F,89199,9999-01-01
443647,Serif,Feldmann,M,40000,9999-01-01
443666,Bluma,Cherinka,F,48698,9999-01-01
443676,Masasuke,Gide,F,66175,9999-01-01
443677,True,Parfitt,M,40867,9999-01-01
443686,Tokuyasu,Polajnar,F,50650,9999-01-01
443696,Henk,Douceur,F,40000,9999-01-01
443710,Margo,Stille,M,58129,9999-01-01
443713,Susumu,Besancenot,F,60912,9999-01-01
443715,Arif,Schonegge,M,47543,9999-01-01
443717,Hugh,Erdi,M,46102,9999-01-01
443404,Xiaoheng,Feldhoffer,F,79072,9999-01-01
443733,Volkmar,Welham,M,82169,9999-01-01
443735,Boriana,Guenter,M,40000,9999-01-01
443737,Kazuhisa,Zolotykh,M,43119,9999-01-01
443738,Genki,Decleir,F,61634,9999-01-01
443747,Sorina,Genther,M,62440,9999-01-01
443752,Chinhyun,Rosiles,M,66846,9999-01-01
443759,Branimir,Comte,F,66063,9999-01-01
443762,Masamitsu,Suomi,F,40000,9999-01-01
443766,Van,Peot,F,59690,9999-01-01
443409,Elliott,Krybus,M,40000,9999-01-01
443797,Nirmal,Armand,M,40000,9999-01-01
443801,Yefim,Gopalakrishnan,F,45440,9999-01-01
443411,Behnaam,Bahi,F,78304,9999-01-01
443415,Murthy,Oxman,M,42502,9999-01-01
443419,Kazuyasu,Ernst,M,50616,9999-01-01
443823,Chaitali,Axelband,F,54033,9999-01-01
443829,Taiji,Baez,M,72262,9999-01-01
443836,Teruyuki,Swiss,F,40000,9999-01-01
443838,Rimon,McClure,M,40000,9999-01-01
443840,Oguz,Fairtlough,F,74433,9999-01-01
443846,Uwe,Junet,M,40000,9999-01-01
443847,Leucio,Ligten,M,50107,9999-01-01
443996,JiYoung,Suomi,F,46939,9999-01-01
443878,Oksana,Sifakis,F,48147,9999-01-01
443909,Fumiya,Detkin,M,50330,9999-01-01
443917,Amstein,Lores,M,91273,9999-01-01
443924,Tooru,Luca,M,55593,9999-01-01
443925,Franziska,Jenevein,F,49635,9999-01-01
443927,Geoffrey,Codenie,F,48966,9999-01-01
443928,Navid,Zschoche,F,40000,9999-01-01
443930,Pramod,Schaft,M,45283,9999-01-01
443942,Kwan,Heystek,M,59026,9999-01-01
443945,Shimshon,Meriste,M,47693,9999-01-01
443967,Valery,Nourani,F,52359,9999-01-01
443971,Dannz,Schreiter,M,40000,9999-01-01
443979,Wayne,Oaver,M,40000,9999-01-01
443980,Sibyl,Geffroy,F,40000,9999-01-01
444004,Adit,Baig,M,40083,9999-01-01
443986,Munenori,Tischendorf,M,48609,9999-01-01
444034,Jackson,Bernardeschi,M,58575,9999-01-01
444183,Divier,Provine,M,66191,9999-01-01
444188,Ramachenga,McClure,M,56624,9999-01-01
444201,Yuichiro,Constantine,M,58203,9999-01-01
444203,Parke,Stassinopoulos,M,40000,9999-01-01
444209,Bluma,Shumilov,F,45665,9999-01-01
444212,Van,Porotnikoff,M,60017,9999-01-01
444223,Krisda,Ramsay,M,96459,9999-01-01
444039,Kasidit,Redmiles,M,40000,9999-01-01
444274,Bokyung,Uludag,F,69819,9999-01-01
444283,Boriana,Luke,M,40000,9999-01-01
444286,Kien,Lamba,M,60100,9999-01-01
444299,Moie,Cyre,M,40000,9999-01-01
444312,Baocai,Polajnar,F,49322,9999-01-01
444353,Mansur,Zeilberger,F,91505,9999-01-01
444370,Masanao,Genin,M,40000,9999-01-01
444373,Sastry,Hitomi,F,40000,9999-01-01
444374,Shigehito,Swen,M,55103,9999-01-01
444379,Atreye,Ranka,F,41769,9999-01-01
444380,Gor,Conta,F,40000,9999-01-01
444388,Gudjon,Flexer,F,40000,9999-01-01
444396,Make,Highland,M,40000,9999-01-01
444052,Shuky,Brobst,F,48013,9999-01-01
444420,Gita,Ramsay,M,40000,9999-01-01
444421,Chaoyi,Tsunoo,F,40000,9999-01-01
444435,Yahiko,Narwekar,F,44554,9999-01-01
444447,Chuanti,Leuchs,M,84725,9999-01-01
444450,Mohua,Terwilliger,M,40000,9999-01-01
444054,Prodip,Godskesen,M,48905,9999-01-01
444483,Naraig,Rahimi,F,43130,9999-01-01
444494,Hugo,Merle,M,54160,9999-01-01
444496,Yuriy,Jording,F,40000,9999-01-01
444501,Mostafa,Bernick,M,40000,9999-01-01
444503,Koichi,Garnham,F,40000,9999-01-01
444505,Hyuckchul,Auyong,M,68413,9999-01-01
444508,Kaijung,Bahl,F,83300,9999-01-01
444060,Niteen,Deyuan,M,40000,9999-01-01
444521,Lijie,Vecchi,F,40000,9999-01-01
444061,Gal,Merks,F,59478,9999-01-01
444094,Radhakrishnan,Alvarado,M,48898,9999-01-01
444551,Ipke,Gien,M,50220,9999-01-01
444553,Nikolaus,Gluchowski,F,97585,9999-01-01
444558,Ebru,Maliniak,F,40000,9999-01-01
444560,Jeane,Kilgour,F,59747,9999-01-01
444568,Valter,Kroll,F,40000,9999-01-01
444575,Masaru,Thummel,F,40000,9999-01-01
444590,Bouchung,Ranft,M,43155,9999-01-01
444595,Masako,Papadias,F,50261,9999-01-01
444605,Iara,Skafidas,F,70448,9999-01-01
444621,Persi,Hardjono,M,70490,9999-01-01
444626,Ingemar,Heiserman,M,40000,9999-01-01
444108,Ung,McClure,M,49901,9999-01-01
444641,Unal,Zallocco,M,58458,9999-01-01
444650,Cristinel,Ghelli,M,57019,9999-01-01
444659,Adit,Orsini,F,40000,9999-01-01
444662,Huan,Olivero,F,76851,9999-01-01
444664,Odysseas,Horswill,M,40000,9999-01-01
444673,Taisook,Kruskal,M,40000,9999-01-01
444687,Mokhtar,Braccini,F,50444,9999-01-01
444691,Arunachalam,Boreale,M,60389,9999-01-01
444694,Perry,Peac,M,52659,9999-01-01
444697,Fuqing,Emden,F,48896,9999-01-01
444121,Takahito,Harllee,M,40000,9999-01-01
444707,Brewster,Huhdanpaa,F,43974,9999-01-01
444720,Junichi,Rosin,F,40000,9999-01-01
444722,Ibibia,Hiraishi,M,40000,9999-01-01
444136,Qunsheng,Straney,F,63338,9999-01-01
444734,Shietung,Ertl,M,43726,9999-01-01
444735,Phule,Hashii,M,40000,9999-01-01
444736,Rosli,McClure,M,47690,9999-01-01
444738,Takahira,Gargeya,M,92947,9999-01-01
444742,Moriyoshi,Fadgyas,M,40000,9999-01-01
444758,Waiman,Hashii,M,40000,9999-01-01
444760,Kazuhiko,Brodie,F,63247,9999-01-01
444771,Manton,Preusig,F,40102,9999-01-01
444774,Remko,Benveniste,M,40000,9999-01-01
444781,Kasturi,Castellani,M,48086,9999-01-01
444141,Kokou,Coombs,M,59771,9999-01-01
444148,Jamaludin,Wendorf,F,40000,9999-01-01
444814,Perry,Detkin,M,40000,9999-01-01
444829,Shuji,Redmiles,M,76088,9999-01-01
444830,Rasikan,Koprowski,M,61837,9999-01-01
444832,Herbert,Conia,F,40000,9999-01-01
444835,Mayumi,Seiwald,F,68964,9999-01-01
444837,Hinrich,Ranka,F,58568,9999-01-01
444151,Nahum,Avouris,M,40000,9999-01-01
444853,Mahmut,Schoegge,M,43309,9999-01-01
444858,Rosli,Fandrianto,M,56473,9999-01-01
444867,Valter,Marshall,M,61925,9999-01-01
444871,Shao,Suppi,M,56621,9999-01-01
444152,Nahum,Nastansky,M,41490,9999-01-01
444882,Masoud,Cronau,F,41230,9999-01-01
444892,Eishiro,Stafford,F,40000,9999-01-01
444163,Uriel,Gente,M,90466,9999-01-01
444907,Sigeru,Manders,M,58842,9999-01-01
444167,Tremaine,Malabarba,F,52222,9999-01-01
444922,Jordanka,Naudin,F,72782,9999-01-01
444173,Steve,Matteis,M,40000,9999-01-01
444934,Oddvar,Attimonelli,F,62744,9999-01-01
444946,Toshimori,Erva,F,40000,9999-01-01
444957,Anneke,Demeyer,M,40000,9999-01-01
445102,Niteen,Baak,F,48396,9999-01-01
444978,Subbu,Poupard,F,55545,9999-01-01
444979,Takahira,Iisaku,M,40000,9999-01-01
444986,Masaki,Eldridge,F,78968,9999-01-01
445010,Yuqun,Brobst,F,40000,9999-01-01
445013,Douadi,Rodier,M,40000,9999-01-01
445020,Renny,Ligten,M,56671,9999-01-01
445023,Tadahiro,Dredge,M,80716,9999-01-01
445026,Kitty,Kohling,M,48687,9999-01-01
445035,Ugo,Brodal,F,68414,9999-01-01
445039,Manu,Stemann,M,40000,9999-01-01
445110,Heeju,Beerel,F,66936,9999-01-01
445046,Hercules,Kusakari,M,68480,9999-01-01
445050,Yongmin,Condotta,M,40000,9999-01-01
445065,Sandeepan,Heinisuo,M,49232,9999-01-01
445076,Limsoon,Holburn,M,40000,9999-01-01
445077,Parke,Marquardt,F,60780,9999-01-01
445080,Toshimi,Takanami,F,51662,9999-01-01
445082,Gro,Iacovou,M,80474,9999-01-01
445085,Chenxi,Chorvat,M,52117,9999-01-01
445093,Masaru,Oskamp,F,48252,9999-01-01
445122,Brendon,Farrow,M,55242,9999-01-01
445124,Mariusz,Comyn,F,54999,9999-01-01
445126,Sedat,Sadowski,M,40000,9999-01-01
445303,Lillian,Angel,M,40000,9999-01-01
445304,Francoise,Polupanov,M,56548,9999-01-01
445306,Arvind,Taubman,F,72915,9999-01-01
445314,Adel,Caine,M,50639,9999-01-01
445315,Otmar,Conde,F,66916,9999-01-01
445316,Moni,Straney,F,42350,9999-01-01
445132,Yinlin,Bisiani,F,50635,9999-01-01
445330,Lijie,Mitina,M,40000,9999-01-01
445334,Perla,Sessa,M,40000,9999-01-01
445355,Susanne,Dengi,M,56424,9999-01-01
445137,Uinam,Burnard,M,52958,9999-01-01
445366,Raimond,Panienski,F,50121,9999-01-01
445370,Leaf,Shinomoto,M,40000,9999-01-01
445371,Phillip,Tempesti,F,49099,9999-01-01
445381,Heekeun,Solovay,F,68352,9999-01-01
445389,Sariel,Begiun,M,40000,9999-01-01
445391,Tesuro,Hopewell,F,79556,9999-01-01
445397,Stein,Servi,F,41935,9999-01-01
445402,Hatem,Perz,M,69663,9999-01-01
445410,Elvia,Brodie,M,66788,9999-01-01
445412,Odinaldo,Ratzlaff,F,76602,9999-01-01
445414,Subhankar,Teitelbaum,F,40000,9999-01-01
445416,Kasturi,Awdeh,F,40000,9999-01-01
445460,Barna,Lamma,F,43104,9999-01-01
445463,Gopalakrishnan,Perna,F,65158,9999-01-01
445479,Urs,Porotnikoff,F,48708,9999-01-01
445484,Yagil,Ventosa,M,40000,9999-01-01
445493,Arvind,Ramsey,M,58391,9999-01-01
445497,Jouko,Hofmeyr,F,40000,9999-01-01
445499,Shem,Shumilov,M,41044,9999-01-01
445501,Behnaam,Wolniewicz,M,40000,9999-01-01
445505,Vugranam,Khalid,M,51916,9999-01-01
445509,Hein,Templeman,F,50847,9999-01-01
445524,Djelloul,Radivojevic,M,78367,9999-01-01
445138,Janalee,Muhling,F,56256,9999-01-01
445531,Jamaludin,Randt,F,48834,9999-01-01
445534,Poorav,Picht,M,40000,9999-01-01
445546,Mandell,Encarnacion,F,52035,9999-01-01
445550,Shaz,Baik,F,40000,9999-01-01
445552,Ziyad,Kleiser,M,53464,9999-01-01
445556,Badri,Schaar,M,45486,9999-01-01
445562,Alair,Pietracaprina,F,100570,9999-01-01
445139,Yahiko,Oskamp,M,51566,9999-01-01
445574,Erzsebet,Murtha,F,40000,9999-01-01
445580,Mori,Lung,M,44512,9999-01-01
445160,Rimli,Eiron,M,60548,9999-01-01
445597,Thodoros,Murthy,M,40000,9999-01-01
445600,Patricia,Schlegelmilch,F,40000,9999-01-01
445611,Chrisa,Murtafg,M,49583,9999-01-01
445614,Xudong,Riexinger,M,40000,9999-01-01
445621,Shmuel,Impagliazzo,M,78328,9999-01-01
445622,Sasan,Iisaka,F,45739,9999-01-01
445626,Satoru,Lanphier,M,80686,9999-01-01
445630,Bangqing,Rosch,M,40000,9999-01-01
445632,Zhiguo,Bressoud,M,66657,9999-01-01
445633,Michaela,Barriga,M,44115,9999-01-01
445634,Erez,Chandrasekhar,M,42230,9999-01-01
445654,Shietung,Hertweck,F,79616,9999-01-01
445163,Saeed,Karunanithi,M,44659,9999-01-01
445659,Jagoda,Bodoff,M,67839,9999-01-01
445176,Berni,Leuchs,M,52865,9999-01-01
445682,Jongsuk,Peha,F,50858,9999-01-01
445688,Gunilla,Carrere,F,40000,9999-01-01
445689,Naraig,Shihab,M,86884,9999-01-01
445701,Luigi,Naumovich,M,40000,9999-01-01
445703,Badri,Murtha,M,81186,9999-01-01
445715,Shooichi,Schurmann,M,82010,9999-01-01
445716,Sachio,Douceur,M,69231,9999-01-01
445721,Arra,Falby,M,40000,9999-01-01
445728,Herb,Lorin,F,43208,9999-01-01
445181,Steve,Ranft,F,71896,9999-01-01
445742,Ayonca,Teitelbaum,M,50041,9999-01-01
445743,Nagui,Clouatre,F,63799,9999-01-01
445757,Heeju,Chiola,M,75752,9999-01-01
445760,Pohua,Schicker,M,41841,9999-01-01
445769,Theirry,Aingworth,F,52607,9999-01-01
445772,Tuval,Oehlmann,M,40000,9999-01-01
445182,Subhankar,Kitai,F,64293,9999-01-01
445787,Conrado,Cannard,F,40000,9999-01-01
445790,Visit,Luon,M,40000,9999-01-01
445190,Nimmagadda,Millington,F,40000,9999-01-01
445202,Gudjon,Sanella,M,48617,9999-01-01
445840,Marko,Czaja,F,83635,9999-01-01
445210,Qingxiang,Biron,M,55393,9999-01-01
445844,Jeane,Slobodova,M,40000,9999-01-01
445848,Qunsheng,Emden,M,40000,9999-01-01
445852,Bernt,Doering,F,43568,9999-01-01
445218,Gino,Decaestecker,M,58753,9999-01-01
445888,Munir,Geffroy,M,64080,9999-01-01
445889,Christophe,Standera,F,40000,9999-01-01
445897,Oddvar,Krybus,F,40000,9999-01-01
445900,Zissis,Parfitt,F,40000,9999-01-01
445902,Ziyad,Dulli,M,56565,9999-01-01
445220,Florina,Luft,F,58098,9999-01-01
445910,Patricia,Fritzsche,M,53423,9999-01-01
445911,JoAnne,Gide,F,51066,9999-01-01
445928,Abdulah,Ermel,M,48690,9999-01-01
445931,Amabile,Falster,F,40000,9999-01-01
445932,Mariusz,Schrooten,M,43648,9999-01-01
445934,Beshir,Casperson,M,57681,9999-01-01
445223,Sachin,Ruemmler,M,81659,9999-01-01
445228,Yucel,Pietracaprina,F,40000,9999-01-01
445239,Ebru,Schapiro,F,41871,9999-01-01
445964,Alagu,Kaelbling,M,54349,9999-01-01
445970,Chuanti,Polajnar,F,49864,9999-01-01
445240,Cordelia,Garnier,M,40000,9999-01-01
445242,Goh,Conia,M,72805,9999-01-01
445248,Leandro,Bellone,M,57053,9999-01-01
445985,Van,Ginesta,M,45689,9999-01-01
445988,Denny,Yetto,M,57786,9999-01-01
445995,Mabo,Denny,M,41072,9999-01-01
445249,Nobuyoshi,Gargeya,M,60046,9999-01-01
445250,Alenka,Zaiane,F,41725,9999-01-01
446024,Susanna,Srimani,M,40000,9999-01-01
445251,Ingemar,Terekhov,M,40000,9999-01-01
445264,Yannik,Masamoto,F,62752,9999-01-01
446026,Bikash,Ritcey,M,64516,9999-01-01
446030,Mahmut,Peris,F,40000,9999-01-01
446036,Supot,McClurg,F,40000,9999-01-01
446038,Sangeeta,Ponthieu,F,51614,9999-01-01
446045,Margareta,Narwekar,M,74202,9999-01-01
446061,Moie,Koyama,M,41734,9999-01-01
445267,Dmitri,Koblitz,M,55689,9999-01-01
446071,Rasiah,Danner,F,68423,9999-01-01
446080,Oksana,Boudaillier,M,55347,9999-01-01
446083,Subir,Chiodo,F,40000,9999-01-01
446087,Samphel,Farris,F,78493,9999-01-01
446088,Nevin,Verspoor,M,40000,9999-01-01
446089,Junsik,Serov,F,40000,9999-01-01
446100,Faiza,Mitina,M,40000,9999-01-01
445274,Gou,Leonhardt,M,72143,9999-01-01
446108,Georg,Reinhart,M,78617,9999-01-01
446115,Marko,Heyers,F,40000,9999-01-01
446123,Chirstian,Velasco,F,40000,9999-01-01
446128,Filipe,Rajaraman,F,61615,9999-01-01
446131,Carrsten,Desikan,F,51383,9999-01-01
446139,Odoardo,Schlenzig,M,40000,9999-01-01
445283,Dmitry,Attimonelli,F,40000,9999-01-01
446147,Krassimir,Karunanithi,M,40000,9999-01-01
446223,Gay,Perin,F,59808,9999-01-01
446178,Georg,Fiutem,F,53243,9999-01-01
446189,Kwangyoen,Muhlberg,F,40000,9999-01-01
446190,Jaroslava,Baba,M,40000,9999-01-01
446193,Yoshimitsu,Gimbel,M,43280,9999-01-01
446195,Licheng,Shimshoni,F,54052,9999-01-01
446209,Arumugam,Iisaka,M,43370,9999-01-01
446241,Oscar,Schrooten,M,40000,9999-01-01
446402,Goa,Snedden,M,41954,9999-01-01
446404,Malu,Luks,M,40000,9999-01-01
446439,Marko,Kuszyk,M,40000,9999-01-01
446448,Lobel,Gulla,F,52957,9999-01-01
446243,Along,Schwartzbauer,M,78091,9999-01-01
446455,Mabhin,Honiden,F,40000,9999-01-01
446456,Shimshon,Usery,M,46138,9999-01-01
446468,Kagan,Lanphier,M,52014,9999-01-01
446469,Yucai,Krupka,M,40000,9999-01-01
446505,Lubomir,Neimat,M,40000,9999-01-01
446511,Guoxiang,Hennings,M,53825,9999-01-01
446512,Chiranjit,Ruther,F,47776,9999-01-01
446516,Kristin,Schlegelmilch,F,40000,9999-01-01
446533,Xiaoshan,Kalorkoti,F,48512,9999-01-01
446544,Conal,Kumaresan,F,48031,9999-01-01
446558,Weiyi,Braunschweig,M,40000,9999-01-01
446561,Sivanarayana,Sridhar,M,43892,9999-01-01
446565,Phule,Passafiume,M,96249,9999-01-01
446574,Lijia,Vuskovic,M,40000,9999-01-01
446602,Uzi,Reistad,M,40000,9999-01-01
446244,Denis,Baez,M,83877,9999-01-01
446607,Urs,Hinsberger,M,60284,9999-01-01
446611,Moto,Garigliano,M,95595,9999-01-01
446259,Qingxiang,Birjandi,M,40000,9999-01-01
446631,Nakhoon,Biros,M,40000,9999-01-01
446633,Junichi,Zeidenstein,M,41449,9999-01-01
446640,Stevo,Crooks,M,40000,9999-01-01
446645,Ferdinand,Ranst,F,63813,9999-01-01
446264,Kasturi,Barriga,F,40000,9999-01-01
446669,Gor,Pezzoli,M,56628,9999-01-01
446670,Alejandro,Gerteisen,F,60665,9999-01-01
446274,Lucian,Penttonen,F,40000,9999-01-01
446695,Filipe,Einsfeld,M,40000,9999-01-01
446276,Becky,Stroustrup,F,71545,9999-01-01
446727,Unal,Merks,M,49760,9999-01-01
446735,Taizo,Tiemann,F,75004,9999-01-01
446283,Shrikanth,Wursthorn,M,42636,9999-01-01
446744,Vishv,Rahier,F,51249,9999-01-01
446758,Chaitali,Peha,M,73807,9999-01-01
446285,Arto,Shanbhogue,M,43840,9999-01-01
446287,Bilhanan,Nyrup,M,45884,9999-01-01
446290,Itzchak,Lortz,F,52196,9999-01-01
446302,Zhiguo,Siepmann,M,40436,9999-01-01
446768,Conor,Kroha,F,57896,9999-01-01
446772,Nathan,Pettis,M,43819,9999-01-01
446314,Yuguang,Speek,M,51271,9999-01-01
446788,Peer,Chaudhury,F,59900,9999-01-01
446795,Cheong,Famili,M,40000,9999-01-01
446801,Yolla,Kropp,F,58092,9999-01-01
446802,Parviz,Rosis,F,45449,9999-01-01
446804,Hilari,Iacovou,F,65115,9999-01-01
446319,Adam,Siepmann,M,40000,9999-01-01
446815,Zhonghui,Badr,F,69064,9999-01-01
446324,Marit,Matzov,M,41837,9999-01-01
446822,Patricio,Riefers,M,46923,9999-01-01
446326,Basem,Peak,M,56954,9999-01-01
446328,Feixiong,Pehl,M,40000,9999-01-01
446848,Lenore,Oskamp,M,46819,9999-01-01
446348,Panayotis,Kalloufi,M,47118,9999-01-01
446863,Haldon,Flowers,M,40000,9999-01-01
446871,Munenori,Brobst,M,62905,9999-01-01
446888,Ishfaq,Iisaku,F,53533,9999-01-01
446891,Susanta,Heuser,M,50353,9999-01-01
446894,Heather,Rousseau,F,40000,9999-01-01
446350,Marl,Zolotykh,M,53082,9999-01-01
446905,Oscal,Cools,F,69826,9999-01-01
446352,Sariel,Muhlberg,F,40000,9999-01-01
446931,Lihong,Openshaw,F,45383,9999-01-01
446355,Kiam,Vieri,M,47685,9999-01-01
446370,Bedrich,Sewelson,M,52375,9999-01-01
446376,Duangkaew,DeMori,F,47218,9999-01-01
446966,Shaowen,Tyugu,F,59956,9999-01-01
446978,Hyuckchul,Nollmann,M,67091,9999-01-01
446981,Yannik,Chartres,M,40000,9999-01-01
446982,Ipke,Siegrist,M,58655,9999-01-01
446990,Zhanqiu,Streng,M,40000,9999-01-01
446991,Elgin,Polupanov,F,51329,9999-01-01
447001,Moty,Beetstra,F,64968,9999-01-01
446380,Fumiyo,Egerstedt,F,40000,9999-01-01
447008,Zsolt,Cooman,M,67211,9999-01-01
447017,Ramachenga,Vecchi,F,41845,9999-01-01
447021,Shigeu,Denna,F,40000,9999-01-01
446391,Kauko,Camarinopoulos,M,66772,9999-01-01
447023,Masaki,Joslin,M,40000,9999-01-01
447025,Ferdinand,Veevers,M,41421,9999-01-01
447045,Xiaocheng,Baak,F,74872,9999-01-01
447149,Teiji,Eppinger,M,69243,9999-01-01
447061,Ewing,Pluym,M,75072,9999-01-01
447072,George,Mukaidono,M,40000,9999-01-01
447075,Charlene,Mellouli,M,40000,9999-01-01
447076,Teruyuki,Straney,M,67905,9999-01-01
447079,Dante,Stanger,F,41589,9999-01-01
447081,Chinhyun,Colorni,M,55484,9999-01-01
447091,Suzette,Perfilyeva,M,73334,9999-01-01
447092,Inderjeet,Lorho,M,94407,9999-01-01
447101,Tse,Parhami,F,56589,9999-01-01
447121,Girolamo,Giveon,M,41728,9999-01-01
447127,Shigeaki,Delaune,F,40000,9999-01-01
447132,Masaru,Crelier,M,50938,9999-01-01
447164,Ulises,Deverell,M,43424,9999-01-01
447322,Marc,Snedden,M,56489,9999-01-01
447194,Anneke,Rando,F,49014,9999-01-01
447349,Yinghua,Speel,F,45468,9999-01-01
447354,Valeska,Ghalwash,F,40216,9999-01-01
447372,Bouchung,Heijenga,M,40000,9999-01-01
447385,Yongqiao,Skrikant,M,76277,9999-01-01
447391,Sverrir,Muhlberg,M,62381,9999-01-01
447395,Rosalyn,Quaggetto,F,40000,9999-01-01
447396,Kazuyasu,Oberman,M,67905,9999-01-01
447399,Brewster,Murrill,M,46768,9999-01-01
447401,Perry,Feinberg,F,71350,9999-01-01
447413,Jayson,Schach,M,45081,9999-01-01
447195,Jaques,Ruemmler,M,58300,9999-01-01
447420,Satoru,Peot,M,53183,9999-01-01
447431,Kokou,Guting,F,42679,9999-01-01
447203,Gila,Lienhardt,F,63028,9999-01-01
447449,Jordanka,Klyachko,F,78851,9999-01-01
447454,Niteen,Improta,F,40000,9999-01-01
447462,Mart,Pileggi,F,64431,9999-01-01
447213,Adas,Warwick,F,94124,9999-01-01
447480,Maik,Leppanen,F,40000,9999-01-01
447215,Danae,Mullainathan,M,54613,9999-01-01
447507,Gro,Kaelbling,F,40854,9999-01-01
447220,Inderjeet,Malinowski,F,58336,9999-01-01
447530,Bodh,Zeidenstein,F,52912,9999-01-01
447238,Shigehito,Comte,M,60494,9999-01-01
447548,Kazuhide,Cardazo,M,79959,9999-01-01
447564,Charmane,Kriebel,F,66661,9999-01-01
447565,Qunsheng,Facello,F,56824,9999-01-01
447584,Jouni,VanScheik,M,40000,9999-01-01
447240,Maja,Riefers,M,111448,9999-01-01
447241,Satosi,Azevdeo,F,47079,9999-01-01
447614,Xinglin,Penn,M,47295,9999-01-01
447618,Sachio,Tetzlaff,M,74348,9999-01-01
447242,Gino,Keustermans,M,52764,9999-01-01
447622,Tokuyasu,Lipner,M,45713,9999-01-01
447260,Ramalingam,Kalorkoti,F,40000,9999-01-01
447632,Yucel,Paludetto,M,40000,9999-01-01
447635,Kitty,Ranft,F,72730,9999-01-01
447637,Ung,Liesche,F,82218,9999-01-01
447654,Padma,Guerreiro,M,40000,9999-01-01
447656,Seongbae,Rissland,M,40000,9999-01-01
447658,Fen,Ossenbruggen,M,40000,9999-01-01
447665,Martien,Schaar,M,57005,9999-01-01
447274,Hongzhu,Journel,M,70414,9999-01-01
447701,Lucien,Etalle,M,54388,9999-01-01
447275,Ranga,Kenevan,M,40000,9999-01-01
447705,Giordano,Docker,F,85817,9999-01-01
447294,Florian,Kitsuregawa,M,40394,9999-01-01
447727,Basem,Merel,M,57220,9999-01-01
447307,Barton,Butterworth,M,40000,9999-01-01
447743,Valery,Ferretti,F,56703,9999-01-01
447748,Shooichi,Hammerschmidt,M,51471,9999-01-01
447750,Fun,Engberts,M,40000,9999-01-01
447764,Berna,Plotkin,F,75377,9999-01-01
447893,Munir,Hockney,F,40000,9999-01-01
447765,Arie,Chachaty,F,54472,9999-01-01
447773,Masato,Peot,F,55542,9999-01-01
447791,Huei,Pluym,F,43953,9999-01-01
447800,Xiaoshan,Polupanov,F,61578,9999-01-01
447808,Wanqing,Gimbel,M,73167,9999-01-01
447816,Abdelwaheb,Buescher,M,58957,9999-01-01
447820,Conor,Swist,M,58373,9999-01-01
447928,Jianhao,Spell,M,48523,9999-01-01
447962,Seongbin,Linares,F,40000,9999-01-01
447967,Isamu,Kitai,F,42948,9999-01-01
447985,Sedat,Alencar,M,60459,9999-01-01
447989,Wojceich,Gini,F,67692,9999-01-01
448008,Shem,Taubenfeld,F,40000,9999-01-01
448014,Kristof,Selenyi,F,51255,9999-01-01
447822,Arvind,Suomi,F,43946,9999-01-01
447825,Remmert,Schueller,F,60568,9999-01-01
447826,Harjit,Morris,F,40000,9999-01-01
448025,Vitaly,Rosis,F,47601,9999-01-01
448030,Kagan,Serna,F,49280,9999-01-01
448037,Niclas,Trachtenberg,F,57671,9999-01-01
448044,Yakkov,Stille,M,58249,9999-01-01
448047,Xinyu,Gini,F,69118,9999-01-01
448054,Franziska,Imataki,F,54591,9999-01-01
448079,Ingmar,Benaini,M,40000,9999-01-01
448089,Xiong,Kalloufi,F,71205,9999-01-01
448096,Aksel,Rouquie,M,69572,9999-01-01
448102,Tamiya,Wissmann,F,40000,9999-01-01
448124,Hongzhu,Roohalamini,F,65434,9999-01-01
448131,Aloys,Akaboshi,M,67857,9999-01-01
447849,Izaskun,Wissmann,F,105937,9999-01-01
447850,Duke,Decleir,M,48142,9999-01-01
448136,Garnik,Ushiama,M,40000,9999-01-01
447868,Shaw,Reeker,F,40000,9999-01-01
448138,Izaskun,Welham,M,40000,9999-01-01
448154,Nahid,Ramsay,F,40000,9999-01-01
448156,Xuejia,Spataro,F,77310,9999-01-01
448166,Bangqing,Schneeberger,F,46689,9999-01-01
448250,Susumu,Teitelbaum,F,72138,9999-01-01
448210,Marc,Hoppenstand,F,40000,9999-01-01
448254,Hironobu,Gischer,F,60178,9999-01-01
448258,Fatemeh,Rusterholz,F,40000,9999-01-01
448260,Gad,Garnick,F,56208,9999-01-01
448282,Rosine,Peek,F,40000,9999-01-01
448287,Neven,Wynblatt,M,72582,9999-01-01
448297,Nahum,Ghelli,M,63726,9999-01-01
448211,Shim,Dratva,F,45136,9999-01-01
448307,Sibyl,Walstra,F,40000,9999-01-01
448214,Sumant,Morton,M,40000,9999-01-01
448309,Yahiko,Socorro,M,40000,9999-01-01
448313,Chinhyun,Carrere,F,59174,9999-01-01
448235,Giao,Flowers,M,63639,9999-01-01
448323,Dipayan,Kadhim,M,40000,9999-01-01
448327,Zhonghui,Roccetti,M,53079,9999-01-01
448328,Dipayan,Kavraki,F,40000,9999-01-01
448334,Rasikan,Turnbull,F,41901,9999-01-01
448237,Chenxi,Tagansky,M,68711,9999-01-01
448352,Arnould,Takanami,M,69206,9999-01-01
448433,IEEE,Zastre,M,41840,9999-01-01
448357,Parviz,Munch,M,59640,9999-01-01
448359,Nirmal,Comellas,M,42393,9999-01-01
448362,Denis,Erol,M,58693,9999-01-01
448363,Elrique,Duclos,F,40000,9999-01-01
448364,Xuedong,Sinitsyn,F,70649,9999-01-01
448365,Domenico,Bernatsky,F,40000,9999-01-01
448369,Mohit,Ghelli,M,57850,9999-01-01
448438,Bangqing,Anguita,F,65169,9999-01-01
448388,Shaleah,Gluchowski,F,63257,9999-01-01
448394,Parke,Atchley,M,53463,9999-01-01
448440,Idoia,Bala,M,62806,9999-01-01
448400,Mokhtar,Kakkad,M,47945,9999-01-01
448444,KayLiang,Armand,F,40000,9999-01-01
448406,Masami,Kitsuregawa,F,59871,9999-01-01
448452,Zsolt,Flowers,F,54838,9999-01-01
448460,Selwyn,Kuszyk,M,64437,9999-01-01
448466,Basil,Zockler,M,40000,9999-01-01
448471,Piyawadee,Luks,M,59780,9999-01-01
448475,Marl,Braunmuhl,M,40000,9999-01-01
448623,Tetsurou,Taubman,F,50470,9999-01-01
448478,Ulf,Stanger,F,50368,9999-01-01
448632,Chikako,Hiroyama,F,40000,9999-01-01
448639,Pintsang,Zobel,F,41323,9999-01-01
448483,Snehasis,Tempesti,F,43701,9999-01-01
448647,Rosalie,dAstous,F,43575,9999-01-01
448495,Goncalo,Scharstein,M,58279,9999-01-01
448664,Mori,Khamsi,M,40000,9999-01-01
448498,Ishfaq,Joslin,M,43097,9999-01-01
448681,Fayez,Gini,M,65801,9999-01-01
448692,Sukumar,Weisert,F,62171,9999-01-01
448510,Candido,Bratsberg,M,40000,9999-01-01
448694,Constantijn,Luef,M,41045,9999-01-01
448697,Mototsugu,Pietracaprina,F,54187,9999-01-01
448707,Laurentiu,Basart,M,78364,9999-01-01
448524,Kwangsub,Akazan,F,51608,9999-01-01
448535,Francesca,Hiroyama,F,40000,9999-01-01
448744,Eishiro,Dichev,F,40000,9999-01-01
448749,Utz,Hasenauer,M,51192,9999-01-01
448554,Sushant,Swiss,M,40000,9999-01-01
448755,Masaki,Reeker,M,41395,9999-01-01
448759,Luigi,Bojadziev,F,40000,9999-01-01
448762,Hirochika,Lakshmanan,F,40000,9999-01-01
448766,Yinghua,Fabrizio,F,73719,9999-01-01
448775,Arnould,Buescher,F,40000,9999-01-01
448779,Alair,Gelosh,M,40000,9999-01-01
448781,Luigi,Heering,F,61831,9999-01-01
448785,Mostafa,Terwilliger,F,53832,9999-01-01
448563,Kensei,Terlouw,M,62694,9999-01-01
448795,Jolita,Brlek,F,53927,9999-01-01
448799,Shahab,Socorro,M,59687,9999-01-01
448565,Herb,Linares,F,64130,9999-01-01
448566,Subhada,Milicia,M,53508,9999-01-01
448570,Yechiam,Figueira,M,40000,9999-01-01
448808,Yannik,Adachi,F,47125,9999-01-01
448810,Tomofumi,Kropp,M,40000,9999-01-01
448813,Khosrow,Mullainathan,F,68064,9999-01-01
448818,Alejandra,Maginnis,F,57514,9999-01-01
448572,Shigeu,Szilard,M,46357,9999-01-01
448835,Chikako,Benzmuller,F,40891,9999-01-01
448846,Abdulla,Lipner,M,74508,9999-01-01
448858,Takahiro,Emmart,F,40000,9999-01-01
448860,Jixiang,Gecseg,M,40000,9999-01-01
448861,Odysseas,Noriega,M,50005,9999-01-01
448870,Sadegh,Dymetman,M,40000,9999-01-01
448877,Poornachandra,Pehl,F,43772,9999-01-01
448894,Rildo,Kugler,F,48323,9999-01-01
448899,Rance,Mattern,F,40445,9999-01-01
448908,Mountaz,Rehfuss,M,65208,9999-01-01
448914,Vesna,Atrawala,M,83775,9999-01-01
448928,Heon,Birch,M,40000,9999-01-01
448929,Dinkar,Tyugu,M,40000,9999-01-01
448936,IEEE,Zongker,F,40000,9999-01-01
448941,Pascal,Rothenberg,F,56475,9999-01-01
448947,Lijie,Douceur,F,40000,9999-01-01
448957,Lene,Unno,M,40000,9999-01-01
448967,Nidapan,Lindenbaum,M,40000,9999-01-01
448974,Marlo,Vickson,F,40000,9999-01-01
449013,Xiping,Collette,F,82660,9999-01-01
449023,Jinpo,Kuhnemann,M,97470,9999-01-01
449026,Geoff,Nergos,F,40000,9999-01-01
449028,Xuedong,Bhattacharjee,M,40000,9999-01-01
449058,Tsutomu,Coney,F,58137,9999-01-01
449060,Erzsebet,Kroon,M,59086,9999-01-01
449069,Gilbert,Gadepally,M,45465,9999-01-01
449075,Aran,Lund,M,63411,9999-01-01
449077,Cathie,Molenaar,M,87337,9999-01-01
449082,Barry,Merey,F,40000,9999-01-01
449087,Khalid,Eppinger,M,72975,9999-01-01
448583,Leon,Wolniewicz,M,58569,9999-01-01
449103,Minghong,Mandelberg,M,44792,9999-01-01
449105,Jiakeng,Riesenhuber,F,40000,9999-01-01
449111,Syozo,Scharstein,F,40000,9999-01-01
449115,Kellyn,Levasseur,M,51412,9999-01-01
449116,Rosli,Ranft,M,56109,9999-01-01
449117,Fumitake,Genin,F,76181,9999-01-01
449119,Tomofumi,Brickell,M,52370,9999-01-01
449121,Gil,Taubenfeld,F,65138,9999-01-01
449139,Moni,Melton,M,44127,9999-01-01
449141,Yuqun,Szmurlo,M,40000,9999-01-01
448585,Shin,Makrucki,F,40000,9999-01-01
449170,Serenella,Mellouli,M,40000,9999-01-01
448606,Khoa,Zastre,M,40000,9999-01-01
449171,Divier,Luiz,F,47975,9999-01-01
449181,Frederique,Tagansky,M,40000,9999-01-01
449194,Francesca,Sanella,M,40000,9999-01-01
449207,Takanari,Quaggetto,M,67466,9999-01-01
449213,Jordanka,Swift,F,60364,9999-01-01
449215,Arvind,Trumbly,M,40000,9999-01-01
449359,Arvind,Dratva,M,40000,9999-01-01
449223,Gad,Peak,F,62960,9999-01-01
449226,Shahid,Caine,M,40000,9999-01-01
449235,Jaewoo,Rodite,M,40000,9999-01-01
449237,Conal,Beutelspacher,F,80414,9999-01-01
449242,Basant,Chinen,M,79358,9999-01-01
449246,Bilhanan,Kamber,F,40000,9999-01-01
449253,Iara,Tiemann,F,40000,9999-01-01
449261,Hidefumi,Baaleh,M,40000,9999-01-01
449262,Woody,Slobodova,M,66489,9999-01-01
449263,Aemilian,Leaver,F,70490,9999-01-01
449264,Martins,Serra,F,74251,9999-01-01
449275,Cedric,Matzen,M,54259,9999-01-01
449276,Geoff,Milicic,M,40000,9999-01-01
449363,Marco,Schahn,M,58516,9999-01-01
449369,Halsur,Litzler,F,43277,9999-01-01
449379,Val,Grandbois,F,59431,9999-01-01
449381,Visit,Hennebert,F,44265,9999-01-01
449386,Kwan,Montemayor,F,77775,9999-01-01
449387,Mokhtar,Valette,M,55087,9999-01-01
449400,Jouko,Gluchowski,M,44593,9999-01-01
449411,Sverrir,Kading,M,62011,9999-01-01
449436,Hitofumi,Paciorek,M,52078,9999-01-01
449285,Zhenhua,Lambe,F,64353,9999-01-01
449290,Snehasis,Comellas,M,40000,9999-01-01
449300,Uwe,Benaini,M,40000,9999-01-01
449318,Khue,DuBourdieux,F,40000,9999-01-01
449323,Woody,Fujisawa,M,40000,9999-01-01
449325,Xinan,Hebert,M,40000,9999-01-01
449339,Parke,Speer,F,52080,9999-01-01
449450,Basim,Rijsenbrij,F,40000,9999-01-01
449459,Pohua,Bakhtari,F,51461,9999-01-01
449477,Jaroslava,Zykh,F,40000,9999-01-01
449577,Serap,Brobst,M,63405,9999-01-01
449581,Chuanti,Stamatiou,M,83456,9999-01-01
449596,Shigeu,Ernst,F,62252,9999-01-01
449599,Aloke,Baig,M,58355,9999-01-01
449604,Ottavia,Varman,F,45571,9999-01-01
449485,Along,Murtafg,M,49000,9999-01-01
449621,Ashish,Noriega,M,46300,9999-01-01
449487,Yonghong,Codenie,M,62755,9999-01-01
449489,Naftaly,Hertweck,M,84890,9999-01-01
449491,Chinho,Farrel,M,50985,9999-01-01
449641,Chiranjit,Demizu,F,53593,9999-01-01
449645,Gou,Kragelund,M,63217,9999-01-01
449496,Rimli,Hofmeyr,F,51602,9999-01-01
449504,Chaitali,Porenta,F,40000,9999-01-01
449657,Cathie,Serre,M,72150,9999-01-01
449661,Bartek,Raney,M,45837,9999-01-01
449664,Toshimitsu,Wielonsky,M,40000,9999-01-01
449675,Ottavia,Frezza,M,40000,9999-01-01
449506,Mohit,Nanard,F,54609,9999-01-01
449684,Yinghua,Pleszkun,F,65221,9999-01-01
449692,Idoia,Vidya,F,65819,9999-01-01
449693,Teruyuki,Angiulli,M,44136,9999-01-01
449704,Ziyad,Garnier,F,40000,9999-01-01
449710,Lokesh,Beznosov,F,48930,9999-01-01
449711,Florina,Verhaegen,M,48949,9999-01-01
449507,Teruyuki,Back,F,71498,9999-01-01
449518,Berni,Krupka,M,40000,9999-01-01
449520,Navid,Mansanne,F,40000,9999-01-01
449521,Tristan,Kalloufi,M,44971,9999-01-01
449745,Jeong,Imataki,M,78817,9999-01-01
449526,Sham,Pargaonkar,F,40000,9999-01-01
449528,Feipei,Beilner,F,40000,9999-01-01
449783,Conal,Uhrig,M,40000,9999-01-01
449784,Kersti,Zwicker,M,40000,9999-01-01
449530,Moni,Lamba,M,40000,9999-01-01
449803,Ottavia,Landherr,M,40000,9999-01-01
449540,Wayne,Millington,M,42190,9999-01-01
449816,Mariangiola,Lanzelotte,M,54067,9999-01-01
449835,Etsuo,Armand,F,71377,9999-01-01
449838,Abdelaziz,Cmelik,M,50795,9999-01-01
449915,Vasiliy,Maierhofer,M,40000,9999-01-01
449847,Junichi,Garnier,M,53728,9999-01-01
449865,Shalesh,Puppo,M,63443,9999-01-01
449880,Charlene,Ermel,F,49294,9999-01-01
449887,Elzbieta,Lorcy,F,66846,9999-01-01
449897,Navid,Dichev,M,66617,9999-01-01
449903,Teruyuki,Billingsley,F,72720,9999-01-01
449916,Zhonghua,Leslie,M,52474,9999-01-01
449920,Domenico,Koblick,M,56813,9999-01-01
449928,Muzhong,Malinowski,M,43273,9999-01-01
449945,Shuzo,Peris,M,47504,9999-01-01
450114,Duro,Erdmenger,M,58418,9999-01-01
450125,Zongyan,Kossowski,M,42134,9999-01-01
450133,Masanao,Preusig,M,55074,9999-01-01
450138,Kensyu,Schueller,M,44407,9999-01-01
450147,Yongdong,Farris,F,40000,9999-01-01
450170,Taiji,Constantine,M,63439,9999-01-01
450192,Sachem,Ghalwash,M,61104,9999-01-01
450194,Atreyi,Montresor,M,40000,9999-01-01
450196,Zeydy,Picht,F,76386,9999-01-01
450197,Macha,Schapire,M,54850,9999-01-01
450208,Rosalie,Leijenhorst,M,68773,9999-01-01
450216,Ziya,Herath,M,40000,9999-01-01
450217,Petter,Gluchowski,M,40000,9999-01-01
450219,Xiaoheng,Gruenwald,M,40000,9999-01-01
450239,Tokuyasu,Pardalos,F,40000,9999-01-01
450243,Mayumi,Undy,M,89121,9999-01-01
450248,Nigel,Zaiane,M,68410,9999-01-01
450264,Aloke,Socorro,M,40000,9999-01-01
450287,Christophe,Kinley,M,40000,9999-01-01
450288,Angus,Braunschweig,M,40000,9999-01-01
449950,Shen,Rissland,M,53795,9999-01-01
450305,Janche,Ghelli,M,84133,9999-01-01
450306,Idoia,Gurbaxani,F,40000,9999-01-01
450319,Abdelwaheb,Panienski,M,54555,9999-01-01
450322,Hsiangchu,Melichar,M,40000,9999-01-01
449957,Gen,Marrevee,M,61058,9999-01-01
450347,Otilia,Lamba,M,52956,9999-01-01
450354,Yagil,Cesareni,M,40000,9999-01-01
450360,Moriyoshi,Schmittgen,F,45147,9999-01-01
449961,Diederik,Swist,M,60867,9999-01-01
450384,Raimond,Anido,M,40000,9999-01-01
449962,Marsal,Heystek,F,76262,9999-01-01
450405,Radoslaw,Grospietsch,M,40000,9999-01-01
449965,Gaetan,Gilg,F,62933,9999-01-01
450409,Marla,Babb,M,81308,9999-01-01
450412,Kazuhiro,Raney,F,40000,9999-01-01
450422,Tayeb,Ebeling,M,40000,9999-01-01
449988,Masami,Teitelbaum,M,56184,9999-01-01
450438,Anestis,Cooke,F,40000,9999-01-01
450444,Gil,Vakili,M,40000,9999-01-01
450449,Saddek,Pagter,F,44564,9999-01-01
450454,Shichao,Ranft,F,41518,9999-01-01
450457,Fun,Ranka,M,83172,9999-01-01
450467,Sachin,Linares,M,40000,9999-01-01
450468,Aimee,Lakshmanan,M,48849,9999-01-01
450479,Yonghong,Bressoud,M,66998,9999-01-01
450480,Macha,Speer,F,40000,9999-01-01
450486,Jaewoo,Schwartzburd,M,40000,9999-01-01
449992,Barry,Azevdeo,F,65776,9999-01-01
450495,Isaac,Boguraev,F,59354,9999-01-01
450496,Shuji,Rosti,F,49324,9999-01-01
450497,Shietung,Molberg,F,58077,9999-01-01
450498,Reinhard,Ciolek,M,40000,9999-01-01
449996,Georg,Kavvadias,F,40000,9999-01-01
450524,Pantung,Naumovich,M,75454,9999-01-01
450003,Malu,Merlo,F,42000,9999-01-01
450535,Hauke,Beutelspacher,M,42928,9999-01-01
450542,Hein,Encarnacion,M,59797,9999-01-01
450549,Hyuckchul,Sudbeck,M,58302,9999-01-01
450012,Byong,Ashish,M,52024,9999-01-01
450556,Douadi,Zolotykh,F,62561,9999-01-01
450032,Oguz,Weedon,F,43245,9999-01-01
450563,Saddek,Ishibashi,M,40000,9999-01-01
450573,Jolita,Nyrup,M,41573,9999-01-01
450038,Godehard,Gecsei,M,40000,9999-01-01
450585,Gaetan,Remmele,M,51960,9999-01-01
450594,Torsten,Morrey,F,54631,9999-01-01
450596,Dante,Jiafu,M,72972,9999-01-01
450599,Kagan,Rahimi,F,68715,9999-01-01
450611,Yuping,Siprelle,F,40000,9999-01-01
450622,Xuejun,Undy,F,73491,9999-01-01
450623,Mostafa,Schiper,F,57319,9999-01-01
450039,Anyuan,Lunt,F,60546,9999-01-01
450625,Conrado,Calkin,M,49334,9999-01-01
450047,Yonghong,Porenta,F,40000,9999-01-01
450645,Niteen,Tsukuda,M,86064,9999-01-01
450048,Frazer,Bondorf,M,40000,9999-01-01
450078,Ranan,Itzigehl,M,40973,9999-01-01
450086,Stamatina,Baer,F,69542,9999-01-01
450095,Kolar,Cheshire,F,55083,9999-01-01
450836,Magy,Byoun,M,40000,9999-01-01
450665,Navid,Oehlmann,M,73282,9999-01-01
450667,Martine,Karner,M,40000,9999-01-01
450670,Udo,Haumacher,M,43280,9999-01-01
450838,Vasiliy,Demri,M,52647,9999-01-01
450842,Charmane,Danner,M,40000,9999-01-01
450683,Kayoko,Genther,F,63293,9999-01-01
450860,Angus,Billingsley,M,80228,9999-01-01
450689,Sivanarayana,Gill,F,67892,9999-01-01
450874,Sven,Rebaine,M,40000,9999-01-01
450709,Shaz,Nooteboom,F,40000,9999-01-01
450878,Djelloul,Cannata,M,58025,9999-01-01
450893,Ulises,Gerlach,F,76691,9999-01-01
450910,Niranjan,Bodoff,M,113566,9999-01-01
450735,Chaitali,Naumovich,M,71020,9999-01-01
450737,Hailing,Krychniak,M,55717,9999-01-01
450927,Bernice,Hempstead,F,62267,9999-01-01
450748,Barun,Swist,F,40000,9999-01-01
450931,IEEE,Stentiford,M,52056,9999-01-01
450959,Premsyl,Kusalik,M,59372,9999-01-01
450768,Lech,Erdi,F,71256,9999-01-01
450771,Lillian,Shanbhogue,M,40000,9999-01-01
450783,Sigeru,Turnbull,M,40000,9999-01-01
450982,Takahiro,Spieker,M,40000,9999-01-01
450798,Margareta,Lorys,M,40000,9999-01-01
450799,Sugwoo,Peac,F,51512,9999-01-01
450985,Florian,Langford,F,69989,9999-01-01
450812,Feiyu,Gerteisen,M,54219,9999-01-01
450990,Randi,Ramras,M,74856,9999-01-01
450822,Wuxu,Furedi,F,40000,9999-01-01
451001,Kitty,Bottner,M,74387,9999-01-01
450826,Guoxiang,Farrar,M,40000,9999-01-01
450829,Along,Schiper,F,61914,9999-01-01
451002,Fumino,Bahk,M,40442,9999-01-01
450834,Boguslaw,Pelz,M,40000,9999-01-01
451007,Mingzeng,Jeong,M,72783,9999-01-01
451010,Ger,Schusler,F,51933,9999-01-01
451020,Abdelwaheb,Masada,F,59794,9999-01-01
451208,Taegyun,Versino,F,40000,9999-01-01
451028,Zengping,Bahr,M,51324,9999-01-01
451031,Tetsushi,Thimonier,F,46807,9999-01-01
451217,Changho,Nergos,M,83060,9999-01-01
451038,Genki,Lorie,M,85349,9999-01-01
451040,Taisook,Backhouse,M,40000,9999-01-01
451228,Zhanqiu,Ghemri,F,40000,9999-01-01
451230,Dipankar,Taubman,F,53224,9999-01-01
451062,Badri,Narwekar,M,40000,9999-01-01
451063,Sibyl,Irland,M,42229,9999-01-01
451068,Howell,Collavizza,M,53941,9999-01-01
451234,Jingling,Glowinski,F,40000,9999-01-01
451073,Sedat,Couchot,M,40000,9999-01-01
451074,Masaru,Kowalchuk,M,51089,9999-01-01
451242,Ronghao,Reutenauer,M,46019,9999-01-01
451088,Constantine,Vuskovic,M,49591,9999-01-01
451098,Pragnesh,Fujisaki,M,50853,9999-01-01
451100,Moheb,Schlumberger,M,40000,9999-01-01
451115,Zejun,Wrigley,F,40000,9999-01-01
451131,Alejandra,Jervis,M,40000,9999-01-01
451152,Susanna,Auria,M,45031,9999-01-01
451155,Kolar,Anguita,M,53482,9999-01-01
451164,Shahaf,Pargaonkar,M,79014,9999-01-01
451166,Kazuyasu,Spataro,M,50623,9999-01-01
451168,Licheng,Welham,M,69778,9999-01-01
451251,Anneli,Itschner,F,80158,9999-01-01
451173,Aloke,Lorie,M,70926,9999-01-01
451180,JiYoung,Suppi,M,40000,9999-01-01
451257,Foong,Muniz,F,54215,9999-01-01
451199,Masanao,Fraisse,F,40000,9999-01-01
451204,Rutger,Ranon,M,40000,9999-01-01
451270,Harngdar,Uludag,M,47970,9999-01-01
451278,Ebru,Rosca,M,40000,9999-01-01
451286,Karoline,Shigei,M,40000,9999-01-01
451287,Kwangyoen,Lally,M,57228,9999-01-01
451297,Gian,Suri,M,61121,9999-01-01
451313,Xiong,Chinin,M,40000,9999-01-01
451392,Sachar,Sadowski,M,68435,9999-01-01
451402,Rosella,Herber,F,59533,9999-01-01
451403,Kristen,Heuser,F,40460,9999-01-01
451334,Gil,Snedden,M,44654,9999-01-01
451416,Tru,Baig,M,70724,9999-01-01
451422,Ranga,Mundy,F,40000,9999-01-01
451426,Tetsushi,Nitsche,M,44353,9999-01-01
451348,Mayuko,Vanwelkenhuysen,M,74502,9999-01-01
451441,Sahrah,Rijckaert,M,56396,9999-01-01
451361,Kristen,Petersohn,M,68765,9999-01-01
451364,Maia,Raney,F,49167,9999-01-01
451366,Sudhanshu,Heystek,M,55780,9999-01-01
451390,Youngkon,Itzigehl,F,40000,9999-01-01
451468,Ramalingam,Murrill,F,40000,9999-01-01
451579,Hyuncheol,Narahari,M,42468,9999-01-01
451482,Cathie,Molenkamp,M,41411,9999-01-01
451487,Shunichi,Iivonen,M,70089,9999-01-01
451488,Kshitij,Shackel,M,40000,9999-01-01
451589,Angus,Naudin,F,62445,9999-01-01
451495,Kristin,Schrift,F,40000,9999-01-01
451595,Kersti,Przulj,M,43097,9999-01-01
451497,Jayson,Haraldson,M,51236,9999-01-01
451499,Ramya,Porenta,M,40000,9999-01-01
451600,Abdelaziz,Thisen,M,41508,9999-01-01
451606,Tesuro,Rosenbaum,M,40000,9999-01-01
451611,Dulce,Rouquie,M,48119,9999-01-01
451527,Baoqiu,Matzov,M,40000,9999-01-01
451534,Shahid,Vrecion,M,40000,9999-01-01
451621,Premsyl,Shimshoni,M,56423,9999-01-01
451548,Mari,Sridhar,F,55465,9999-01-01
451565,Vishv,Shimshoni,M,51814,9999-01-01
451567,Utz,Barreiro,F,42049,9999-01-01
451635,Bangqing,Pehl,M,40000,9999-01-01
451637,Gudjon,Polajnar,F,57495,9999-01-01
451642,JoAnne,Hiyoshi,M,68355,9999-01-01
451651,Margareta,Angel,M,40000,9999-01-01
451768,Jianhao,Pettey,M,68396,9999-01-01
451665,Jingling,Berstel,M,40000,9999-01-01
451776,Ravishankar,Coombs,F,64763,9999-01-01
451790,Mabry,Neiman,F,42368,9999-01-01
451794,Masali,Constantine,F,44077,9999-01-01
451701,Marsal,Hardjono,M,64263,9999-01-01
451795,Nirmal,Rosaz,M,40000,9999-01-01
451707,Sampalli,Conte,M,40000,9999-01-01
451712,Poorav,Eldridge,M,87769,9999-01-01
451799,Aiman,Anick,M,52888,9999-01-01
451751,Kwan,Hasham,F,75400,9999-01-01
451809,Stella,Glowinski,M,59824,9999-01-01
451818,Faiza,Cincotta,M,57086,9999-01-01
451823,Alejandro,Janocha,F,49188,9999-01-01
451828,Pintsang,Peng,M,52252,9999-01-01
451830,Masanao,Lamba,M,43437,9999-01-01
451754,Arnould,Krupka,F,41119,9999-01-01
451952,Ortrud,Spelt,M,77822,9999-01-01
451858,Moon,Mateescu,F,54365,9999-01-01
451870,Parviz,Improta,M,73887,9999-01-01
451958,Tomofumi,Hofmeyr,M,53465,9999-01-01
451908,Xinglin,Polajnar,M,62002,9999-01-01
451964,Shaibal,Suomi,M,40000,9999-01-01
451920,Shigeichiro,Luck,F,46645,9999-01-01
451921,Jayesh,Radhakrishnan,F,40000,9999-01-01
451970,Jeanna,Chandrasekhar,M,48118,9999-01-01
451992,Yuriy,Hagimont,M,40000,9999-01-01
451940,Tomoyuki,Litecky,M,40000,9999-01-01
452013,Susanne,Merel,M,40000,9999-01-01
452021,Karoline,Kobuchi,F,60436,9999-01-01
452141,Herbert,Slaats,M,42114,9999-01-01
452149,Steen,Chinin,M,40000,9999-01-01
452024,Jaideep,Haldar,M,47713,9999-01-01
452029,Genki,Narwekar,M,40000,9999-01-01
452162,Girolamo,Vecchi,F,57708,9999-01-01
452035,Idoia,Ghelli,M,54223,9999-01-01
452163,Tesuro,Koprowski,F,45775,9999-01-01
452045,Narain,Rissanen,M,42464,9999-01-01
452177,Chaosheng,Bernatsky,F,40000,9999-01-01
452187,Tooru,Vilarrasa,F,57102,9999-01-01
452058,Hugh,Gaughan,F,40000,9999-01-01
452199,Mostafa,Thibadeau,M,40000,9999-01-01
452201,Guenter,Piveteau,F,40000,9999-01-01
452210,Waiman,Kavanagh,F,40000,9999-01-01
452215,Arun,Macedo,M,40000,9999-01-01
452221,Xinyu,Hainaut,M,65502,9999-01-01
452061,Ramya,Tramer,M,63936,9999-01-01
452232,Baziley,Masada,M,92874,9999-01-01
452065,Odinaldo,Billingsley,M,73418,9999-01-01
452239,Stevo,Vendrig,F,40283,9999-01-01
452069,Nahum,Hiyoshi,M,52266,9999-01-01
452248,Howell,Halloran,M,57505,9999-01-01
452093,Fun,Menhoudj,M,58624,9999-01-01
452260,Ebru,Zyda,M,46818,9999-01-01
452261,Khedija,Prenel,M,43127,9999-01-01
452263,Jaewon,Braccini,F,76113,9999-01-01
452265,Hisao,Nastansky,M,63494,9999-01-01
452096,Jahangir,Foong,M,47296,9999-01-01
452286,Vojin,Lichtman,F,40000,9999-01-01
452099,Gian,Improta,M,40000,9999-01-01
452113,Sanjeeva,Greenaway,F,40000,9999-01-01
452302,Toong,Maliniak,M,40000,9999-01-01
452312,Kaijung,Portugali,F,67081,9999-01-01
452115,Barun,Sessa,M,46455,9999-01-01
452119,Dayanand,Kuhnemann,M,75521,9999-01-01
452511,Radhia,DeMori,M,45130,9999-01-01
452324,Mokhtar,Wielonsky,M,68648,9999-01-01
452326,Sugwoo,Fontet,F,40000,9999-01-01
452336,Oguz,Buescher,F,48141,9999-01-01
452512,Jeong,Domenig,M,40000,9999-01-01
452350,Heping,Erbe,F,40000,9999-01-01
452513,Yonghong,Petersohn,F,40000,9999-01-01
452527,Adamantios,Nourani,M,55929,9999-01-01
452367,Martina,Georgakopoulos,F,40000,9999-01-01
452382,Bokyung,Rahier,M,47733,9999-01-01
452541,Morris,Strandh,M,56016,9999-01-01
452550,Thanasis,Perez,M,52702,9999-01-01
452565,Shan,Kuszyk,F,56958,9999-01-01
452388,Ung,Maraist,M,80561,9999-01-01
452393,Hisao,Openshaw,M,71072,9999-01-01
452399,Ugo,Furudate,M,58736,9999-01-01
452405,Shawna,Ulupinar,M,40000,9999-01-01
452409,Jaihie,Szmurlo,M,52924,9999-01-01
452423,Stevo,Etalle,F,45152,9999-01-01
452436,Shahab,Businaro,M,40000,9999-01-01
452444,Fatemeh,Uludag,F,40000,9999-01-01
452446,Shan,Ozeki,M,40000,9999-01-01
452451,Duro,Matzen,M,64113,9999-01-01
452461,Suvo,Heijenga,M,50572,9999-01-01
452462,Demos,Esposito,M,42265,9999-01-01
452472,Sreenivas,Zaiane,F,78503,9999-01-01
452481,Kazunori,Kavanagh,F,87093,9999-01-01
452499,DAIDA,Kitai,M,40000,9999-01-01
452687,Moss,Wissmann,M,54584,9999-01-01
452690,Maia,Hempstead,M,77037,9999-01-01
452700,Aral,Minakawa,M,40000,9999-01-01
452705,Takanari,Wursthorn,F,57709,9999-01-01
452715,Taegyun,Marshall,M,40000,9999-01-01
452739,Yinghua,Thombley,F,40000,9999-01-01
452759,Kazuhide,Uehara,M,91091,9999-01-01
452761,Vishwani,Hellwagner,M,82738,9999-01-01
452769,Domenick,Huhdanpaa,M,40000,9999-01-01
452777,Rance,Chiola,M,40000,9999-01-01
452779,Berto,Verhaegen,M,40000,9999-01-01
452785,Honglan,Cusworth,M,47821,9999-01-01
452792,Dmitry,Bade,F,53893,9999-01-01
452796,Xinan,Flexer,M,40000,9999-01-01
452798,Bezalel,Tsukune,F,50486,9999-01-01
452800,Florina,Cromarty,M,47697,9999-01-01
452809,Tzvetan,Picel,M,40000,9999-01-01
452829,Pohua,Businaro,F,69921,9999-01-01
452837,Muzhong,Garnham,M,40360,9999-01-01
452846,Phule,Dengi,M,40000,9999-01-01
452851,Khatoun,Bouloucos,M,57613,9999-01-01
452858,Tiina,Bage,M,40000,9999-01-01
452869,Abdulla,Klassen,F,40000,9999-01-01
452877,Florina,Plump,M,54833,9999-01-01
452891,Abdelaziz,Bennet,M,48035,9999-01-01
452568,Kotesh,Mitzlaff,F,40000,9999-01-01
452569,Perla,Oxman,M,48584,9999-01-01
452574,Abdelaziz,Kampfer,F,46011,9999-01-01
452576,Abdelkader,Chvatal,F,48631,9999-01-01
452585,Shawna,Perry,M,40000,9999-01-01
452608,Aimee,Yeung,M,49434,9999-01-01
452928,Etsuo,Bondorf,M,58284,9999-01-01
452931,Willard,Muhling,M,46472,9999-01-01
452613,Jaewoo,Stellhorn,M,40000,9999-01-01
452620,Ramachenga,Ranft,M,50585,9999-01-01
452975,Mari,Honglei,F,40000,9999-01-01
452626,Adas,Ertl,F,40000,9999-01-01
452997,Jayson,Kilgour,F,74550,9999-01-01
452629,Holgard,Rouquie,M,70033,9999-01-01
453003,Xiaoheng,Attimonelli,M,69444,9999-01-01
453005,Hitofumi,Khalid,F,52950,9999-01-01
452630,Girolamo,Stenning,M,40903,9999-01-01
452634,Seongbae,Iacovou,F,40000,9999-01-01
453023,Bedir,Markovitch,F,74649,9999-01-01
452642,Takahiro,Schiettecatte,M,52507,9999-01-01
453033,Mong,Erdmenger,F,41657,9999-01-01
453043,Oscal,Ressouche,F,42390,9999-01-01
452666,Danai,Percebois,M,50070,9999-01-01
452675,Leszek,Lemarechal,F,48685,9999-01-01
452682,Shounak,Wixon,F,49153,9999-01-01
453241,Utpal,Openshaw,M,51175,9999-01-01
453245,Shir,Reinhart,F,46555,9999-01-01
453069,Bowen,Marzano,M,73725,9999-01-01
453262,Manohar,Eiron,M,55581,9999-01-01
453076,Gunilla,Azuma,F,47754,9999-01-01
453081,Seongbin,Penn,F,50916,9999-01-01
453084,Serap,Soicher,F,41679,9999-01-01
453095,Minghong,Hopewell,M,40000,9999-01-01
453108,Padma,Sevcikova,M,40000,9999-01-01
453265,Kauko,Auria,F,56667,9999-01-01
453268,Debaprosad,Michaeli,M,50158,9999-01-01
453126,Jeanna,Lowrie,F,64293,9999-01-01
453133,Mani,Terekhov,F,69160,9999-01-01
453273,Sandeepan,Lanteri,M,80256,9999-01-01
453274,Kien,Kitsuregawa,F,55111,9999-01-01
453137,Krisda,Caine,M,83802,9999-01-01
453278,Fumiyo,Camurati,F,40000,9999-01-01
453150,Shahid,Deville,M,44590,9999-01-01
453151,Yuping,Rosiles,F,51672,9999-01-01
453308,Claude,Zeleznik,F,40000,9999-01-01
453155,Rosella,Matzov,F,65695,9999-01-01
453161,Shuho,Mondadori,M,50025,9999-01-01
453316,Gennady,Conde,M,60098,9999-01-01
453342,Sashi,Matzel,F,55155,9999-01-01
453177,Lokesh,Ranai,M,40000,9999-01-01
453355,Valeri,Unno,M,40000,9999-01-01
453360,Jianhao,Perfilyeva,M,57306,9999-01-01
453379,Aron,Beausoleil,F,49736,9999-01-01
453381,Francoise,Erie,M,40000,9999-01-01
453405,Takushi,Merli,M,40000,9999-01-01
453181,Vasilii,Schaar,M,40000,9999-01-01
453406,Nalini,Itzfeldt,M,44392,9999-01-01
453183,Maha,Ventosa,M,94005,9999-01-01
453448,Nahum,Coorg,F,51914,9999-01-01
453186,Gad,Nittel,F,40000,9999-01-01
453190,Kiam,Danley,F,40000,9999-01-01
453206,Marsja,Schaft,M,40000,9999-01-01
453211,Tayeb,Merro,M,40592,9999-01-01
453214,Xiaoheng,Hennebert,F,56784,9999-01-01
453215,Rajmohan,Hasenauer,M,40917,9999-01-01
453220,Munehiko,Waleschkowski,F,52672,9999-01-01
453223,Tomofumi,Versino,F,40000,9999-01-01
453235,Unal,Harbusch,M,75813,9999-01-01
453464,Ferdinand,Tokunaga,M,60032,9999-01-01
453621,Nobuyoshi,Dahlbom,M,66405,9999-01-01
453626,Basem,Swiss,M,40000,9999-01-01
453639,Magy,Fujisaki,M,40000,9999-01-01
453652,Shaw,Baba,F,54381,9999-01-01
453654,Thodoros,Warwick,F,57042,9999-01-01
453658,Gao,Thorelli,F,59354,9999-01-01
453660,Supot,Lueh,F,83074,9999-01-01
453661,Yifei,Stanger,F,67738,9999-01-01
453667,Takahiro,Swan,F,70311,9999-01-01
453466,Tonny,Stellhorn,F,43926,9999-01-01
453479,Zhensheng,Sudbeck,F,78924,9999-01-01
453698,Waiman,Garnier,M,59698,9999-01-01
453704,Alper,Murtafg,M,43721,9999-01-01
453706,Masoud,Ritcey,M,54769,9999-01-01
453708,Brigham,Encarnacion,M,66400,9999-01-01
453718,Mohan,Kumaresan,F,78042,9999-01-01
453486,Kitty,Fendler,F,40000,9999-01-01
453722,Maja,Ushiama,F,40000,9999-01-01
453726,Yakkov,Gadepally,M,63582,9999-01-01
453734,Junsik,Aloisi,F,40000,9999-01-01
453736,Siamak,Schmiedel,M,80918,9999-01-01
453738,Aran,Katalagarianos,M,42397,9999-01-01
453488,Aral,Hiyoshi,M,44112,9999-01-01
453759,Abdelkader,Desikan,F,80329,9999-01-01
453491,Theirry,Aloisi,M,40000,9999-01-01
453766,Vatsa,Begiun,M,74193,9999-01-01
453775,Gennady,Munawer,M,40894,9999-01-01
453793,Mario,Neiman,F,47335,9999-01-01
453800,Berry,Rosiles,M,40000,9999-01-01
453805,Ziyad,Selvestrel,M,64203,9999-01-01
453808,Hidefumi,Ruemmler,M,44505,9999-01-01
453809,Mang,Chelton,M,55017,9999-01-01
453811,Mountaz,Shimshoni,F,88904,9999-01-01
453817,Saniya,Slobodova,F,40000,9999-01-01
453822,Claude,Piancastelli,F,47551,9999-01-01
453829,Yuichiro,Kamber,M,47269,9999-01-01
453837,Shrikanth,Basawa,F,63948,9999-01-01
453842,Satoru,Guerreiro,F,40000,9999-01-01
453874,Arnould,Erol,M,40000,9999-01-01
453887,DeForest,Hooghiemstra,M,50014,9999-01-01
453904,Almudena,Range,M,71108,9999-01-01
453917,Raimond,Morrow,M,54924,9999-01-01
453926,Kwee,Ginneken,F,45183,9999-01-01
453928,Constantino,Underwood,F,68671,9999-01-01
453501,Yishai,Pocchiola,M,43830,9999-01-01
453952,Constantino,Callaway,F,62142,9999-01-01
453955,Abdelghani,Covnot,F,45463,9999-01-01
453956,Salvador,Heystek,F,71137,9999-01-01
453972,Shem,Molenaar,M,57105,9999-01-01
453504,Selwyn,Demke,F,78301,9999-01-01
453509,Douadi,Fiebach,F,43136,9999-01-01
453985,Kenton,Merle,F,42876,9999-01-01
453527,Mohd,Tagansky,M,44731,9999-01-01
454013,Vidar,Bressoud,M,40000,9999-01-01
453529,Lokesh,Journel,M,70167,9999-01-01
454032,Visit,Lipner,M,82408,9999-01-01
453533,Sariel,Hockney,F,56544,9999-01-01
453541,Fumitake,Stasinski,F,40000,9999-01-01
454057,Jianwen,Sabnani,F,62515,9999-01-01
453577,Alexius,Erie,F,40000,9999-01-01
454081,Paddy,Angiulli,M,61411,9999-01-01
454093,Leen,Taubenfeld,F,71509,9999-01-01
454095,Keiichiro,Kalefeld,M,66782,9999-01-01
454100,Guadalupe,Chaudhury,M,56932,9999-01-01
454101,Anneke,Leslie,F,99386,9999-01-01
454108,Kenton,Panienski,M,47662,9999-01-01
454110,Franziska,Ramalingam,M,40000,9999-01-01
454132,Ugo,Boreale,F,42148,9999-01-01
454136,Vishwani,Leaver,F,40000,9999-01-01
453591,Odoardo,Cullers,M,87472,9999-01-01
453593,Sham,Lally,F,52063,9999-01-01
453595,Ewing,Rubsam,M,46616,9999-01-01
454178,Yoshimitsu,Genin,M,56709,9999-01-01
454182,Mack,Cooke,M,72339,9999-01-01
453596,Boutros,Petersohn,M,81651,9999-01-01
454199,Evgueni,Pezzoli,F,53511,9999-01-01
454201,Xumin,Sullins,M,49673,9999-01-01
453600,Billie,Bahk,F,40000,9999-01-01
454215,Koichi,Brender,F,47830,9999-01-01
454218,Mokhtar,Ducloy,M,52460,9999-01-01
453606,Teunis,Puoti,M,40000,9999-01-01
454231,Giordano,Schoegge,M,51381,9999-01-01
454233,Ewing,Bruckman,M,41221,9999-01-01
454247,Xinan,Perfilyeva,M,56007,9999-01-01
454248,Wuxu,Gornas,M,54128,9999-01-01
454354,Hugo,Vilarrasa,F,40000,9999-01-01
454261,Gor,Schaaf,F,91700,9999-01-01
454271,Uta,Sullins,M,40000,9999-01-01
454274,Masali,Bamford,M,49785,9999-01-01
454288,Mitchel,Marchesini,F,45694,9999-01-01
454365,Kazuhisa,Koshino,F,69923,9999-01-01
454292,Feixiong,Schapiro,F,44997,9999-01-01
454293,Mohua,Underwood,M,40000,9999-01-01
454310,Khue,Speckmann,M,45172,9999-01-01
454322,Dulce,Delaune,M,64944,9999-01-01
454375,Nevio,Paludetto,M,91546,9999-01-01
454340,Amabile,Alencar,M,43443,9999-01-01
454344,Sasan,Binkley,M,49880,9999-01-01
454376,Fabrizio,Rosaz,M,50019,9999-01-01
454379,Bogdan,Gulak,F,40000,9999-01-01
454383,Jungsoon,Beerel,F,40000,9999-01-01
454541,Gill,Valtorta,F,42233,9999-01-01
454550,Ravishankar,Zweizig,F,49910,9999-01-01
454389,Nathan,Garnick,M,47655,9999-01-01
454560,Ziyad,Randt,F,40000,9999-01-01
454578,Leaf,Takanami,F,58290,9999-01-01
454398,Qunsheng,Braunmuhl,F,73189,9999-01-01
454400,Gen,Vecchi,M,83047,9999-01-01
454598,Uinam,Ramsay,F,58583,9999-01-01
454419,Vasilii,DeMori,F,68715,9999-01-01
454607,Elgin,Unno,M,40000,9999-01-01
454617,Dmitry,Schrift,F,57741,9999-01-01
454444,Mamdouh,Wynblatt,F,72077,9999-01-01
454627,Nathan,Foote,M,51005,9999-01-01
454633,Gil,Ariola,F,40000,9999-01-01
454643,Woody,Apsitis,M,40000,9999-01-01
454449,Jasminko,Wilfing,M,43151,9999-01-01
454450,Mandell,Hanabata,F,60037,9999-01-01
454458,Boriana,Vesna,M,53024,9999-01-01
454649,Jovan,Crouzet,F,66981,9999-01-01
454464,Hisao,Rothe,F,64723,9999-01-01
454659,Xiahua,Kamber,F,53309,9999-01-01
454479,Hitomi,Cromarty,F,40000,9999-01-01
454663,Claudi,Koshiba,F,44804,9999-01-01
454669,Jessie,Zeilberger,M,40000,9999-01-01
454492,Aleksandar,Neimat,F,40000,9999-01-01
454678,Duke,Shigei,M,45626,9999-01-01
454680,Otilia,Pollock,M,63364,9999-01-01
454681,Leen,Eugenio,M,45126,9999-01-01
454497,Gaetan,Kakkar,M,54848,9999-01-01
454699,Huai,Jiafu,M,40000,9999-01-01
454501,Hauke,Iivonen,M,41223,9999-01-01
454514,Dung,Rosis,F,46943,9999-01-01
454709,Serap,Haldar,F,74496,9999-01-01
454906,Subbu,Cannard,M,84111,9999-01-01
454912,Roded,Hatcliff,M,57569,9999-01-01
454729,Parto,Gulak,M,56708,9999-01-01
454733,Peer,Milicia,F,40000,9999-01-01
454929,Pintsang,Mateescu,F,62541,9999-01-01
454739,Paddy,Rikino,M,40000,9999-01-01
454744,Martine,Poehlman,F,40000,9999-01-01
454745,Marjo,Vigier,M,60519,9999-01-01
454750,Fumitake,Naudin,M,40000,9999-01-01
454931,Duangkaew,Salvesen,F,55482,9999-01-01
454754,Bernd,Skogmar,M,83792,9999-01-01
454932,Sampalli,Zaiane,F,97754,9999-01-01
454761,Sumant,Hmelo,F,40000,9999-01-01
454948,Emran,Setia,M,60999,9999-01-01
454767,Kerryn,Merey,M,40000,9999-01-01
454774,Niranjan,Bugrara,M,62352,9999-01-01
454789,Ramachenga,DuBourdieux,F,53378,9999-01-01
454951,Weiye,Bauknecht,M,69233,9999-01-01
454798,Richara,Bazzichi,F,40000,9999-01-01
454963,Mabo,Weedon,M,47643,9999-01-01
454801,Kristin,Cronin,M,40000,9999-01-01
454816,Mari,Pavlopoulou,F,40222,9999-01-01
454966,Genta,Goodrum,F,88871,9999-01-01
454979,Alagu,Milicic,M,40000,9999-01-01
454830,Ottavia,Dehkordi,F,71879,9999-01-01
454836,Kazuyasu,Siprelle,F,67872,9999-01-01
454862,Taiji,Mukaidono,M,46904,9999-01-01
454863,Abdelghani,Krichel,M,44471,9999-01-01
454891,Ugo,Simmen,M,68388,9999-01-01
454900,Shalesh,Malabarba,F,56213,9999-01-01
454983,Sedat,Yamaashi,M,61232,9999-01-01
455096,Masanao,Zaiane,M,49119,9999-01-01
455098,Seshu,Kambil,M,40000,9999-01-01
455103,Tremaine,Docker,M,55187,9999-01-01
454987,Akemi,Fontet,F,68570,9999-01-01
455106,Susuma,Porotnikoff,M,40000,9999-01-01
455112,Chaoyi,Rosen,M,73432,9999-01-01
454989,Jinxi,Sidou,F,43603,9999-01-01
455122,Chaosheng,Molenkamp,M,62960,9999-01-01
455123,Satoru,Lamparter,M,43395,9999-01-01
454991,Haldon,Koblick,M,71759,9999-01-01
455129,Berni,Preusig,M,79016,9999-01-01
455009,Udaiprakash,Birta,F,44450,9999-01-01
455142,Youssef,Bashian,M,62549,9999-01-01
455145,Tsuneo,Papsdorf,F,61711,9999-01-01
455157,Ravishankar,Setiz,F,56595,9999-01-01
455159,Demin,Benantar,M,65818,9999-01-01
455160,Mahendra,Cooley,M,40000,9999-01-01
455015,Sachin,Rohrbach,M,46229,9999-01-01
455164,Khosrow,Wilfing,M,65453,9999-01-01
455165,Snehasis,Pargas,F,40000,9999-01-01
455172,Chiradeep,Litecky,F,40000,9999-01-01
455029,Somnath,Matteis,M,40000,9999-01-01
455192,Shigeichiro,Schwartzbauer,M,76076,9999-01-01
455038,Bernardo,Kermarrec,M,60547,9999-01-01
455203,Brewster,Karcich,F,48110,9999-01-01
455209,Shrikanth,Rassart,M,68880,9999-01-01
455054,Ingemar,Lores,F,63990,9999-01-01
455223,Sariel,Fabrizio,M,40000,9999-01-01
455088,Alenka,Sevcikova,M,40000,9999-01-01
455237,Kotesh,Walston,F,56644,9999-01-01
455240,Yishai,Speckmann,F,40000,9999-01-01
455258,Vatsa,Leuchs,M,51844,9999-01-01
455266,Zita,Czaja,M,49416,9999-01-01
455090,Jaana,Azuma,F,45226,9999-01-01
455464,Willard,Crelier,F,57182,9999-01-01
455470,Gal,Toyoshima,M,83523,9999-01-01
455290,Heng,Jording,M,45101,9999-01-01
455476,Limsoon,Speek,F,63244,9999-01-01
455302,Yaghout,Deverell,M,40000,9999-01-01
455490,Sanjiv,Wielonsky,M,48626,9999-01-01
455318,Houman,Schaaf,M,43648,9999-01-01
455321,Tua,Denis,M,64422,9999-01-01
455496,Kasidit,Schaap,M,69701,9999-01-01
455333,Souichi,Anick,M,46332,9999-01-01
455335,Hisao,Akaboshi,M,40000,9999-01-01
455336,Debaprosad,Hatcliff,M,63056,9999-01-01
455337,Kamakshi,Berendt,M,40000,9999-01-01
455506,Hailing,Penn,F,67877,9999-01-01
455355,Remko,Rotem,F,67056,9999-01-01
455356,Gretta,Murthy,M,53254,9999-01-01
455512,Nevin,Pollock,F,40000,9999-01-01
455525,Duro,Murtagh,F,40000,9999-01-01
455373,Shimshon,Eiter,M,86065,9999-01-01
455375,Sumali,Zhang,F,40000,9999-01-01
455529,Hidefumi,Rodier,F,91932,9999-01-01
455392,Wojceich,Rothenberg,F,55666,9999-01-01
455533,Raimond,Shihab,M,49571,9999-01-01
455395,Amstein,Kalorkoti,F,51028,9999-01-01
455402,Nidapan,Luce,M,87032,9999-01-01
455554,Xinyu,Pietrzykowski,M,45280,9999-01-01
455413,Roddy,Matzat,F,40000,9999-01-01
455430,Miyeon,Melichar,F,40000,9999-01-01
455559,Shan,Papastamatiou,F,87910,9999-01-01
455441,Yifei,Schiper,M,80803,9999-01-01
455566,Fayez,Swan,M,63177,9999-01-01
455579,Evgueni,Birrer,F,67544,9999-01-01
455590,Claude,Danlos,F,57159,9999-01-01
455622,Teiji,Klyachko,M,40000,9999-01-01
455648,Shuzo,Munawer,F,43356,9999-01-01
455649,Kirk,Marwedel,F,46539,9999-01-01
455669,Reuven,Giaccio,F,44986,9999-01-01
455626,Nirmal,Piancastelli,M,68743,9999-01-01
455682,Jahangir,Ranka,F,40000,9999-01-01
455630,Jiong,Muchinsky,M,58927,9999-01-01
455631,Barry,Gewali,M,69535,9999-01-01
455703,Guttorm,Jansch,F,40000,9999-01-01
455640,Takushi,Levasseur,M,40000,9999-01-01
455642,Yuchang,Brandsma,M,52620,9999-01-01
455727,Kolar,Veccia,F,52711,9999-01-01
455837,Sachin,Lindqvist,F,63434,9999-01-01
455734,Boutros,Chachaty,F,46195,9999-01-01
455755,Mihalis,Kenevan,F,40000,9999-01-01
455757,Valeri,Serot,M,45334,9999-01-01
455840,Naraig,Aumann,M,82816,9999-01-01
455758,Garnet,Nilsson,M,57144,9999-01-01
455759,Maik,Smailagic,F,40000,9999-01-01
455844,Masadi,Rosiles,M,40000,9999-01-01
455769,KayLiang,Braunmuhl,F,83820,9999-01-01
455770,Petter,Picci,M,65678,9999-01-01
455848,Pramod,Penttonen,F,40000,9999-01-01
455871,Sachar,Verspoor,M,40000,9999-01-01
455801,Suzette,Paludetto,M,40000,9999-01-01
455805,Sergi,Stentiford,F,40000,9999-01-01
455806,Bogdan,Schahn,M,50357,9999-01-01
455809,Ramachenga,Dusink,F,40000,9999-01-01
455902,Marsha,Demos,F,49101,9999-01-01
455905,Ziyad,Peres,M,47742,9999-01-01
455927,Gina,Deverell,F,40000,9999-01-01
456030,Yechezkel,Smeets,M,52756,9999-01-01
456036,Hitofumi,Swist,F,40000,9999-01-01
455932,Wanqing,Polupanov,F,40000,9999-01-01
455933,Danco,Beilner,F,50343,9999-01-01
456053,Eldridge,Buescher,M,55263,9999-01-01
455947,Dipankar,Veccia,F,44139,9999-01-01
456063,Jayesh,Bolotov,M,44080,9999-01-01
456066,Howell,Chenney,M,45576,9999-01-01
456071,Harngdar,Zaccaria,M,40000,9999-01-01
455957,Mack,Basagni,F,40923,9999-01-01
456078,Christoper,Ranka,M,54131,9999-01-01
456079,Ayakannu,Kalefeld,F,85966,9999-01-01
456089,Huican,Kamber,M,42693,9999-01-01
455966,Guoxiang,Rissanen,M,58528,9999-01-01
456093,Flemming,Ramaiah,F,40000,9999-01-01
456100,Monique,Lalonde,M,55274,9999-01-01
456101,Masako,Krone,M,40000,9999-01-01
455980,Masali,Chaudhuri,M,49313,9999-01-01
456111,Vincent,Legleitner,M,47439,9999-01-01
455987,Susanta,Erol,F,40000,9999-01-01
456133,Aleksander,Ullian,F,77469,9999-01-01
455991,Luisa,Ghelli,F,85382,9999-01-01
456144,Naraig,Hennings,M,77219,9999-01-01
455998,Dante,Panangaden,M,53915,9999-01-01
456149,Sigeru,Grospietsch,F,40000,9999-01-01
456158,Jungsoon,Takanami,M,40000,9999-01-01
455999,Dhritiman,Nastansky,F,40000,9999-01-01
456161,Pranas,Lindenbaum,M,81171,9999-01-01
456005,Jordanka,Kamber,F,50766,9999-01-01
456169,Kinh,Perl,M,43729,9999-01-01
456174,Vojin,Raczkowsky,F,73149,9999-01-01
456183,Adamantios,Bennis,M,40000,9999-01-01
456204,Leif,Zschoche,M,66758,9999-01-01
456205,Faiza,Botman,M,40585,9999-01-01
456216,Kenroku,Beausoleil,F,81654,9999-01-01
456007,Souichi,Aloia,M,63030,9999-01-01
456227,Martina,Cappello,M,40000,9999-01-01
456015,Wuxu,Narlikar,M,40000,9999-01-01
456240,Lene,Ravishankar,M,46553,9999-01-01
456394,Nectarios,Bellone,F,67131,9999-01-01
456241,Rafael,Bolsens,F,40237,9999-01-01
456258,Kristian,Anandan,M,46076,9999-01-01
456405,Ung,Petereit,M,40000,9999-01-01
456411,Masanao,Maraist,M,61967,9999-01-01
456281,Freyja,Trystram,F,54576,9999-01-01
456286,Maria,Taubenfeld,F,102543,9999-01-01
456414,Leandro,Marshall,F,57624,9999-01-01
456294,Vishv,Shinomoto,M,56394,9999-01-01
456415,Dinkar,Tagansky,M,48406,9999-01-01
456300,Demin,Chiodo,F,55488,9999-01-01
456416,Heeju,Lupu,M,40000,9999-01-01
456429,Deborah,Stasinski,M,40000,9999-01-01
456317,Lucian,Beerel,F,45153,9999-01-01
456326,Huican,Stentiford,F,50940,9999-01-01
456430,Sukumar,Picel,M,40000,9999-01-01
456440,Kersti,Stassinopoulos,M,40000,9999-01-01
456443,Moss,Merks,M,51008,9999-01-01
456350,Mooi,Suri,M,40364,9999-01-01
456473,Baoqiu,Ciolek,M,75954,9999-01-01
456355,Weiyi,Picaronny,M,40000,9999-01-01
456361,Bouchung,Georgatos,F,40000,9999-01-01
456364,Lunjin,Tagansky,F,41275,9999-01-01
456367,Yishai,Kleiser,F,49395,9999-01-01
456369,Claude,Giveon,F,40000,9999-01-01
456480,Gritta,Lamma,M,40000,9999-01-01
456487,Jouko,Dechter,F,68832,9999-01-01
456521,Ebbe,Wynblatt,F,40000,9999-01-01
456584,Paris,Talmon,F,40000,9999-01-01
456525,Fox,Kading,M,56657,9999-01-01
456532,Lijia,Penz,F,56968,9999-01-01
456601,Zeljko,Sanella,F,69068,9999-01-01
456603,Khun,Trystram,M,40000,9999-01-01
456542,Odoardo,Hanabata,M,40000,9999-01-01
456610,Erez,Ellozy,F,60943,9999-01-01
456614,Djenana,Iisaku,M,47332,9999-01-01
456620,Dekang,Avouris,F,54509,9999-01-01
456553,Aram,Gulla,M,61704,9999-01-01
456633,Paloma,Portugali,M,40000,9999-01-01
456556,Gay,Ghemri,F,57255,9999-01-01
456650,Vidar,Lindenbaum,F,51950,9999-01-01
456562,Sanjai,Brodie,M,40000,9999-01-01
456657,Frederique,Akaboshi,M,86823,9999-01-01
456659,Seongbae,Azuma,M,44209,9999-01-01
456765,Duro,Kriebel,M,77079,9999-01-01
456672,Jongsuk,Schaap,F,40000,9999-01-01
456675,Adin,Sethi,F,40606,9999-01-01
456677,Kien,Lieblein,M,71373,9999-01-01
456683,Yishai,Qiwen,F,40000,9999-01-01
456685,Gladys,Champarnaud,M,53350,9999-01-01
456688,Petter,Apsitis,F,40000,9999-01-01
456692,Akeel,Polupanov,F,43335,9999-01-01
456766,Odoardo,Kisuki,M,95186,9999-01-01
456702,Zorica,Tomescu,M,41121,9999-01-01
456769,Kiam,Molenaar,F,62182,9999-01-01
456774,Shaunak,Cappelli,M,40000,9999-01-01
456718,Arumugam,Gurbaxani,F,48009,9999-01-01
456719,Basem,Shumilov,F,99039,9999-01-01
456783,Shaunak,Furudate,F,64337,9999-01-01
456736,Anoosh,Pettit,M,40000,9999-01-01
456744,Maia,Chandrasekhar,M,40000,9999-01-01
456745,Yishai,Ishibashi,M,40775,9999-01-01
456798,Barun,Krone,F,54408,9999-01-01
456751,Danai,Pfau,M,73090,9999-01-01
456806,Filipp,Vingron,M,48876,9999-01-01
456822,Aram,Siochi,M,40000,9999-01-01
456941,Jamaludin,Ishibashi,F,59355,9999-01-01
456947,Tsutomu,Porotnikoff,F,40000,9999-01-01
456954,Arunachalam,Restivo,F,62889,9999-01-01
456959,Giordano,Figueira,M,57101,9999-01-01
456827,Panayotis,Chiola,F,40988,9999-01-01
456970,Genta,Dehkordi,M,48802,9999-01-01
456831,Houman,Brattka,M,68891,9999-01-01
456989,Jinpo,Sooriamurthi,M,40000,9999-01-01
456990,Urs,Merks,M,40000,9999-01-01
456838,Adin,Makrucki,M,45731,9999-01-01
457008,Subhrajyoti,Welham,M,48183,9999-01-01
456840,Lubomir,Papadias,M,70680,9999-01-01
457014,Hidefumi,Swiss,F,55286,9999-01-01
457015,Yoshinari,Biran,M,74238,9999-01-01
456851,Terresa,Cooman,F,40000,9999-01-01
456875,Kayoko,Gronowski,F,72847,9999-01-01
457041,Stepehn,Demeyer,M,77787,9999-01-01
457047,Duke,Snedden,M,54418,9999-01-01
457051,Rosli,Bain,F,40000,9999-01-01
457054,Pascal,Litecky,M,40000,9999-01-01
457062,Bilhanan,Lores,F,73892,9999-01-01
457071,Gino,Herath,M,57278,9999-01-01
456876,Jinya,Puoti,M,59175,9999-01-01
456905,Filipe,Tzvieli,F,40000,9999-01-01
457087,Spyrose,Demke,F,40000,9999-01-01
457089,Jacqueline,Lambe,F,40000,9999-01-01
457092,Serif,Kriebel,F,57120,9999-01-01
457103,Shaunak,Khasidashvili,M,40000,9999-01-01
457113,Barry,Cummings,M,40000,9999-01-01
456913,Randy,Broder,M,63414,9999-01-01
457125,Leah,Krupka,M,81202,9999-01-01
456919,Garnet,Homond,M,47065,9999-01-01
456927,Kensei,Comellas,F,57983,9999-01-01
456929,Torsten,Capobianchi,M,40000,9999-01-01
457126,Hongzue,Warwick,F,69110,9999-01-01
457131,Visit,Herbst,M,40000,9999-01-01
457319,Tristan,Pews,M,40000,9999-01-01
457138,Stepehn,Baek,M,62673,9999-01-01
457360,Fumitaka,Rosar,F,78049,9999-01-01
457184,Akemi,Makrucki,F,49802,9999-01-01
457189,Alain,Schnabel,M,40000,9999-01-01
457191,Barun,Iacovou,F,40000,9999-01-01
457196,Sanjiv,Chachaty,M,40000,9999-01-01
457201,Bowen,Muhling,M,54338,9999-01-01
457202,Uzi,Mersereau,M,52282,9999-01-01
457206,Zhiguo,Nitta,F,55443,9999-01-01
457219,Sedat,Matheson,F,48365,9999-01-01
457225,Hironoby,Seuren,M,40000,9999-01-01
457372,Byong,Pettit,M,91391,9999-01-01
457237,Mansur,Kalsbeek,F,40000,9999-01-01
457240,Masali,Kitsuregawa,F,52637,9999-01-01
457387,Nikolaus,Redmiles,F,100983,9999-01-01
457248,Anyuan,Camurati,M,78732,9999-01-01
457267,Dung,Androutsos,M,40000,9999-01-01
457392,Taisook,Terlouw,M,40000,9999-01-01
457417,Hongzue,Kirkerud,M,45678,9999-01-01
457291,Charlene,Kitsuregawa,M,40000,9999-01-01
457295,Janalee,Rusterholz,F,62924,9999-01-01
457299,Zito,Molenkamp,M,40000,9999-01-01
457510,Christoper,Chachaty,M,40694,9999-01-01
457422,Dung,Fasbender,F,50311,9999-01-01
457441,Woody,Flexer,M,40000,9999-01-01
457541,Jovan,Furudate,M,40000,9999-01-01
457548,Leszek,Lorho,F,40000,9999-01-01
457550,Mingdong,Schlegelmilch,F,75692,9999-01-01
457442,Lillian,Gilg,F,45298,9999-01-01
457564,Heather,Riefers,M,56287,9999-01-01
457443,Wonhee,Sethi,F,72913,9999-01-01
457450,Jinya,Bael,F,40000,9999-01-01
457577,Adin,Rosay,M,62037,9999-01-01
457457,Nahid,Moehrke,M,74922,9999-01-01
457584,Sandeepan,Teitelbaum,M,48957,9999-01-01
457591,Jaewoo,Imataki,F,40000,9999-01-01
457594,Ebru,Kermarrec,M,48334,9999-01-01
457461,Sachio,Chenoweth,M,41727,9999-01-01
457597,Manton,Berstel,F,40404,9999-01-01
457598,Marla,Vidya,F,80429,9999-01-01
457601,Magdalena,Leuchs,F,40000,9999-01-01
457473,Shaunak,Pollock,F,40000,9999-01-01
457606,Bodo,Janocha,M,67984,9999-01-01
457612,Nimmagadda,Delaune,F,74377,9999-01-01
457487,Padma,Valtorta,F,77916,9999-01-01
457627,Hiroyasu,Giaccio,F,57420,9999-01-01
457636,Tokuyasu,Flexer,F,58503,9999-01-01
457683,Janalee,Zultner,M,40000,9999-01-01
457651,Hongzhu,Pauthner,M,40000,9999-01-01
457652,Weiru,Alpay,F,51263,9999-01-01
457667,Mahmut,Kumaresan,F,53700,9999-01-01
457701,Sibyl,Miara,M,65738,9999-01-01
457674,Niranjan,Lindenbaum,F,42168,9999-01-01
457709,Somnath,Gewali,M,42106,9999-01-01
457717,Jeong,Iwayama,M,72551,9999-01-01
457866,Eckart,Potthoff,M,44279,9999-01-01
457722,Arco,Alpay,F,40000,9999-01-01
457726,Jinpo,Lortz,F,50237,9999-01-01
457880,Chrisa,Segond,F,80205,9999-01-01
457744,Zorica,Benaini,F,40000,9999-01-01
457894,Augustine,Ranst,M,55020,9999-01-01
457901,Weiye,Gluchowski,F,79568,9999-01-01
457759,Heng,Chorvat,M,40000,9999-01-01
457924,Sumali,Perin,M,44848,9999-01-01
457925,Tianruo,Lund,M,53308,9999-01-01
457770,Ute,Nitsch,M,48077,9999-01-01
457943,Heng,Varley,F,40050,9999-01-01
457948,Fayez,Basagni,M,48378,9999-01-01
457799,Shakhar,Veccia,F,40000,9999-01-01
457964,Nigel,Zallocco,F,40000,9999-01-01
457968,Seongbin,Wissmann,F,52341,9999-01-01
457970,Herb,Matteis,M,40000,9999-01-01
457972,Stamatina,Luck,M,51270,9999-01-01
457973,Shahid,Maksimenko,M,92653,9999-01-01
457982,Arumugam,Vecchi,M,40000,9999-01-01
457801,Abdulla,Antonakopoulos,M,56267,9999-01-01
457988,Wilmer,Spieker,F,40222,9999-01-01
457990,Taiji,Oaver,M,60163,9999-01-01
457811,Jiong,Rindone,M,44571,9999-01-01
457995,Byong,Hiraishi,M,40000,9999-01-01
458009,Rosine,Laventhal,M,77374,9999-01-01
457836,Yoshinari,Veeraraghavan,M,51862,9999-01-01
458015,Amalendu,Noriega,M,55796,9999-01-01
458017,Sampalli,Pellegrinelli,M,55254,9999-01-01
458026,Vesna,Veeraraghavan,F,47152,9999-01-01
458032,Kiyokazu,Bultermann,F,64006,9999-01-01
458034,Jacopo,Rodier,M,40000,9999-01-01
457842,Xianlong,Sidou,F,40000,9999-01-01
457846,Krisda,Alblas,F,77839,9999-01-01
457849,Vugranam,Benveniste,M,48345,9999-01-01
457852,Gor,Emmerich,M,44844,9999-01-01
457853,Adib,Morrey,M,45544,9999-01-01
458054,Yagil,Benaini,F,40000,9999-01-01
458056,Garnet,Pocchiola,M,44739,9999-01-01
457856,Sudharsan,Cusworth,F,46926,9999-01-01
458058,Marjo,Klassen,F,42140,9999-01-01
457859,Yaghout,Beausoleil,F,45298,9999-01-01
458063,Krassimir,Piazza,F,40787,9999-01-01
457862,Masamitsu,Holburn,M,59540,9999-01-01
458236,Tadahiko,Kumaresan,F,65373,9999-01-01
458090,Teunis,Hofstetter,M,40000,9999-01-01
458238,Barton,Baumann,F,40000,9999-01-01
458252,Aimee,Lorys,F,40000,9999-01-01
458105,Zejun,Jonsson,M,44581,9999-01-01
458106,Odoardo,Saoudi,M,62327,9999-01-01
458257,Kayoko,Sabnani,M,40000,9999-01-01
458135,Navid,Olivero,M,40000,9999-01-01
458259,Kristina,Malinowski,F,40000,9999-01-01
458147,Erzsebet,Ramsey,F,82713,9999-01-01
458266,Shahid,Badache,F,65009,9999-01-01
458162,Pragnesh,Pearson,M,40000,9999-01-01
458286,Bokyung,Doering,F,61856,9999-01-01
458172,Taizo,Reistad,M,40000,9999-01-01
458297,Youssef,Ranst,M,40000,9999-01-01
458196,Brendon,Llado,M,51265,9999-01-01
458199,Yuguang,Isard,M,40000,9999-01-01
458203,Monique,Fargier,F,53352,9999-01-01
458300,Dharmaraja,Gischer,M,49275,9999-01-01
458217,Sashi,Worfolk,F,47150,9999-01-01
458321,Mahmut,Orlowski,F,40000,9999-01-01
458222,Djenana,Kavvadias,M,72125,9999-01-01
458228,Fen,Kalloufi,M,52323,9999-01-01
458326,Christfried,Penttonen,M,40000,9999-01-01
458356,Mari,Stenning,M,41092,9999-01-01
458441,Jovan,Ebeling,F,40000,9999-01-01
458452,Mamdouh,Suwa,M,71938,9999-01-01
458377,Hidekazu,Lieblein,F,42154,9999-01-01
458463,Ronghao,Kavraki,M,40605,9999-01-01
458465,Peternela,Shimshoni,F,60936,9999-01-01
458474,Rosalie,Pashtan,F,40000,9999-01-01
458479,Arto,Schwaller,F,40000,9999-01-01
458384,Rutger,Bashian,M,44427,9999-01-01
458480,Christ,Ritzmann,M,50927,9999-01-01
458494,Sukumar,Jeong,M,40000,9999-01-01
458495,Ayonca,Bardell,M,72301,9999-01-01
458398,Macha,Farris,F,40000,9999-01-01
458498,Jayson,Rahimi,F,40000,9999-01-01
458404,Mandell,Fabrizio,F,40000,9999-01-01
458525,Amstein,Angiulli,M,58254,9999-01-01
458412,Gilbert,Pearson,F,91777,9999-01-01
458528,Danco,Famili,F,57911,9999-01-01
458532,Limsoon,Ossenbruggen,F,40000,9999-01-01
458535,Shaowei,Krohm,M,88455,9999-01-01
458538,Zissis,Prenel,F,40000,9999-01-01
458416,Lucian,Krybus,F,40000,9999-01-01
458550,Geoffry,Setlzner,M,44312,9999-01-01
458419,Munir,Avouris,M,40000,9999-01-01
458561,Percy,Glowinski,M,61132,9999-01-01
458612,Zsolt,Suppi,M,59651,9999-01-01
458564,Shmuel,Portugali,F,61884,9999-01-01
458570,Utpal,Snyers,M,63396,9999-01-01
458571,Siamak,Gargeya,M,54568,9999-01-01
458615,Paraskevi,Aingworth,F,40000,9999-01-01
458596,Diederik,Lubachevsky,F,51651,9999-01-01
458597,Valeri,Feldmann,F,58981,9999-01-01
458798,Persi,Rotem,F,40000,9999-01-01
458621,JoAnna,Luks,M,49163,9999-01-01
458830,Denny,Murillo,M,40323,9999-01-01
458840,Martien,Pashtan,F,40000,9999-01-01
458653,Stabislas,Haddadi,M,59211,9999-01-01
458841,Youpyo,Paciorek,F,54960,9999-01-01
458845,Arunas,Erdmenger,F,52132,9999-01-01
458847,Xiping,Trystram,F,54168,9999-01-01
458851,Larisa,Monarch,M,81961,9999-01-01
458868,Xudong,Olano,M,61484,9999-01-01
458870,Kokou,Raoux,M,65217,9999-01-01
458875,Hatim,Vesna,M,40000,9999-01-01
458663,Zongyan,Itschner,F,52524,9999-01-01
458887,Ioana,Halloran,F,44982,9999-01-01
458888,Mechthild,Bratten,M,41613,9999-01-01
458891,Kiam,Bala,M,48321,9999-01-01
458664,Oldrich,Syang,F,52281,9999-01-01
458904,Yuichiro,Ariola,F,73630,9999-01-01
458905,Mingzeng,Kusakabe,M,40000,9999-01-01
458665,Xiaopeng,Chepyzhov,M,53776,9999-01-01
458909,Gunilla,Pluym,M,40000,9999-01-01
458676,Sanjiv,Anandan,F,40000,9999-01-01
458914,Arch,McAffer,M,51080,9999-01-01
458922,Anneli,Demir,F,45817,9999-01-01
458931,Guiseppe,Fujisaki,M,40000,9999-01-01
458677,Susanne,Stroustrup,F,54863,9999-01-01
458936,Jacqueline,Siksek,M,62753,9999-01-01
458941,Tru,Vingron,M,41788,9999-01-01
458688,Munehiro,Hopewell,F,53127,9999-01-01
458948,Mang,Boissier,M,58525,9999-01-01
458957,Munenori,Szemeredi,M,50166,9999-01-01
458690,Yagil,Osgood,M,40000,9999-01-01
458963,Mayuri,Krider,F,40000,9999-01-01
458966,Billie,Ciolek,M,67776,9999-01-01
458968,Turgut,Schwartzbauer,M,53738,9999-01-01
458695,Dmitry,Schreiter,F,74915,9999-01-01
458971,Atreye,Godskesen,M,52147,9999-01-01
458972,Emdad,Nergos,M,47832,9999-01-01
458700,Frazer,Cannard,M,49677,9999-01-01
458710,Uwe,Willoner,M,40000,9999-01-01
458987,Shushma,Prenel,F,40000,9999-01-01
458712,Bingning,Miake,F,49997,9999-01-01
458739,Jacqueline,Lienhardt,M,60864,9999-01-01
459016,Vatsa,Yoshizawa,F,51420,9999-01-01
459018,Ziya,Shanbhogue,F,54427,9999-01-01
459020,Shiv,Peha,F,40000,9999-01-01
459026,Kazuhisa,Gyimothy,F,40000,9999-01-01
458742,Fay,Ranze,F,46549,9999-01-01
459031,Kazuhiro,Raoux,M,55137,9999-01-01
458752,Dzung,Ernst,M,73465,9999-01-01
459042,Lena,Hiyoshi,F,40000,9999-01-01
459045,Phillip,Lunn,M,47302,9999-01-01
459046,JoAnna,Comellas,M,40000,9999-01-01
458756,Jagoda,Georg,M,68282,9999-01-01
459056,Jeanne,Decleir,F,40000,9999-01-01
459064,Danco,Isaac,F,46074,9999-01-01
458766,Xiong,Benzmuller,F,47602,9999-01-01
459069,Charmane,Geffroy,M,40000,9999-01-01
459075,Barry,Chinen,M,43683,9999-01-01
458768,Rosella,Danner,M,45668,9999-01-01
459083,Eishiro,Morton,F,40067,9999-01-01
459085,Freyja,Pearson,F,57111,9999-01-01
458787,Katsuyuki,Brandsma,F,69287,9999-01-01
459100,Mohammad,Thibadeau,F,43551,9999-01-01
459116,Souichi,Lund,F,52002,9999-01-01
459164,Nimmagadda,Landherr,F,58277,9999-01-01
459127,Gill,Flanders,M,62887,9999-01-01
459173,Lein,Basawa,M,66700,9999-01-01
459154,Odoardo,Garigliano,M,44998,9999-01-01
459158,Naftali,Anger,F,79635,9999-01-01
459177,Duangkaew,Velardi,M,74496,9999-01-01
459178,Tiina,Prampolini,M,64366,9999-01-01
459189,Marsja,Thebaut,F,52072,9999-01-01
459347,Martijn,Baca,M,75505,9999-01-01
459351,Zorica,Jeansoulin,F,47739,9999-01-01
459225,Saniya,Baaleh,M,40000,9999-01-01
459363,Adam,Walston,M,40000,9999-01-01
459365,Udo,Preusig,M,40000,9999-01-01
459397,Kersti,Simmen,F,51976,9999-01-01
459228,Kwun,Reinhard,F,40000,9999-01-01
459409,DeForest,Szilard,F,57066,9999-01-01
459240,Randi,Henders,F,40000,9999-01-01
459416,Niclas,Joslin,M,40000,9999-01-01
459420,Shietung,Iisaku,F,50546,9999-01-01
459247,Teunis,Aseltine,M,40000,9999-01-01
459248,Mingsen,Alblas,F,40000,9999-01-01
459450,Kersti,Sullins,F,63822,9999-01-01
459262,Ger,Majewski,F,46595,9999-01-01
459456,Stepehn,Dahlbom,M,40000,9999-01-01
459462,Dzung,Lortz,F,49986,9999-01-01
459463,Akeel,Denis,M,75583,9999-01-01
459467,Arunas,Bahl,F,51935,9999-01-01
459469,Roselyn,Meriste,M,40000,9999-01-01
459470,Vishv,Heiserman,M,54384,9999-01-01
459478,Danai,Vuskovic,M,75753,9999-01-01
459269,Akhilish,Baek,M,40000,9999-01-01
459483,Shmuel,Docker,M,69722,9999-01-01
459489,Pascal,Comellas,M,66186,9999-01-01
459273,Genki,Oaver,F,63918,9999-01-01
459497,Phillip,Facello,M,68823,9999-01-01
459278,Gill,Rosar,M,56266,9999-01-01
459514,Weiye,Pettit,F,54569,9999-01-01
459279,Serenella,Lampe,M,40000,9999-01-01
459286,Oscar,Raczkowsky,F,72502,9999-01-01
459287,Premsyl,Ranta,F,49306,9999-01-01
459307,Garnik,Pouyioutas,F,63398,9999-01-01
459531,Gian,Kawashimo,M,40594,9999-01-01
459547,Pohua,Hardjono,F,40000,9999-01-01
459551,Amalendu,Jervis,M,54867,9999-01-01
459332,Krassimir,Luan,M,63351,9999-01-01
459562,Lillian,Ferriere,M,43753,9999-01-01
459572,Houman,Sewelson,F,56904,9999-01-01
459339,Khalil,Henseler,F,74534,9999-01-01
459596,Constantino,Bernardinello,F,51639,9999-01-01
459342,Niclas,Vidal,F,68473,9999-01-01
459609,Lenore,Peris,F,64007,9999-01-01
459614,Eishiro,Bojadziev,F,62634,9999-01-01
459617,Sangeeta,Pollacia,M,83712,9999-01-01
459730,Shuho,Erni,F,40000,9999-01-01
459621,Kamran,Bottner,F,40000,9999-01-01
459623,Marjo,Camarinopoulos,F,56917,9999-01-01
459625,Stella,Lammel,F,48007,9999-01-01
459633,Bilhanan,Poupard,M,59278,9999-01-01
459635,Valeri,Gaughan,M,91884,9999-01-01
459636,DAIDA,Bardell,F,45362,9999-01-01
459639,Valery,Shumilov,M,70357,9999-01-01
459646,Uri,Rouquie,F,82208,9999-01-01
459650,Przemyslawa,Pepe,M,75474,9999-01-01
459651,Jinpo,Maierhofer,F,54940,9999-01-01
459653,Magdalena,Monkewich,M,55957,9999-01-01
459662,Jasminko,Krybus,F,64428,9999-01-01
459747,Shigeichiro,Stille,M,62996,9999-01-01
459671,Mark,Flowers,F,40000,9999-01-01
459673,Tiina,Qiwen,M,59420,9999-01-01
459679,Bikash,Budinsky,M,64270,9999-01-01
459691,Munenori,Brodal,F,40000,9999-01-01
459692,Kyoichi,Flasterstein,F,71777,9999-01-01
459711,Fusako,Junot,M,71752,9999-01-01
459903,Lucien,Peak,F,44725,9999-01-01
459750,Danai,Ernst,M,59702,9999-01-01
459918,Yakkov,Quittner,M,54789,9999-01-01
459921,Chirstian,Quittner,F,92255,9999-01-01
459757,Duri,Chimia,F,48760,9999-01-01
459930,Genevieve,Przulj,M,54168,9999-01-01
459934,Kenroku,Gronowski,M,44753,9999-01-01
459937,Uma,Munch,M,40000,9999-01-01
459767,Badri,Michaels,F,40000,9999-01-01
459952,Mohammed,Cooman,F,40000,9999-01-01
459953,Woody,Butterworth,F,48634,9999-01-01
459783,Conrado,Olivero,M,40000,9999-01-01
459978,Sadegh,Swan,M,40000,9999-01-01
459805,Kiyotoshi,Chandrasekhar,M,40000,9999-01-01
459988,Fatemeh,Radivojevic,F,40000,9999-01-01
459989,Otilia,Kirkerud,F,41824,9999-01-01
459991,Nevin,Salinas,M,46545,9999-01-01
459993,Shaowei,Farrel,M,50376,9999-01-01
460000,Yifei,Cooman,F,44075,9999-01-01
460010,Marl,Masada,F,46545,9999-01-01
459806,Serap,Garrabrants,F,55581,9999-01-01
460014,Bernardo,Comte,F,40000,9999-01-01
459811,Gopalakrishnan,Meszaros,F,57579,9999-01-01
460032,Kenroku,Cusworth,M,54061,9999-01-01
460033,Paris,Ariola,M,97537,9999-01-01
459813,Fuqing,Giveon,F,64066,9999-01-01
459854,Filipp,Kadhim,M,40000,9999-01-01
460044,Houman,Litecky,M,40000,9999-01-01
460046,Domenick,Codenie,M,54229,9999-01-01
460048,Basem,Conti,F,40000,9999-01-01
460053,Oscar,Kroon,F,40000,9999-01-01
460059,Huei,Bahl,F,61656,9999-01-01
459867,Nechama,Theuretzbacher,M,43545,9999-01-01
459877,Shem,Demir,M,54590,9999-01-01
460088,Elvia,Kusakari,F,40000,9999-01-01
460091,Toshimi,Iisaka,F,40000,9999-01-01
459883,Richara,Businaro,F,48430,9999-01-01
460105,Joydip,Plesums,M,40000,9999-01-01
459890,Angel,Gyorkos,M,52589,9999-01-01
460114,Sailaja,Perna,M,46578,9999-01-01
459899,Mansur,Saoudi,M,45036,9999-01-01
460135,Hirochika,Kuzuoka,M,62117,9999-01-01
460144,Gadiel,Azuma,F,63661,9999-01-01
460286,Shen,Litecky,F,40000,9999-01-01
460157,Sudhanshu,Parascandalo,M,67413,9999-01-01
460174,Udo,Felcyn,F,40000,9999-01-01
460186,Zhanqiu,Papastamatiou,F,47416,9999-01-01
460296,Janalee,Kinley,M,40000,9999-01-01
460205,Masaru,Minakawa,F,57428,9999-01-01
460300,Berhard,Stemann,M,53741,9999-01-01
460216,Cullen,Warwick,M,40000,9999-01-01
460302,Valeri,Bakhtari,M,40000,9999-01-01
460304,Van,Rosin,M,40000,9999-01-01
460229,Aimee,Avouris,M,74597,9999-01-01
460307,Tsuneo,Carrera,M,83904,9999-01-01
460238,Yucai,Akiyama,M,70957,9999-01-01
460323,Tse,Erbe,M,40000,9999-01-01
460244,Danae,Menhardt,M,42699,9999-01-01
460325,Manton,Ghelli,F,41918,9999-01-01
460331,Sham,Bierman,M,88798,9999-01-01
460335,Toney,Sethi,M,42874,9999-01-01
460340,Arun,Shanbhogue,F,44544,9999-01-01
460346,Stafford,Dalphin,M,71428,9999-01-01
460348,Utz,Alameldin,M,56857,9999-01-01
460351,Magy,Jiang,F,51512,9999-01-01
460473,Gregory,Aingworth,F,56580,9999-01-01
460355,Jeanna,Aloisi,F,75553,9999-01-01
460478,Masadi,Talmon,M,40000,9999-01-01
460359,Elgin,Lundstrom,M,40000,9999-01-01
460487,Masamitsu,Delaune,M,40000,9999-01-01
460361,Roddy,Vieth,M,74114,9999-01-01
460491,Xiaopeng,Birge,F,43312,9999-01-01
460497,Shugo,Domenig,F,40000,9999-01-01
460368,Sudhanshu,Baik,F,40000,9999-01-01
460498,Jacopo,Ponthieu,M,58135,9999-01-01
460501,Khaled,Choobineh,F,47100,9999-01-01
460381,Atilio,Pietracaprina,F,50645,9999-01-01
460511,Hyuncheol,Ponthieu,M,49148,9999-01-01
460522,Dinkar,Weedman,M,40000,9999-01-01
460394,Aluzio,Rusmann,M,40000,9999-01-01
460531,Satyanarayana,Lagarias,F,76020,9999-01-01
460395,Salvador,Rosar,M,78663,9999-01-01
460545,Toney,Goldhammer,F,40000,9999-01-01
460402,Holgard,Pehl,M,43033,9999-01-01
460549,Boriana,Pillow,M,67443,9999-01-01
460404,Lunjin,Clouatre,M,40000,9999-01-01
460564,Marie,Percebois,M,72714,9999-01-01
460407,Sham,Gargeya,M,40910,9999-01-01
460568,Zhiwei,Schiettecatte,M,40601,9999-01-01
460419,Manton,Ecklund,F,40000,9999-01-01
460576,Pascal,Arlazarov,F,40000,9999-01-01
460585,Geoffrey,Rissanen,M,40000,9999-01-01
460588,Chuanyi,DasSarma,F,40000,9999-01-01
460425,Inderjeet,Sidhu,M,40000,9999-01-01
460593,Sreenivas,Brattka,M,62220,9999-01-01
460652,Joydip,Back,F,54394,9999-01-01
460613,Odysseas,Alpin,M,54265,9999-01-01
460619,Huei,Weedon,F,40000,9999-01-01
460655,Alenka,Azuma,M,77153,9999-01-01
460660,Pranav,Azevdeo,M,79810,9999-01-01
460673,Houman,Zallocco,M,77848,9999-01-01
460693,Shuzo,Chenoweth,M,68705,9999-01-01
460851,Uzi,Anily,F,40000,9999-01-01
460853,Guther,Stasinski,M,98931,9999-01-01
460854,Minghong,Pelc,M,53309,9999-01-01
460859,Duke,Sadowsky,M,53052,9999-01-01
460696,Jinya,Byoun,M,54942,9999-01-01
460716,Shridhar,Birjandi,F,50020,9999-01-01
460871,Stein,Kilgore,M,40000,9999-01-01
460876,Vidar,Aingworth,M,40000,9999-01-01
460891,Emran,Zultner,M,40000,9999-01-01
460723,Christfried,Pollock,F,96209,9999-01-01
460894,Hideyuki,Suppi,M,43735,9999-01-01
460897,Fei,Krohn,M,40000,9999-01-01
460739,Yinlin,Wossner,F,40995,9999-01-01
460902,Nimmagadda,Aamodt,M,45509,9999-01-01
460913,Kwangho,Baer,M,46805,9999-01-01
460918,Noritoshi,McClure,M,40000,9999-01-01
460747,Gladys,Tibblin,M,40000,9999-01-01
460749,Uma,Taubenfeld,M,40000,9999-01-01
460938,Foong,Koblitz,M,47224,9999-01-01
460750,Tadahiko,Narahari,M,40000,9999-01-01
460755,Werner,McClurg,F,78717,9999-01-01
460951,Diederik,Worfolk,F,62640,9999-01-01
460766,Jaewon,Encarnacion,F,44791,9999-01-01
460956,Gad,Vieri,F,77261,9999-01-01
460811,Basem,Rettelbach,M,40000,9999-01-01
460972,Sadun,Ritcey,F,46526,9999-01-01
460978,Tse,Coors,M,40000,9999-01-01
460987,Visit,Smeets,M,67434,9999-01-01
460995,Heather,Borovoy,M,40000,9999-01-01
461000,Goncalo,Plesums,F,40000,9999-01-01
461002,Greger,Maksimenko,M,47113,9999-01-01
461005,Vugranam,Zaccaria,M,54122,9999-01-01
461006,Stafford,Petereit,M,55861,9999-01-01
461022,Munehiko,Krichel,M,40000,9999-01-01
461027,Raimond,Acton,M,61256,9999-01-01
461054,Slavian,Delgrange,F,40187,9999-01-01
460814,Sadegh,Birnbaum,M,42418,9999-01-01
461061,Van,Awdeh,F,48067,9999-01-01
461062,Ennio,Eterovic,M,40000,9999-01-01
461066,Sanjeeva,Osgood,F,40000,9999-01-01
460817,Ewing,Worfolk,F,61163,9999-01-01
460825,Minghong,Molenaar,F,40000,9999-01-01
461082,Chikako,Kossowski,M,44074,9999-01-01
461091,Faiza,Marciano,M,47232,9999-01-01
461094,Sumant,Cardazo,M,40521,9999-01-01
461096,Alper,Zockler,M,62211,9999-01-01
461210,Kish,Chleq,M,68778,9999-01-01
461102,Zengping,Bhattacharjee,M,72104,9999-01-01
461118,Itzchak,Kaiser,M,61293,9999-01-01
461123,Jongsuk,Maraist,M,40000,9999-01-01
461131,Sachar,Liedekerke,F,59760,9999-01-01
461212,KayLiang,Bultermann,M,58605,9999-01-01
461140,Khun,Ramsay,F,73806,9999-01-01
461219,Martina,Ushiama,M,49696,9999-01-01
461145,Filipp,Selenyi,M,51896,9999-01-01
461225,Insup,Birrer,M,40667,9999-01-01
461157,Fai,Kaiser,M,40000,9999-01-01
461264,Anwar,Conte,M,40000,9999-01-01
461170,Yuichiro,Kusakabe,F,51763,9999-01-01
461178,Masasuke,Verhoeff,M,60489,9999-01-01
461185,Kerryn,Mungall,F,40000,9999-01-01
461271,Constantijn,Erva,F,60398,9999-01-01
461295,Insup,Bierman,M,66714,9999-01-01
461303,Badri,Simmen,F,40000,9999-01-01
461417,Jianhui,Cromarty,M,40000,9999-01-01
461309,Nahum,Zaumen,M,57356,9999-01-01
461422,Tesuro,Schach,F,50188,9999-01-01
461317,Leni,Chartres,M,61944,9999-01-01
461318,Fatemeh,Aamodt,M,54091,9999-01-01
461452,Oksana,Tiemann,M,40000,9999-01-01
461319,Kenton,Rotem,F,43756,9999-01-01
461328,Mohit,McAffer,M,97207,9999-01-01
461472,Barry,Kawashimo,F,49203,9999-01-01
461474,King,Hammerschmidt,M,44144,9999-01-01
461347,Hisao,Chepyzhov,M,64044,9999-01-01
461480,Guttorm,Trystram,F,42896,9999-01-01
461485,Vivian,Angot,F,40000,9999-01-01
461358,Bernice,Boguraev,F,50528,9999-01-01
461364,Vasilii,Huttel,M,69217,9999-01-01
461531,Kenton,Speek,M,40000,9999-01-01
461535,Apostol,Suwa,M,40000,9999-01-01
461373,Yonghoan,Collette,M,41406,9999-01-01
461545,Mooi,Highland,M,40000,9999-01-01
461378,Akemi,Schaft,F,40000,9999-01-01
461556,Gina,Shokrollahi,M,53599,9999-01-01
461751,Billie,Terlouw,M,40000,9999-01-01
461566,Tamiya,Sessa,F,40000,9999-01-01
461757,Hailing,Isaac,F,40000,9999-01-01
461573,Sachar,Zedlitz,F,40000,9999-01-01
461758,Niclas,Weiland,M,61133,9999-01-01
461582,Golgen,Mapelli,M,40000,9999-01-01
461762,Yechiam,Speer,M,48503,9999-01-01
461763,Arunachalam,Marsiglia,M,54488,9999-01-01
461768,Geoffry,Breugel,F,40000,9999-01-01
461605,Tesuya,Garnham,M,67241,9999-01-01
461608,Matk,Brendel,M,51047,9999-01-01
461615,Flemming,Borovoy,M,104903,9999-01-01
461769,Bodo,Birge,M,66139,9999-01-01
461625,Margareta,Bael,M,69097,9999-01-01
461776,Bernt,Improta,M,40000,9999-01-01
461638,Gad,Hettesheimer,M,43123,9999-01-01
461640,Krassimir,Auyong,M,62803,9999-01-01
461803,Charmane,Radwan,M,70990,9999-01-01
461654,Douadi,Kropp,M,43364,9999-01-01
461807,Shan,Rossi,F,44331,9999-01-01
461672,Adib,Cardazo,F,40000,9999-01-01
461808,Malu,Radivojevic,F,56377,9999-01-01
461812,Kristine,Kaiser,M,76418,9999-01-01
461691,Gadiel,Lichtman,M,58000,9999-01-01
461693,Fusako,Cappello,F,52377,9999-01-01
461694,Arup,Dratva,M,70282,9999-01-01
461818,Serap,Rosen,F,50340,9999-01-01
461704,Akhilish,Bultermann,F,85514,9999-01-01
461820,Lansing,Prenel,M,49366,9999-01-01
461711,Evgueni,Dulay,F,66920,9999-01-01
461833,Shuho,Rosar,M,40000,9999-01-01
461718,Florina,Gruenwald,F,40000,9999-01-01
461721,Dinah,Schiper,M,40000,9999-01-01
461835,Serenella,Pell,F,92654,9999-01-01
461848,Randi,Lemarechal,M,60142,9999-01-01
461860,Chaosheng,Syrotiuk,M,60410,9999-01-01
461936,Akeno,Nishimukai,M,40000,9999-01-01
461861,Aron,Marsiglia,M,88539,9999-01-01
461876,Golgen,Hebden,M,46322,9999-01-01
461949,Duro,Laurillard,F,89159,9999-01-01
461950,Hidefumi,Streng,F,59691,9999-01-01
461956,Hitomi,Zuberek,F,75720,9999-01-01
461957,Harjit,Biran,M,55068,9999-01-01
461958,Mohit,Slobodova,M,72109,9999-01-01
461960,Remko,Ramsay,F,45705,9999-01-01
461964,Ennio,Lund,M,40000,9999-01-01
461877,Kousuke,Pepe,M,56919,9999-01-01
461885,Sreenivas,Gluchowski,M,40000,9999-01-01
461976,Berry,Papadias,M,45364,9999-01-01
461979,Fayez,Mandelberg,M,55906,9999-01-01
461891,Ranan,Stranks,M,58184,9999-01-01
461990,Jacopo,Norsworthy,F,66172,9999-01-01
461903,Hironoby,Puppe,M,40000,9999-01-01
461997,Fumitake,Hempstead,F,60753,9999-01-01
462004,Ymte,Snyers,F,40000,9999-01-01
461907,Van,Negoita,F,59398,9999-01-01
462016,Taiji,Danner,M,70572,9999-01-01
462017,Cheong,Cronau,F,51885,9999-01-01
461909,Jagoda,Porotnikoff,F,40000,9999-01-01
462028,Rasiah,Angot,M,40000,9999-01-01
462034,Geoffry,Lund,F,45207,9999-01-01
461912,Ugo,Kowalchuk,M,64416,9999-01-01
462035,Mohammed,Egerstedt,M,53355,9999-01-01
462036,Bojan,Hasenauer,M,42828,9999-01-01
462038,Gianluca,Angot,F,51822,9999-01-01
462044,Ziya,Salverda,F,40000,9999-01-01
461915,Alejandro,Sambasivam,M,93843,9999-01-01
462049,Sachar,Antonisse,F,60552,9999-01-01
462051,Jayesh,Stemann,F,57636,9999-01-01
461928,Gopalakrishnan,Wolniewicz,F,40000,9999-01-01
462059,Naftaly,Zockler,M,60415,9999-01-01
462062,Francoise,Einsfeld,F,105681,9999-01-01
462070,Mahmut,Marsiglia,F,40000,9999-01-01
462073,Alassane,Plump,M,52949,9999-01-01
462128,Divine,Angelopoulos,M,40000,9999-01-01
462076,Katsuyuki,Guting,M,55552,9999-01-01
462080,Guther,Larfeldt,M,41569,9999-01-01
462085,Marco,Gulla,M,40000,9999-01-01
462086,Fayez,Bressoud,F,40000,9999-01-01
462091,Patricia,Stemann,F,40105,9999-01-01
462097,Mircea,Keohane,M,61867,9999-01-01
462111,Udo,Sudbeck,M,40000,9999-01-01
462116,Mahmut,Ramras,M,47858,9999-01-01
462119,Dmitri,Masamoto,M,70395,9999-01-01
462132,Phule,Gronowski,M,40000,9999-01-01
462330,Krassimir,Shanbhogue,M,43092,9999-01-01
462331,Sushant,Binkley,M,40000,9999-01-01
462332,Yechezkel,Jenevein,F,48557,9999-01-01
462140,Josyula,Chleq,M,40000,9999-01-01
462145,Gurbir,Thimonier,F,74975,9999-01-01
462345,Taisook,Pileggi,M,48849,9999-01-01
462351,Ohad,Jullig,M,40000,9999-01-01
462355,Shahar,Besselaar,M,40000,9999-01-01
462151,Akeel,Templeman,F,43373,9999-01-01
462157,Mabhin,Emmart,M,40000,9999-01-01
462368,Bodo,Tsukune,F,40000,9999-01-01
462372,Shaibal,Giaccio,F,40000,9999-01-01
462186,Mikhail,Fontet,M,72586,9999-01-01
462386,Parviz,Rullman,F,65659,9999-01-01
462387,Bezalel,Rossi,M,76090,9999-01-01
462190,Kazuhira,Erdi,F,69112,9999-01-01
462403,Kensei,Segond,M,40000,9999-01-01
462407,Sastry,Motley,F,40000,9999-01-01
462197,Yakkov,Thiran,F,47226,9999-01-01
462419,Chinho,Peris,M,48972,9999-01-01
462208,Stafford,Hopewell,M,77915,9999-01-01
462231,Anneke,Albarhamtoshy,F,85178,9999-01-01
462443,Miomir,Ranka,F,40000,9999-01-01
462237,Achilleas,Mundy,F,48170,9999-01-01
462246,Kenton,Cooley,F,51759,9999-01-01
462470,Satyanarayana,Worfolk,F,50319,9999-01-01
462473,Honesty,Butterworth,F,40000,9999-01-01
462248,Manton,Vrecion,F,40000,9999-01-01
462484,Ronghao,Masamoto,F,52422,9999-01-01
462259,Tomoyuki,Huttel,F,45968,9999-01-01
462264,Kirk,Baar,F,57741,9999-01-01
462271,Feiyu,Redmiles,M,78812,9999-01-01
462282,Adly,Morton,M,77346,9999-01-01
462506,Achilleas,Bugaenko,F,40000,9999-01-01
462510,Kshitij,Barvinok,M,40000,9999-01-01
462512,Youjian,Leuchs,M,42090,9999-01-01
462284,Samphel,Farrow,M,69717,9999-01-01
462518,Ishfaq,Stavenow,M,53007,9999-01-01
462286,Pintsang,Anger,M,73188,9999-01-01
462289,Kenroku,Adachi,M,44191,9999-01-01
462539,Shin,Mikschl,F,40000,9999-01-01
462685,Temple,Candan,M,40000,9999-01-01
462549,Gretta,Bakhtari,F,40000,9999-01-01
462552,Hironobu,Michaels,F,41627,9999-01-01
462557,Lobel,Androutsos,F,61742,9999-01-01
462559,Adas,Swift,F,62223,9999-01-01
462561,Vishwani,Azulay,F,48983,9999-01-01
462563,Toshimori,Weedon,F,40000,9999-01-01
462590,DeForest,Zucker,F,47903,9999-01-01
462690,Shaunak,Hettesheimer,M,71623,9999-01-01
462595,Mohamadou,Pramanik,M,40000,9999-01-01
462698,Tzvetan,Blokdijk,M,71679,9999-01-01
462607,Arif,Qiwen,M,57114,9999-01-01
462703,Jaber,Terkki,M,41238,9999-01-01
462618,Mingdong,Munoz,M,50459,9999-01-01
462705,Mohit,Norsworthy,M,78244,9999-01-01
462706,Caolyn,VanScheik,M,40000,9999-01-01
462734,Shridhar,Jansch,M,40000,9999-01-01
462648,Fatemeh,Sridhar,M,40000,9999-01-01
462668,Bedrich,Jenevein,F,78900,9999-01-01
462737,Yuguang,Szemeredi,M,47647,9999-01-01
462742,Jayson,Kruskal,M,78797,9999-01-01
462749,Yunming,Ramsay,M,70899,9999-01-01
462759,Bodo,Kaiserswerth,M,54373,9999-01-01
462863,Jamaludin,Cullers,M,57925,9999-01-01
462865,Kensei,Schaad,M,62660,9999-01-01
462866,Babette,Ritcey,M,40000,9999-01-01
462760,Chenye,Baja,M,93317,9999-01-01
462872,Shahaf,Zirintsis,M,75731,9999-01-01
462875,Francoise,Picaronny,M,55193,9999-01-01
462765,Yurii,Rohrbach,F,58799,9999-01-01
462890,Jinya,Peak,M,40000,9999-01-01
462767,Uri,Ranai,M,58271,9999-01-01
462776,Mostafa,Dechter,F,91329,9999-01-01
462919,Taizo,Atrawala,M,76932,9999-01-01
462792,Shim,Merkl,M,40000,9999-01-01
462924,Sanjay,Veevers,M,57196,9999-01-01
462925,Dharmaraja,Comyn,M,63463,9999-01-01
462800,Sariel,Auria,M,50988,9999-01-01
462933,Randy,Hemaspaandra,M,55791,9999-01-01
462809,Mana,Brlek,M,45578,9999-01-01
462955,Eben,Kusakabe,M,56942,9999-01-01
462819,Dmitry,Zwicker,M,40000,9999-01-01
462829,Moss,Range,F,42444,9999-01-01
462982,Kankanahalli,Mundy,M,64643,9999-01-01
462987,Nevio,Shrader,F,55313,9999-01-01
462994,Horward,Haldar,F,59828,9999-01-01
462831,Heather,Wolniewicz,F,42084,9999-01-01
462999,Venkatesan,Gonthier,F,40000,9999-01-01
462844,Khatoun,Gini,F,60011,9999-01-01
463010,Abdelwaheb,Prochazka,F,55038,9999-01-01
462849,Tadahiro,Pintelas,M,66969,9999-01-01
463019,Jovan,Figueira,M,68935,9999-01-01
462857,Kwangsub,Hoogerwoord,M,82185,9999-01-01
463027,Peer,Pews,M,47371,9999-01-01
463030,Kazuhito,Oppitz,M,50562,9999-01-01
462859,Xinglin,Gire,M,40000,9999-01-01
463041,Navid,Litecky,F,64616,9999-01-01
463042,Billie,Peron,M,40000,9999-01-01
463250,Arup,Ranta,F,40000,9999-01-01
463252,Demin,Krzyzanowski,M,45269,9999-01-01
463256,Mabhin,Demos,M,55229,9999-01-01
463067,Oddvar,Gyorkos,M,40000,9999-01-01
463260,Masako,Muntz,M,56233,9999-01-01
463076,Mechthild,Swen,M,40000,9999-01-01
463078,Shirish,Mateescu,F,47308,9999-01-01
463286,Kwangho,Avouris,F,50215,9999-01-01
463081,Leen,Chaudhury,F,61577,9999-01-01
463092,Arnould,Peres,F,72275,9999-01-01
463093,Evgueni,Frolund,F,53053,9999-01-01
463098,Howell,Merlo,M,40000,9999-01-01
463310,Yoshimitsu,Melichar,M,44569,9999-01-01
463131,Cathie,Bolsens,M,43164,9999-01-01
463141,Marsha,Masaki,M,40000,9999-01-01
463147,Georgy,Terwilliger,M,72377,9999-01-01
463311,Fuqing,Scharstein,F,51455,9999-01-01
463149,Valeska,Kamber,F,40000,9999-01-01
463152,Premsyl,Schiper,F,43401,9999-01-01
463155,Aemilian,Sabnani,F,40000,9999-01-01
463156,Vojin,Miake,M,40000,9999-01-01
463312,Keung,Godskesen,M,80815,9999-01-01
463161,Subhash,Milicia,F,53523,9999-01-01
463316,Seongbae,Iwayama,F,62106,9999-01-01
463317,Marco,Baar,M,40000,9999-01-01
463327,Udo,Keirsey,M,40000,9999-01-01
463185,Yahiko,Rosay,F,63224,9999-01-01
463187,Sachin,Penn,M,47817,9999-01-01
463214,Toshimo,Acton,M,40000,9999-01-01
463334,Tran,Peak,F,40000,9999-01-01
463426,Tetsurou,DuCasse,M,40000,9999-01-01
463340,Danae,Buchter,M,69259,9999-01-01
463431,Lalit,Samarati,M,48596,9999-01-01
463360,Ung,Benantar,F,70446,9999-01-01
463444,Patricia,Zambonelli,F,40000,9999-01-01
463449,Aemilian,Varman,F,40000,9999-01-01
463459,Mohammed,Farrag,M,40000,9999-01-01
463463,Katsuyuki,Klerer,M,74812,9999-01-01
463464,Conor,Adachi,M,62210,9999-01-01
463368,Kotesh,Irland,F,40000,9999-01-01
463370,Khue,Eiter,M,40000,9999-01-01
463491,Jouko,Dichev,M,40000,9999-01-01
463377,Greger,Ranai,M,47121,9999-01-01
463500,Lorien,Terkki,F,66078,9999-01-01
463388,Udaiprakash,Wrigley,F,40000,9999-01-01
463519,Navid,Munch,M,62692,9999-01-01
463392,Masoud,Vandervoorde,M,40000,9999-01-01
463524,Koldo,Papadias,M,46031,9999-01-01
463529,Inderjeet,Kusakabe,F,52483,9999-01-01
463393,Bilhanan,Takkinen,F,40000,9999-01-01
463537,Sashi,Kulisch,F,44965,9999-01-01
463397,Gay,Kenevan,M,78071,9999-01-01
463544,Dietrich,Gornas,M,40833,9999-01-01
463548,Chinho,Huhdanpaa,M,40000,9999-01-01
463401,Chrisa,Boyle,F,40000,9999-01-01
463551,Luerbio,Ramaiah,M,40000,9999-01-01
463552,Boaz,Brodie,M,40000,9999-01-01
463554,Kristina,Kranzdorf,M,40000,9999-01-01
463556,Monique,Emmart,F,40000,9999-01-01
463413,Kristinn,Lorys,F,62030,9999-01-01
463615,Sariel,Quittner,M,40000,9999-01-01
463621,Lidong,Kobara,F,40000,9999-01-01
463649,Leaf,Picaronny,M,82461,9999-01-01
463793,Jongsuk,Takanami,M,40000,9999-01-01
463658,Weiyi,Kroha,M,75972,9999-01-01
463804,Ymte,Potthoff,M,40000,9999-01-01
463806,Freyja,Borstler,M,51940,9999-01-01
463808,Berni,Mitchem,F,40000,9999-01-01
463814,Lena,Kandlur,M,45575,9999-01-01
463659,Gretta,Driscoll,F,40000,9999-01-01
463660,Bedir,Ratnakar,M,50303,9999-01-01
463825,Gao,Coombs,M,52666,9999-01-01
463661,Minghong,Janocha,F,71590,9999-01-01
463665,Berthier,Hutter,M,40000,9999-01-01
463672,Jixiang,Kobara,M,40000,9999-01-01
463845,Kiyomitsu,Steinauer,F,61742,9999-01-01
463679,Constantijn,Thimonier,F,40000,9999-01-01
463862,Baocai,Compeau,M,40000,9999-01-01
463681,Gian,Kalefeld,F,72716,9999-01-01
463869,Tooru,Zumaque,F,53120,9999-01-01
463696,Sigeru,Babu,M,58152,9999-01-01
463699,Roded,Bardell,M,46499,9999-01-01
463700,Giao,Maraist,F,40000,9999-01-01
463917,Harngdar,Cummings,M,40000,9999-01-01
463717,Mari,Pell,M,40000,9999-01-01
463921,Lalit,Bahr,M,66887,9999-01-01
463932,Conrado,Marakhovsky,F,65062,9999-01-01
463936,Giri,Schlenzig,M,76945,9999-01-01
463945,Mads,Sifakis,M,67732,9999-01-01
463725,Wonhee,Zumaque,M,48635,9999-01-01
463959,Lein,Zaccaria,M,40000,9999-01-01
463731,Weidon,Erev,F,40000,9999-01-01
463736,Howell,Smeets,F,40000,9999-01-01
463738,Hairong,Pellegrinelli,M,57530,9999-01-01
463746,Berhard,Reistad,M,71610,9999-01-01
463973,Christ,Bierbaum,M,57550,9999-01-01
463978,Pasqua,Pillow,M,42858,9999-01-01
463980,Howell,Etalle,M,75584,9999-01-01
463748,Francesca,Yeung,F,49062,9999-01-01
463993,Debaprosad,Serot,F,42636,9999-01-01
463751,Toshimi,Sommer,M,44154,9999-01-01
464001,Shakhar,Lanphier,M,61506,9999-01-01
463760,Charmane,Carrera,M,41448,9999-01-01
464005,Gino,Merli,M,40095,9999-01-01
464010,Constantijn,Uhrig,M,53989,9999-01-01
464020,Leaf,Kuzuoka,F,40000,9999-01-01
463768,Mihalis,Pillow,M,40000,9999-01-01
464022,Bartek,Beznosov,M,69698,9999-01-01
464024,Bangqing,Yavatkar,M,40000,9999-01-01
464025,Brigham,Baezner,M,40000,9999-01-01
464033,Fan,Beilner,F,40000,9999-01-01
463777,Gor,Rosca,F,40237,9999-01-01
464040,Hyuncheol,Kavraki,F,56302,9999-01-01
464050,Shan,Bratten,M,57980,9999-01-01
464051,Horward,Worfolk,M,69311,9999-01-01
464054,Ger,Ranai,M,55944,9999-01-01
463781,Val,Heystek,M,61247,9999-01-01
464059,Harngdar,Rullman,F,40000,9999-01-01
463785,Marlo,Felder,F,80811,9999-01-01
464160,Xiaoqiu,Knightly,F,40000,9999-01-01
464089,Fox,Sommer,M,49246,9999-01-01
464174,Palash,Broomell,F,56106,9999-01-01
464102,Sibyl,Maraist,F,41086,9999-01-01
464179,Weiru,Krogh,F,50583,9999-01-01
464125,Volkmar,Schrooten,M,40000,9999-01-01
464194,Sakthirel,Brobst,F,40000,9999-01-01
464140,Kolar,Broomell,M,40000,9999-01-01
464144,Mostafa,Ashish,F,40000,9999-01-01
464151,Fumitake,Zumaque,M,44990,9999-01-01
464153,Adly,Stavenow,F,40000,9999-01-01
464154,Lena,Baaz,M,40000,9999-01-01
464155,Sachar,Horswill,M,58707,9999-01-01
464200,Junichi,Foong,M,70792,9999-01-01
464206,Mantis,Hedayat,F,40000,9999-01-01
464220,Sibyl,Shrader,M,48270,9999-01-01
464346,Bernardo,Bazzichi,M,54623,9999-01-01
464356,Baruch,Sigstam,F,40000,9999-01-01
464242,Gen,Androutsos,F,76556,9999-01-01
464365,Shaowen,Krogh,M,86032,9999-01-01
464366,Demos,Krupka,M,69835,9999-01-01
464367,Achilleas,Zhang,M,40000,9999-01-01
464372,Masadi,Dalton,F,57125,9999-01-01
464374,Peternela,Slutz,F,42675,9999-01-01
464383,Chandrasekaran,Nooteboom,F,53303,9999-01-01
464386,Radhakrishnan,Koblick,F,40000,9999-01-01
464282,Chriss,Winter,M,47654,9999-01-01
464417,Seongbin,Isaak,F,46387,9999-01-01
464425,Shaunak,Murtafg,F,40000,9999-01-01
464295,Jackson,Hebden,M,40000,9999-01-01
464437,Steve,Kamble,F,40000,9999-01-01
464439,Zhiguo,Verhaegen,M,48581,9999-01-01
464447,Youngkon,DuCasse,F,40000,9999-01-01
464310,Marit,Molenkamp,F,57062,9999-01-01
464454,Rosalyn,Anandan,M,61684,9999-01-01
464312,Gunilla,Terwilliger,F,51267,9999-01-01
464477,Xinan,Yurek,F,40000,9999-01-01
464478,Nathan,Denna,M,41245,9999-01-01
464319,Uzi,Lyonns,F,58810,9999-01-01
464494,Eishiro,Veevers,M,40000,9999-01-01
464322,Sandeepan,Sessa,M,53403,9999-01-01
464504,Weiwu,Shrader,M,60909,9999-01-01
464338,Cathie,Vickson,M,66687,9999-01-01
464515,Owen,Baezner,M,57069,9999-01-01
464524,Youssef,Minakawa,F,48416,9999-01-01
464534,Idoia,Angelopoulos,F,40000,9999-01-01
464542,Masako,Holburn,M,40000,9999-01-01
464544,Duke,Koshiba,F,65795,9999-01-01
464550,Xuedong,Lamparter,M,43916,9999-01-01
464555,Kellyn,Zastre,F,92229,9999-01-01
464573,Kitty,Roison,M,40000,9999-01-01
464339,Chriss,Braccini,M,79462,9999-01-01
464713,Xiaoheng,Marletta,F,41322,9999-01-01
464588,Xiaoshan,Pargas,M,41483,9999-01-01
464599,Ramya,Collavizza,M,58701,9999-01-01
464600,Martijn,Osgood,F,56984,9999-01-01
464601,Honesty,Garigliano,M,52982,9999-01-01
464604,Tsutomu,Fiutem,M,51562,9999-01-01
464724,Thanasis,Luon,F,50423,9999-01-01
464614,Arto,Siksek,M,65464,9999-01-01
464622,Minghong,Liesche,M,77162,9999-01-01
464725,Sedat,Peac,F,71272,9999-01-01
464631,Greger,Vesna,F,52224,9999-01-01
464730,Susanna,Halloran,M,74915,9999-01-01
464639,Elgin,Hardjono,M,40000,9999-01-01
464640,Elvia,Fontet,F,63739,9999-01-01
464744,Ranan,Anick,F,40000,9999-01-01
464650,Sugwoo,Pramanik,F,58086,9999-01-01
464654,Ohad,Pillow,F,92168,9999-01-01
464657,Martine,Baba,F,60713,9999-01-01
464757,Mingzeng,Brattka,M,40823,9999-01-01
464692,Paraskevi,Katiyar,M,48961,9999-01-01
464773,Yahiko,Leslie,F,77251,9999-01-01
464695,Lech,Angel,F,60781,9999-01-01
464699,True,Barriga,M,41843,9999-01-01
464701,Hongzhu,Paludetto,F,77627,9999-01-01
464708,Taizo,Bierman,M,78674,9999-01-01
464799,Dipankar,Undy,M,40000,9999-01-01
464805,Sushant,Quittner,M,43347,9999-01-01
464906,Sachem,Stille,F,50718,9999-01-01
464909,Claudi,Escriba,M,41262,9999-01-01
464913,Shaunak,McDermid,M,41994,9999-01-01
464914,Jinxi,Bolotov,M,40000,9999-01-01
464818,Rasiah,Perez,M,59070,9999-01-01
464924,Tayeb,Auyong,M,61177,9999-01-01
464933,Alair,Kriebel,M,40000,9999-01-01
464935,Nimmagadda,Ranst,M,40000,9999-01-01
464937,Fai,Luit,M,43713,9999-01-01
464820,Seshu,Linnainmaa,M,53164,9999-01-01
464939,Woody,Eugenio,M,64000,9999-01-01
464942,Shiv,Alpin,F,78438,9999-01-01
464839,Youjian,Marshall,M,70636,9999-01-01
464953,Toshimitsu,Winter,M,40000,9999-01-01
464974,Kiyokazu,Birdsall,M,53694,9999-01-01
464976,Licheng,Ecklund,M,40000,9999-01-01
464845,Toong,Hooghiemstra,M,56522,9999-01-01
464853,Zhiwei,Schreiter,F,44269,9999-01-01
464996,Takahira,Lagarias,F,51388,9999-01-01
464999,Terresa,Nanard,F,43625,9999-01-01
464857,Limsoon,Magliocco,F,53940,9999-01-01
464859,Hyuncheol,Bonifati,F,41799,9999-01-01
465027,Valter,Schneeberger,M,60815,9999-01-01
465033,Yuriy,Yetim,F,40000,9999-01-01
464864,Shen,Schmittgen,F,73955,9999-01-01
464865,Jordanka,Hofmeyr,F,44371,9999-01-01
465053,Adam,Navazio,M,47193,9999-01-01
465054,Troy,Remmers,M,40000,9999-01-01
464871,Tze,Alameldin,M,40190,9999-01-01
464889,Berry,Hettesheimer,M,40000,9999-01-01
465268,Changho,Laventhal,M,57857,9999-01-01
465096,Denny,Facello,M,46051,9999-01-01
465098,Mircea,Iivonen,M,40000,9999-01-01
465279,Charlene,Vuskovic,M,40000,9999-01-01
465119,Radhakrishnan,Portugali,M,48006,9999-01-01
465289,Troy,Perez,M,82557,9999-01-01
465131,Heather,Buescher,M,61774,9999-01-01
465134,Marlo,Rullman,M,40000,9999-01-01
465135,Jayson,Birge,M,71752,9999-01-01
465137,Shigeaki,Ermel,M,66564,9999-01-01
465290,Toshimo,Masaki,F,43815,9999-01-01
465146,Naftaly,Naumovich,F,58210,9999-01-01
465293,Hilary,Bresenham,M,50454,9999-01-01
465295,Huai,Frezza,F,59846,9999-01-01
465162,Iara,Hashii,F,54631,9999-01-01
465311,Mitchel,Lenart,M,40000,9999-01-01
465194,Yechiam,Aloia,M,67722,9999-01-01
465319,Pradeep,Caine,M,57404,9999-01-01
465195,Khun,Birch,M,40000,9999-01-01
465199,Wojceich,Plotkin,M,61761,9999-01-01
465207,Saddek,Moffat,F,52362,9999-01-01
465321,Fumitaka,Slobodova,M,89646,9999-01-01
465326,Munenori,Coney,F,63358,9999-01-01
465328,Xianlong,Cesareni,F,51100,9999-01-01
465361,Gretta,Veccia,F,62177,9999-01-01
465367,Chiranjit,Cappello,M,59919,9999-01-01
465370,Kazuhiko,Chvatal,M,58085,9999-01-01
465460,Shawna,Meszaros,M,78510,9999-01-01
465384,Pohua,Attimonelli,F,70404,9999-01-01
465468,Chrisa,Cairo,M,61705,9999-01-01
465471,Wilmer,Birta,F,82182,9999-01-01
465480,Rayond,Atrawala,M,40000,9999-01-01
465391,Dipankar,Foote,M,40000,9999-01-01
465392,Laurentiu,Ruemmler,M,67680,9999-01-01
465413,Francoise,Oxenboll,M,79713,9999-01-01
465510,Kazuhira,Marciano,M,61789,9999-01-01
465521,KayLiang,Mersereau,M,43875,9999-01-01
465524,Falguni,Falck,F,40000,9999-01-01
465537,Jaideep,Plessier,M,40000,9999-01-01
465443,Freyja,Straney,M,48772,9999-01-01
465547,Bernice,Alpin,M,76663,9999-01-01
465548,Godehard,Cappelletti,F,40000,9999-01-01
465550,Chaosheng,Basagni,F,40000,9999-01-01
465558,Zengping,Kolinko,F,68653,9999-01-01
465560,Berhard,Wrigley,M,59135,9999-01-01
465447,Mahmut,Kabayashi,F,42683,9999-01-01
465581,Kiyomitsu,Highland,M,40000,9999-01-01
465582,Licheng,Lukaszewicz,F,43745,9999-01-01
465649,Vidar,Bresenham,M,40000,9999-01-01
465596,Moss,Murtha,F,79896,9999-01-01
465603,Uma,Lorch,F,81910,9999-01-01
465609,Insup,England,M,95395,9999-01-01
465616,Bernt,Moffat,M,55858,9999-01-01
465651,Tesuro,Ramamoorthy,M,40000,9999-01-01
465657,Aiman,Garigliano,M,40000,9999-01-01
465661,Mohammad,Raoux,M,61212,9999-01-01
465663,Anoosh,Llado,F,66840,9999-01-01
465679,Georgy,Segond,M,40000,9999-01-01
465829,Dante,Beidas,F,40000,9999-01-01
465680,Gen,Czap,F,76784,9999-01-01
465681,Stevo,Peral,M,74251,9999-01-01
465857,Nahla,Peron,F,76337,9999-01-01
465696,Roselyn,Thiran,M,53054,9999-01-01
465865,Anneli,Braunschweig,M,43843,9999-01-01
465872,Maria,Litzler,M,40000,9999-01-01
465873,Paddy,Ishibashi,M,50286,9999-01-01
465880,Khoa,Wolniewicz,M,50362,9999-01-01
465885,Gian,Randt,F,46027,9999-01-01
465698,Ranan,Demos,F,65305,9999-01-01
465893,Kish,Moffat,M,40000,9999-01-01
465699,Aral,Schwabacher,M,40000,9999-01-01
465723,Eben,Siochi,M,56078,9999-01-01
465900,Hatim,Maginnis,M,40000,9999-01-01
465901,Magdalena,Facello,M,49714,9999-01-01
465904,Lorien,Schmezko,M,40000,9999-01-01
465725,Youngkon,Moffat,F,40000,9999-01-01
465739,Wilmer,Verhaegen,M,50886,9999-01-01
465932,Mori,Stifter,M,70373,9999-01-01
465936,Yongqiao,Roison,M,60098,9999-01-01
465950,Baocai,Koshiba,M,40000,9999-01-01
465740,Mohammed,Jahnichen,M,74261,9999-01-01
465956,Arto,Erbe,F,40000,9999-01-01
465751,Elzbieta,Thorensen,M,60179,9999-01-01
465967,Mani,Liedekerke,F,44415,9999-01-01
465977,Kiyotoshi,Suermann,M,64136,9999-01-01
465757,Brewster,Morris,F,41946,9999-01-01
465980,Kazuhito,Hmelo,M,47564,9999-01-01
465760,Tristan,Cullers,F,93023,9999-01-01
465783,Constantino,Tchuente,F,69709,9999-01-01
466001,Ashish,Levasseur,M,62020,9999-01-01
465791,Atreye,Azuma,M,54186,9999-01-01
465793,Make,Baek,M,41772,9999-01-01
465809,Shigeichiro,Herath,M,46262,9999-01-01
466034,Saniya,Lovengreen,F,83068,9999-01-01
465818,Eben,Rosiles,F,40000,9999-01-01
466042,Debaprosad,Yetto,F,46809,9999-01-01
466051,Keiichiro,Giaccio,F,64534,9999-01-01
465819,Ibibia,Hambrick,M,40000,9999-01-01
466058,Zhonghui,Murtha,M,73298,9999-01-01
466063,Heon,Wendorf,M,50990,9999-01-01
466205,Zeydy,Callaway,M,58345,9999-01-01
466070,Xiaoqiu,Ranta,M,46974,9999-01-01
466076,Shahaf,Vitiello,F,42834,9999-01-01
466082,Alejandra,Sooriamurthi,M,44033,9999-01-01
466095,Candido,Stemann,M,40000,9999-01-01
466226,Gianluca,Talmor,M,40000,9999-01-01
466101,Manibrata,Kropp,F,60639,9999-01-01
466103,Phule,Homond,M,54570,9999-01-01
466104,Valter,Junot,M,49841,9999-01-01
466121,Fuqing,Trumbly,M,55577,9999-01-01
466227,Palash,Manderick,M,60463,9999-01-01
466128,Duke,Viele,M,40000,9999-01-01
466244,Radhakrishnan,Antonisse,M,40000,9999-01-01
466134,Mansur,Kamble,M,42182,9999-01-01
466247,Zongyan,Furedi,F,54865,9999-01-01
466159,Ebbe,Azevdeo,M,43653,9999-01-01
466251,Ger,Halevi,F,55100,9999-01-01
466168,Khun,McFarlin,F,40000,9999-01-01
466260,Lijia,Zongker,M,52090,9999-01-01
466170,Jacqueline,Zaumen,M,60504,9999-01-01
466264,Bingning,Ramsak,F,40000,9999-01-01
466180,Troy,Lukaszewicz,M,71601,9999-01-01
466186,Alenka,Redmiles,M,42496,9999-01-01
466188,Adly,Landherr,F,73740,9999-01-01
466272,Pohua,DeMori,M,64477,9999-01-01
466273,Gina,Shihab,M,40000,9999-01-01
466279,Adil,Goodrum,F,86419,9999-01-01
466282,Yishay,Setlzner,F,40000,9999-01-01
466297,Jaques,Ramras,M,72146,9999-01-01
466404,Gil,Hatcliff,M,59040,9999-01-01
466408,Tremaine,Fritzsche,F,40000,9999-01-01
466299,Kwee,Greenaway,M,63180,9999-01-01
466416,Weiyi,Pargaonkar,M,55466,9999-01-01
466315,Dante,Majewski,F,41497,9999-01-01
466431,Taegyun,Gladwell,M,40000,9999-01-01
466440,Gill,Morton,M,40000,9999-01-01
466320,Shigehiro,Janetzko,F,40000,9999-01-01
466323,Luerbio,Prochazka,M,47890,9999-01-01
466342,Leandro,Wissmann,M,40000,9999-01-01
466462,Duke,Pillow,M,52427,9999-01-01
466468,Irena,Granlund,F,78859,9999-01-01
466487,Makato,Strooper,M,62415,9999-01-01
466345,Baoqiu,Sluis,F,58881,9999-01-01
466490,Masako,Lenart,M,63853,9999-01-01
466493,Giordano,Naumovich,F,48774,9999-01-01
466496,Utz,Raoux,F,44647,9999-01-01
466572,Babette,Coullard,F,77723,9999-01-01
466511,Ramya,Tagansky,M,43641,9999-01-01
466521,Huican,Chaudhury,F,40000,9999-01-01
466527,Shawna,Eterovic,M,80243,9999-01-01
466531,Sachar,Rindone,M,40000,9999-01-01
466539,Van,Chappelet,M,41680,9999-01-01
466550,Monique,Narahara,F,40000,9999-01-01
466556,Xinglin,Karnin,M,40000,9999-01-01
466575,Otmar,Langford,M,58312,9999-01-01
466584,Irene,Demizu,M,40000,9999-01-01
466599,Arunachalam,Stifter,M,47071,9999-01-01
466749,Eckart,Sridhar,F,40000,9999-01-01
466753,Stevo,Kushner,M,70364,9999-01-01
466755,Zhongwei,Gill,M,76502,9999-01-01
466758,Hugo,Anandan,M,41047,9999-01-01
466759,Ferdinand,Ashish,M,40000,9999-01-01
466764,Tadanori,Tsukuda,M,77406,9999-01-01
466767,Behnaam,Hasenauer,M,51186,9999-01-01
466605,Harngdar,Sury,F,60419,9999-01-01
466615,Mats,Wixon,F,40000,9999-01-01
466784,Mohit,Schiper,M,40373,9999-01-01
466787,Heekeun,Piazza,F,40000,9999-01-01
466797,Raimond,Thimonier,M,74981,9999-01-01
466621,Mohit,Fabrizio,M,40000,9999-01-01
466807,Haldun,Wroclawski,M,72843,9999-01-01
466629,Hailing,Marchegay,M,72942,9999-01-01
466632,Sumant,Burnard,M,77475,9999-01-01
466835,Shridhar,Jenevein,M,40724,9999-01-01
466837,Josyula,Bruckman,M,55546,9999-01-01
466635,Harngdar,Nations,M,66136,9999-01-01
466662,Bojan,Buescher,M,78419,9999-01-01
466867,Kwangjo,Klerer,F,68241,9999-01-01
466869,Flemming,Magalhaes,F,76420,9999-01-01
466666,Visit,Gente,F,55097,9999-01-01
466878,Zine,Chenoweth,M,73043,9999-01-01
466679,Yuriy,Peral,M,45008,9999-01-01
466698,Thanasis,Makrucki,F,40000,9999-01-01
466701,Frederique,Ashish,M,66039,9999-01-01
466704,Masami,Braccini,M,55256,9999-01-01
466710,Becky,Chachaty,M,76498,9999-01-01
466711,Adib,Zeidenstein,M,40000,9999-01-01
466724,Yuichiro,Gronowski,M,40000,9999-01-01
466958,Patricio,Snedden,F,40000,9999-01-01
466969,Sariel,Skogmar,M,40679,9999-01-01
466739,Navid,Birge,F,45080,9999-01-01
466972,Aamer,Haldar,F,46892,9999-01-01
466983,Sachio,Meszaros,M,51133,9999-01-01
466984,Maya,Rosar,F,45339,9999-01-01
466740,Oddvar,Feldhoffer,M,57298,9999-01-01
466996,Etsuo,Cronin,M,40000,9999-01-01
466743,Bogdan,Salvesen,M,49335,9999-01-01
467011,Adib,Srimani,F,76953,9999-01-01
467017,Kolar,Gente,F,40000,9999-01-01
467116,Shirish,Straney,M,60786,9999-01-01
467020,Kyoichi,Provine,F,40000,9999-01-01
467129,Richara,Reinhard,M,76438,9999-01-01
467050,Manohar,Birta,F,40000,9999-01-01
467058,Gift,Kaltofen,F,51404,9999-01-01
467060,Aimee,Baik,M,40000,9999-01-01
467065,Jeanne,Ginneken,F,50579,9999-01-01
467080,Jessie,Buchter,F,40000,9999-01-01
467112,Tsvetan,Eppinger,F,41757,9999-01-01
467130,Cristinel,Passafiume,M,40000,9999-01-01
467134,Xuedong,Wendorf,M,85833,9999-01-01
467303,Chaosheng,Schach,F,40000,9999-01-01
467136,Candido,Munke,F,68496,9999-01-01
467308,Ishfaq,Cappello,M,40959,9999-01-01
467146,Hinrich,Chappelet,M,53078,9999-01-01
467160,Geraldo,Lyonns,F,40000,9999-01-01
467331,Jeane,Boreale,M,56611,9999-01-01
467161,Visit,Demos,F,40000,9999-01-01
467345,Florian,Kobuchi,F,74817,9999-01-01
467163,Sadok,Heering,M,70996,9999-01-01
467357,Suebskul,Lichtman,M,48994,9999-01-01
467360,Bodh,Garnier,M,40000,9999-01-01
467362,Zhensheng,Codenie,M,53254,9999-01-01
467203,Leaf,Bolsens,F,52212,9999-01-01
467375,Genta,Felcyn,M,40000,9999-01-01
467381,Satyanarayana,Perez,M,58285,9999-01-01
467385,Hugo,Caine,F,40000,9999-01-01
467397,Nahum,Benzmuller,F,47114,9999-01-01
467410,Zdislav,Chaudhuri,M,67622,9999-01-01
467204,Shiv,Tyugu,M,67255,9999-01-01
467418,Marl,Ranai,F,42453,9999-01-01
467219,Yongmao,Baaleh,M,40000,9999-01-01
467430,Angel,Ossenbruggen,F,40000,9999-01-01
467222,Xiaoheng,Suri,F,63938,9999-01-01
467443,Xiadong,Ramamoorthy,F,40000,9999-01-01
467242,Abdulah,Kalefeld,M,40000,9999-01-01
467447,Sakthirel,Kandlur,F,40000,9999-01-01
467448,Halsur,Collette,M,40000,9999-01-01
467452,Sailaja,Waeselynck,M,48426,9999-01-01
467460,Parviz,Michaeli,M,52646,9999-01-01
467461,Mohamadou,Muntz,F,40000,9999-01-01
467288,Tze,Feinberg,F,55638,9999-01-01
467472,Idoia,Hooghiemstra,M,44504,9999-01-01
467480,Kiyokazu,Fadgyas,F,56460,9999-01-01
467292,Ioana,Byoun,F,78313,9999-01-01
467680,Ravishankar,Luon,M,85564,9999-01-01
467497,Phillip,Schach,M,46726,9999-01-01
467500,Sanjiv,Syang,M,59729,9999-01-01
467502,Sukumar,Danner,F,40000,9999-01-01
467511,Akemi,Thambidurai,F,71603,9999-01-01
467514,Khalid,Mateescu,M,40000,9999-01-01
467520,Xianlong,Onuegbe,F,82039,9999-01-01
467521,Juichirou,Giarratana,M,62506,9999-01-01
467524,Youngkon,Pearson,F,79405,9999-01-01
467697,Freyja,Hebert,F,47441,9999-01-01
467705,Jayesh,Fendler,M,61103,9999-01-01
467554,Shalesh,Zockler,F,40000,9999-01-01
467559,Nathalie,Wilharm,M,40000,9999-01-01
467706,Xianlong,Nastansky,F,68383,9999-01-01
467712,Maik,Iisaka,F,42397,9999-01-01
467581,Dines,Dalphin,M,40000,9999-01-01
467714,Guadalupe,Kleiser,M,51448,9999-01-01
467589,Zongyan,DuCasse,M,40000,9999-01-01
467593,Mayuko,Reghbati,M,76220,9999-01-01
467725,Lein,Bridgland,M,58144,9999-01-01
467607,Gio,Randt,F,54012,9999-01-01
467609,Jongsuk,Masada,M,40000,9999-01-01
467728,Chaosheng,Rodiger,M,40000,9999-01-01
467616,Manton,Kitai,M,44008,9999-01-01
467618,Jasminko,Isard,M,53756,9999-01-01
467620,Abdelaziz,Melichar,M,40000,9999-01-01
467730,Miyeon,Eldridge,F,52180,9999-01-01
467626,Kolar,Vasanthakumar,F,40000,9999-01-01
467629,Kristof,Solares,M,52829,9999-01-01
467630,Radhika,Smeets,M,51190,9999-01-01
467738,Kien,Zielinski,M,55378,9999-01-01
467760,Taiji,Pocchiola,M,47888,9999-01-01
467645,Parviz,Suessmith,M,44381,9999-01-01
467663,Florian,Talmon,M,57863,9999-01-01
467665,Gio,Lamma,F,76942,9999-01-01
467771,Breannda,Schaad,M,64014,9999-01-01
467773,Xuejia,Guenter,M,68263,9999-01-01
467787,Xiaoqiang,Ferriere,M,53627,9999-01-01
467804,Billie,Merli,M,62519,9999-01-01
467876,Zeydy,Mondadori,M,45107,9999-01-01
467816,Vasiliy,Rohrbach,F,50162,9999-01-01
467889,Chenyi,Sichman,M,83408,9999-01-01
467818,Radhia,Glinert,M,40000,9999-01-01
467901,Subhash,Schaft,F,52349,9999-01-01
467904,Gadiel,Eppinger,M,41858,9999-01-01
467820,Jaewon,Buescher,F,40000,9999-01-01
467909,Marlo,Birge,F,46134,9999-01-01
467823,Pohua,Ranft,F,40584,9999-01-01
467828,Fox,Butner,M,41688,9999-01-01
468043,Mohamadou,Pappas,M,59653,9999-01-01
467937,Jeanne,Lupu,M,56863,9999-01-01
467942,Teunis,Sichman,M,40000,9999-01-01
467943,Marko,Krychniak,M,40000,9999-01-01
467946,Randi,Baar,F,56844,9999-01-01
467960,Huan,Lichtner,M,40000,9999-01-01
467970,Utz,Kuzuoka,F,63653,9999-01-01
467971,Xiaoqiu,DeMori,M,47412,9999-01-01
467972,Xiaoshan,Magalhaes,F,67039,9999-01-01
467973,Gopalakrishnan,Cannard,M,40000,9999-01-01
468046,Perry,Perez,M,40000,9999-01-01
467986,Ekawit,Sundgren,M,40000,9999-01-01
467992,Mang,Solares,F,59919,9999-01-01
468058,Martina,Polupanov,M,55171,9999-01-01
468004,Sanjoy,Koblick,M,40000,9999-01-01
468073,Tomofumi,Zaumen,M,52231,9999-01-01
468006,Sajjan,Gewali,M,74326,9999-01-01
468020,Mayumi,Koblick,F,43771,9999-01-01
468021,Mandell,Meszaros,M,49741,9999-01-01
468076,Susuma,Hofting,M,40000,9999-01-01
468027,Venkatesan,Besancenot,M,61531,9999-01-01
468028,Jessie,Schaft,M,42717,9999-01-01
468029,Felicidad,Hofting,M,40000,9999-01-01
468030,Anoosh,Poujol,F,40000,9999-01-01
468077,Mingsen,Begiun,F,40000,9999-01-01
468100,Guoxiang,Lambe,M,44481,9999-01-01
468103,Demin,Remmers,F,61210,9999-01-01
468106,Adly,Kambil,F,79506,9999-01-01
468117,Chikako,Bugrara,M,40000,9999-01-01
468230,Marc,Bolotov,M,40000,9999-01-01
468231,Minghong,Gerteisen,F,40000,9999-01-01
468122,Sarita,Vieth,M,75432,9999-01-01
468239,Amabile,Onuegbe,F,44403,9999-01-01
468245,Xiaoqiang,Erev,F,66469,9999-01-01
468248,DAIDA,Brookman,F,44710,9999-01-01
468129,Tzvetan,Hanratty,F,62238,9999-01-01
468249,Domenick,Schmiedel,F,40000,9999-01-01
468251,Kish,Kieras,M,40000,9999-01-01
468141,Janalee,Peir,F,40995,9999-01-01
468256,Gudjon,Lieberherr,M,40000,9999-01-01
468266,Cathie,Wilfing,M,69862,9999-01-01
468150,Mohammad,Staelin,M,47021,9999-01-01
468272,Aria,Baak,M,58436,9999-01-01
468273,Yechezkel,Usery,M,45568,9999-01-01
468279,Marco,Auria,M,40000,9999-01-01
468280,Prasadram,Ernst,M,53926,9999-01-01
468285,Yefim,Nollmann,F,98812,9999-01-01
468291,Mohit,Avouris,M,59948,9999-01-01
468296,Shan,Bardell,F,88172,9999-01-01
468303,Stamatina,Beerel,F,74265,9999-01-01
468306,Mircea,Argence,M,44504,9999-01-01
468320,Goetz,Ravishankar,M,63329,9999-01-01
468321,Teruyuki,Reeker,F,53971,9999-01-01
468324,Shounak,Rosenbaum,M,81201,9999-01-01
468325,Rosli,Papadias,F,40000,9999-01-01
468344,Urs,Hertweck,F,65461,9999-01-01
468153,Duke,Cannata,M,41905,9999-01-01
468354,Nishit,Kolvik,F,43890,9999-01-01
468355,Huai,Matzen,M,68630,9999-01-01
468160,Remko,Fendler,M,40000,9999-01-01
468369,Trygve,Iacovou,M,58807,9999-01-01
468371,Stamatina,Viele,M,70930,9999-01-01
468161,Mats,Prenel,M,42906,9999-01-01
468381,Zhilian,Cangellaris,M,47243,9999-01-01
468165,Armond,Slutz,M,55853,9999-01-01
468387,Kaijung,Pews,M,79558,9999-01-01
468393,Kendra,Puppo,M,62704,9999-01-01
468175,Girolamo,Ranft,M,97184,9999-01-01
468406,Alois,Michaels,M,57832,9999-01-01
468184,Xiong,Klerer,M,40000,9999-01-01
468185,Nakhoon,Pietracaprina,M,49952,9999-01-01
468194,Jinxi,Saoudi,F,40000,9999-01-01
468200,Munehiko,VanScheik,M,49630,9999-01-01
468597,Masako,Polajnar,M,40000,9999-01-01
468436,Vatsa,Griswold,F,40106,9999-01-01
468445,Roddy,Krybus,F,71091,9999-01-01
468446,Boguslaw,Morris,F,91691,9999-01-01
468449,Soenke,Improta,M,40000,9999-01-01
468465,Yuping,McDermid,M,43663,9999-01-01
468472,Sreekrishna,Tsukuda,F,40000,9999-01-01
468615,Tzvetan,Zaiane,F,60028,9999-01-01
468476,Prasadram,Mitina,F,40000,9999-01-01
468477,Yuguang,Conde,F,40000,9999-01-01
468490,Sudhanshu,Hainaut,M,40000,9999-01-01
468494,Aris,Willoner,M,40000,9999-01-01
468629,Arno,Heydon,M,68653,9999-01-01
468497,Odinaldo,Rettelbach,M,49628,9999-01-01
468500,Zito,Auria,M,40000,9999-01-01
468650,Alexius,Huttel,M,52093,9999-01-01
468518,Manu,Tempesti,M,40000,9999-01-01
468524,Geraldo,Bellone,M,70664,9999-01-01
468527,Sibyl,Luan,M,85675,9999-01-01
468534,Ipke,Staelin,F,40000,9999-01-01
468671,Hailing,Calkin,M,40000,9999-01-01
468550,Richard,Hiroyama,F,86092,9999-01-01
468574,Dines,Leijenhorst,M,81726,9999-01-01
468686,Wuxu,Biron,F,40000,9999-01-01
468689,Vitali,Fujisaki,M,52516,9999-01-01
468717,Dekang,Soloway,F,42842,9999-01-01
468724,Bangqing,Molenkamp,F,45727,9999-01-01
468802,Bodh,Karnin,F,40000,9999-01-01
468804,Atreye,Axelband,F,48385,9999-01-01
468730,Xiaoqiu,Christianini,M,50777,9999-01-01
468806,Howell,Tsukuda,M,40000,9999-01-01
468816,Jiang,Bennet,M,48438,9999-01-01
468743,Constantine,Rosin,M,40000,9999-01-01
468825,Aruna,Breugel,F,66997,9999-01-01
468764,Gor,Ramsak,F,41393,9999-01-01
468840,Sarita,Nitsch,F,54522,9999-01-01
468844,Chiradeep,Jenevein,M,48794,9999-01-01
468846,Zengping,Gilg,F,54376,9999-01-01
468779,Aemilian,Guting,M,79728,9999-01-01
468871,Chikara,Kaltofen,M,67877,9999-01-01
468878,Anwar,Rubsam,M,40000,9999-01-01
468974,Faiza,Mateescu,F,45321,9999-01-01
468884,Marin,Cusworth,M,63844,9999-01-01
468887,Weiru,Willoner,M,69647,9999-01-01
468899,Yunming,Pehl,M,45087,9999-01-01
468903,Lucian,Bael,M,54499,9999-01-01
468979,Tomoyuki,Straney,F,52804,9999-01-01
468920,Randy,Bahk,M,40000,9999-01-01
468924,Zita,Wossner,F,40000,9999-01-01
468986,Srinidhi,McAlpine,M,40000,9999-01-01
468937,Siddarth,Katiyar,F,40000,9999-01-01
469004,Baocai,Grabner,F,40000,9999-01-01
468942,Jouni,Matzat,M,80414,9999-01-01
468950,Jovan,Mundy,F,60639,9999-01-01
468961,Rafael,Piancastelli,M,40135,9999-01-01
469029,Nidapan,Remmele,F,61440,9999-01-01
469048,Chuanti,Choobineh,F,60608,9999-01-01
469152,Odysseas,Vandervoorde,M,45952,9999-01-01
469153,Gad,Masaki,M,59103,9999-01-01
469160,Shan,Haldar,M,56768,9999-01-01
469164,Baruch,Lenart,M,50832,9999-01-01
469168,Leif,Kugler,M,68227,9999-01-01
469053,Vidya,Dymetman,F,40000,9999-01-01
469174,Khoa,Rousseau,M,42835,9999-01-01
469058,Byong,Brender,M,51499,9999-01-01
469078,Moheb,Horswill,F,40000,9999-01-01
469193,Lunjin,Mitzlaff,F,84162,9999-01-01
469204,Kayoko,Madeira,M,69369,9999-01-01
469108,Constantino,Bashian,M,84890,9999-01-01
469230,Serap,Brizzi,F,54470,9999-01-01
469232,Prodip,Zambonelli,M,42069,9999-01-01
469243,Sadegh,Rissland,M,40000,9999-01-01
469137,Kwangsub,Rikino,F,58601,9999-01-01
469267,Zhigen,Merey,M,40000,9999-01-01
469281,Shawna,Picht,F,44094,9999-01-01
469284,Karlis,Anido,M,40000,9999-01-01
469290,Mostafa,Varker,F,54210,9999-01-01
469145,Berhard,Szilard,M,40000,9999-01-01
469293,Phule,Koyama,F,79477,9999-01-01
469340,Thanasis,Godskesen,F,45476,9999-01-01
469311,Jenwei,Shimshoni,M,56943,9999-01-01
469313,Tiina,Hebden,M,50558,9999-01-01
469314,Eberhardt,Krupka,M,40000,9999-01-01
469319,Uinam,Foote,F,40000,9999-01-01
469357,Taisook,Domenig,M,40000,9999-01-01
469358,Beshir,Haraldson,F,43899,9999-01-01
469362,Martine,Nishimukai,M,40000,9999-01-01
469533,Insup,Kamble,F,60868,9999-01-01
469365,Abdelaziz,Schiper,F,54997,9999-01-01
469536,Kinh,Chenney,M,74353,9999-01-01
469383,Uli,Malinowski,M,42819,9999-01-01
469546,Krassimir,Ginesta,M,71289,9999-01-01
469384,Shahab,Nivat,F,59229,9999-01-01
469575,Mircea,Collavizza,F,62006,9999-01-01
469386,Cristinel,Cangellaris,M,57100,9999-01-01
469580,Weiye,Escriba,F,40000,9999-01-01
469408,Shridhar,Reeken,M,40000,9999-01-01
469598,Hitomi,Escriba,F,80094,9999-01-01
469599,Arunas,Keirsey,M,60417,9999-01-01
469600,Mircea,Conry,F,60333,9999-01-01
469426,Naraig,Vakili,M,41556,9999-01-01
469431,Yuguang,Gist,M,40000,9999-01-01
469434,Yuuichi,Gils,F,44314,9999-01-01
469665,Manibrata,Bressoud,F,64540,9999-01-01
469670,Kasidit,Lyonns,M,58379,9999-01-01
469671,Conal,Garrabrants,M,49816,9999-01-01
469672,Guadalupe,Hashii,M,52140,9999-01-01
469678,Dmitry,Clemencon,M,97164,9999-01-01
469696,Makato,Harnett,M,85821,9999-01-01
469699,Xuejia,Rothe,M,85939,9999-01-01
469705,Denis,Kamber,M,57679,9999-01-01
469712,Yolla,Gargeya,M,47803,9999-01-01
469713,Weicheng,Lukaszewicz,F,54510,9999-01-01
469439,Manibrata,Erva,F,64244,9999-01-01
469720,Sarita,Rissland,M,51182,9999-01-01
469726,Ranga,Stasinski,F,40000,9999-01-01
469728,Randy,Dratva,M,61110,9999-01-01
469447,Anneli,Zirintsis,F,65983,9999-01-01
469731,Ramya,Bierman,M,40000,9999-01-01
469733,Vishu,Khasidashvili,M,40000,9999-01-01
469740,Tetsurou,Butterworth,M,40000,9999-01-01
469466,Barton,Birnbaum,M,40000,9999-01-01
469758,Krisda,Pell,M,40000,9999-01-01
469769,Ewing,Pelz,F,47591,9999-01-01
469475,Hein,Munos,F,40000,9999-01-01
469770,Yongmin,Lieberherr,F,41243,9999-01-01
469779,Dayanand,Kaltofen,F,45913,9999-01-01
469493,Hugo,Talmon,M,56111,9999-01-01
469799,Genki,Bahl,M,40000,9999-01-01
469806,Renny,Gelosh,M,40057,9999-01-01
469807,Bangqing,Huxford,M,40000,9999-01-01
469811,Marco,Braccini,M,80218,9999-01-01
469502,Xiaoqiang,Lung,M,43480,9999-01-01
469830,Lillian,Cummings,F,42940,9999-01-01
469509,Constantijn,Kaiserswerth,F,65172,9999-01-01
469839,Godehard,Luga,M,48823,9999-01-01
469894,Fumiyo,Pargas,M,90459,9999-01-01
469855,Arto,Cherinka,F,40000,9999-01-01
469887,Gad,Highland,M,69432,9999-01-01
469899,Make,Streng,F,65500,9999-01-01
469910,Huiqun,Baranowski,M,41676,9999-01-01
469918,Tsz,Zongker,F,75157,9999-01-01
470078,Guther,Varley,M,44602,9999-01-01
469919,Maya,Isaac,M,60584,9999-01-01
470082,Goa,Kenevan,M,50219,9999-01-01
470084,Tsvetan,Krychniak,M,40901,9999-01-01
470085,Xiaoshan,Rajala,M,80218,9999-01-01
469929,Isaac,Cardazo,M,40000,9999-01-01
470088,Henk,Brookner,M,40000,9999-01-01
469931,Panayotis,Ruther,M,40000,9999-01-01
470102,Tze,Stamatiou,F,47222,9999-01-01
469944,Tianruo,Frijda,M,61491,9999-01-01
470116,Xiaocheng,Anily,M,40000,9999-01-01
470117,Hailing,Varman,F,40000,9999-01-01
469951,Kien,Ebeling,M,40000,9999-01-01
470127,Jahangir,Limongiello,M,50313,9999-01-01
470137,Nahum,Llado,F,65065,9999-01-01
469958,Mikhail,Orlowska,F,55186,9999-01-01
470150,Richard,Foong,M,77765,9999-01-01
469972,Zhenhua,Litzler,M,46635,9999-01-01
469974,Djenana,Cochrane,M,54077,9999-01-01
469975,Akeel,Kusalik,M,49102,9999-01-01
469976,Mamdouh,Loncour,F,40000,9999-01-01
470200,Dipankar,Rosar,F,40000,9999-01-01
469985,Adit,Magliocco,M,40000,9999-01-01
470212,Mark,Fraisse,F,48126,9999-01-01
470216,Luise,Gornas,M,49072,9999-01-01
469995,Kerhong,Birjandi,M,40000,9999-01-01
470234,Zhonghui,Vanwelkenhuysen,M,40000,9999-01-01
470235,Yuqun,Hanratty,F,47137,9999-01-01
469996,Yuping,Orlowska,M,43561,9999-01-01
470004,Sham,Couchot,M,40000,9999-01-01
470014,Gro,Khasidashvili,F,40000,9999-01-01
470017,Nidapan,Swift,F,73044,9999-01-01
470264,Premal,Undy,F,79181,9999-01-01
470018,Fuqing,Erez,M,76855,9999-01-01
470276,Ishfaq,Kalorkoti,M,40000,9999-01-01
470278,Martial,Busillo,F,44121,9999-01-01
470033,Carrsten,Ciolek,M,65284,9999-01-01
470292,Danco,Swiler,M,50582,9999-01-01
470297,Jaewon,Peha,M,40000,9999-01-01
470047,Heeju,Bridgland,F,93703,9999-01-01
470309,Xuedong,Gerlach,F,40868,9999-01-01
470318,Remmert,Kolinko,M,40000,9999-01-01
470319,Leen,Heping,M,40000,9999-01-01
470064,Jiong,Haldar,M,45428,9999-01-01
470336,Kwun,Farrel,F,43140,9999-01-01
470343,Godehard,Kaelbling,F,40000,9999-01-01
470475,Josyula,Siepmann,M,67126,9999-01-01
470364,Pranas,Munawer,M,40000,9999-01-01
470366,Jianhao,Llado,M,53039,9999-01-01
470386,Yongmin,dAstous,M,65890,9999-01-01
470391,Eishiro,Baezner,M,49088,9999-01-01
470393,Khatoun,Botman,M,58276,9999-01-01
470400,Kenroku,Chinal,M,40000,9999-01-01
470401,Inderjeet,Roohalamini,M,73594,9999-01-01
470411,Eric,Worfolk,M,71354,9999-01-01
470478,Masaru,Azadmanesh,F,92363,9999-01-01
470419,Fusako,Woycyznski,M,40000,9999-01-01
470494,Fabrizio,Argence,M,71149,9999-01-01
470428,Gladys,Beausoleil,F,80014,9999-01-01
470497,Unal,Reinhard,M,88732,9999-01-01
470443,Ioana,Ciolek,F,47906,9999-01-01
470507,Kwun,McAlpine,F,67971,9999-01-01
470511,Uno,Kawashima,M,40000,9999-01-01
470531,Willard,Makrucki,M,40000,9999-01-01
470639,Xiaoqiang,Thebaut,M,54651,9999-01-01
470651,Aleksandar,Stellhorn,F,40000,9999-01-01
470533,Sakthirel,Comellas,M,74098,9999-01-01
470657,Richara,Wissmann,M,40000,9999-01-01
470546,Susanne,Barvinok,M,42079,9999-01-01
470662,Kenton,Beilner,M,40000,9999-01-01
470665,Mats,Uhrik,F,69410,9999-01-01
470666,Niteen,Pusterhofer,M,40000,9999-01-01
470669,Shaowei,Dehkordi,M,45941,9999-01-01
470673,Yongqiao,Neiman,F,62742,9999-01-01
470550,Uno,Perng,M,41178,9999-01-01
470681,Abdulah,Plump,F,49719,9999-01-01
470687,Arunas,Gargeya,M,40000,9999-01-01
470689,Tomofumi,Koprowski,F,65979,9999-01-01
470554,Mack,Mungall,M,47917,9999-01-01
470574,Chrisa,Schaar,M,99169,9999-01-01
470715,Gill,Lorys,F,54606,9999-01-01
470716,Munehiko,Nitsche,M,68962,9999-01-01
470578,Reuven,Staelin,M,60945,9999-01-01
470734,Zhonghua,Heyers,F,84798,9999-01-01
470739,Alagu,Kornyak,M,40144,9999-01-01
470590,Changho,Birsak,M,49937,9999-01-01
470741,Gor,Rijsenbrij,F,40000,9999-01-01
470592,Debatosh,Munke,M,40000,9999-01-01
470758,Tsz,Reistad,F,51546,9999-01-01
470762,Ebbe,Cooke,F,51596,9999-01-01
470603,Chikara,Kaiser,F,51870,9999-01-01
470767,Sachin,Poehlman,M,51592,9999-01-01
470774,Tsz,Falster,F,40000,9999-01-01
470782,Fen,Henders,M,40000,9999-01-01
470610,Jacqueline,Berztiss,F,65589,9999-01-01
470619,Rimli,Junot,F,78349,9999-01-01
470808,Werner,Dulay,F,40714,9999-01-01
470830,Paloma,Backhouse,F,40000,9999-01-01
470834,Jianwen,Siochi,F,56618,9999-01-01
470840,Barry,Bernick,M,59382,9999-01-01
470845,Denis,Ozery,F,40000,9999-01-01
470861,Gian,Schaad,F,51818,9999-01-01
470630,Huican,Jarecki,F,59297,9999-01-01
470866,Huai,Berztiss,F,60119,9999-01-01
471001,Parke,Schade,M,40000,9999-01-01
470882,Mabhin,Sabnani,F,40000,9999-01-01
470901,Aral,Rajaraman,M,40000,9999-01-01
470905,Tesuro,Goodrum,M,97430,9999-01-01
471017,Miomir,Erie,M,40000,9999-01-01
471036,Yishay,Muhlberg,M,42673,9999-01-01
470933,Lakshmi,Walstra,F,40000,9999-01-01
471038,Arumugam,Marrakchi,M,54381,9999-01-01
471039,Satoru,Menhoudj,F,40000,9999-01-01
470973,Juyoung,Zastre,M,47856,9999-01-01
471047,Sadok,Karunanithi,M,52905,9999-01-01
470976,Snehasis,Dredge,M,66065,9999-01-01
470979,Nahum,dAstous,F,69519,9999-01-01
471050,Mingdong,Sluis,F,53084,9999-01-01
471064,Anoosh,Perl,M,40777,9999-01-01
471065,Herbert,Stafford,F,72590,9999-01-01
471073,Vugranam,Bresenham,M,40000,9999-01-01
471079,Kasturi,Swiss,M,61184,9999-01-01
471198,Bouchung,Peck,M,58875,9999-01-01
471203,Jianhao,Serot,M,40000,9999-01-01
471080,Jeane,Morton,M,43929,9999-01-01
471096,Ingmar,Merli,M,46426,9999-01-01
471233,Shigehito,Kalefeld,F,42136,9999-01-01
471239,Adas,Marletta,M,40000,9999-01-01
471103,Zissis,Bouloucos,M,40000,9999-01-01
471244,Brigham,Kalorkoti,F,42251,9999-01-01
471250,Sivanarayana,Ferretti,M,44656,9999-01-01
471255,Mohua,Luck,F,40095,9999-01-01
471107,Akeno,Muhlberg,M,40000,9999-01-01
471124,Shakhar,Falck,M,62904,9999-01-01
471271,Domenico,Kushnir,F,47736,9999-01-01
471276,Sajjad,Munck,M,41551,9999-01-01
471293,Christoper,Ranon,M,40000,9999-01-01
471295,Pragnesh,Cronau,M,87731,9999-01-01
471131,Subhankar,Wixon,M,57027,9999-01-01
471297,Zeljko,Ramras,M,48374,9999-01-01
471300,Jaana,Rassart,M,49134,9999-01-01
471304,Shrikanth,Barvinok,M,40000,9999-01-01
471136,Arvind,Birch,M,55526,9999-01-01
471139,Kiyotoshi,Collavizza,F,58547,9999-01-01
471322,Aloys,Poupard,M,40000,9999-01-01
471327,Ziva,Paciorek,M,62685,9999-01-01
471140,Noritoshi,Halloran,F,75737,9999-01-01
471332,Terresa,Bolotov,F,42703,9999-01-01
471336,Florian,Diderrich,F,43437,9999-01-01
471151,Murthy,Curless,M,47622,9999-01-01
471353,Ayonca,Naumovich,M,66540,9999-01-01
471153,Dante,Willoner,F,48593,9999-01-01
471361,Gaurav,Gewali,F,59401,9999-01-01
471155,Samphel,Kaiser,M,60184,9999-01-01
471363,Isamu,Sridhar,M,44531,9999-01-01
471156,Venkatesan,Shimshoni,M,59111,9999-01-01
471160,Shounak,Unni,F,40000,9999-01-01
471162,Renee,Pouyioutas,M,40000,9999-01-01
471173,Bedrich,Kaiser,M,45239,9999-01-01
471375,Youssef,Beeson,M,41901,9999-01-01
471383,Mohammed,Aamodt,M,40000,9999-01-01
471180,Gianluca,Mitchem,F,45279,9999-01-01
471385,Nirmal,Ratzlaff,M,72415,9999-01-01
471388,Amalendu,Poupard,M,51524,9999-01-01
471391,Janche,Ghandeharizadeh,F,40815,9999-01-01
471395,Rasikan,Eickenmeyer,M,75448,9999-01-01
471396,Monique,Itschner,M,79648,9999-01-01
471183,Remco,Trumbly,M,44963,9999-01-01
471404,Toshimo,Kopetz,M,42075,9999-01-01
471577,Xiaoheng,Maccarone,M,40000,9999-01-01
471418,Chinhyun,Ishibashi,M,49728,9999-01-01
471419,Gully,Monarch,M,46580,9999-01-01
471422,Teunis,Atchley,M,85455,9999-01-01
471424,Freyja,Jiang,F,40000,9999-01-01
471425,Shen,Asmuth,M,40000,9999-01-01
471433,Takanari,Khamsi,M,50342,9999-01-01
471437,Christoper,Impagliazzo,F,51073,9999-01-01
471439,Theirry,Czaja,M,69705,9999-01-01
471444,Xinan,Welham,M,66925,9999-01-01
471445,Duangkaew,Zaccaria,M,80420,9999-01-01
471449,Kellyn,Velardi,F,58130,9999-01-01
471584,Volkmar,Ranon,M,60526,9999-01-01
471461,Jovan,Brickell,M,40000,9999-01-01
471467,Nimmagadda,Gien,F,40000,9999-01-01
471472,Youjian,Halloran,F,52864,9999-01-01
471589,Jiong,Vuskovic,M,40000,9999-01-01
471483,Janalee,Ozeki,M,64223,9999-01-01
471606,Masadi,Kropp,M,40000,9999-01-01
471622,Baziley,Rothenberg,M,40000,9999-01-01
471517,Arnd,Siochi,M,58296,9999-01-01
471529,Munir,Aloia,M,76906,9999-01-01
471540,Odoardo,Baca,M,48131,9999-01-01
471631,Mingsen,Ibel,M,40418,9999-01-01
471545,Kwangyoen,Guting,M,40000,9999-01-01
471546,Cedric,Picht,F,81918,9999-01-01
471549,Alejandro,Ramsak,M,40000,9999-01-01
471550,Sadegh,Fujisaki,M,63194,9999-01-01
471633,Kyoichi,Jervis,M,82545,9999-01-01
471637,Jaihie,Butner,M,40000,9999-01-01
471646,Leandro,Unni,M,40000,9999-01-01
471647,Zhiwei,Puppe,F,40000,9999-01-01
471747,Tadahiro,Krider,M,40000,9999-01-01
471748,Mayumi,Picel,M,40000,9999-01-01
471664,Breannda,Bharadwaj,M,50014,9999-01-01
471753,Arlette,Pero,M,47911,9999-01-01
471764,Gao,Schaaf,F,58180,9999-01-01
471766,Tadanori,Miake,M,56048,9999-01-01
471768,Rutger,Cannard,M,40000,9999-01-01
471773,Conrado,Demri,M,43710,9999-01-01
471678,Babette,Koshiba,M,54882,9999-01-01
471782,Alexius,Strehl,M,40000,9999-01-01
471790,Charmane,Asrin,M,63830,9999-01-01
471679,Suzette,Bazelow,M,86579,9999-01-01
471799,Heather,Flanders,M,41935,9999-01-01
471800,Guttorm,Diderrich,M,63471,9999-01-01
471683,Christ,Yetto,F,69403,9999-01-01
471707,Ramachenga,Serra,M,59356,9999-01-01
471809,Moty,Paciorek,F,40000,9999-01-01
471814,Saeed,Keustermans,M,40000,9999-01-01
471815,Adas,Sidje,M,45408,9999-01-01
471833,Tuval,Merlo,F,40000,9999-01-01
471708,Nagui,Candan,M,40000,9999-01-01
471839,Christoph,Honiden,M,58452,9999-01-01
471710,Soenke,Junot,F,40000,9999-01-01
471849,Jaihie,Benner,M,56006,9999-01-01
471715,Pasqua,Schusler,M,51513,9999-01-01
471858,Chinya,Ruther,M,40000,9999-01-01
471861,Morris,Orlowski,F,40000,9999-01-01
471716,Yuichiro,Billingsley,M,40000,9999-01-01
471867,Zhensheng,Katalagarianos,M,40000,9999-01-01
471870,Tze,Seiwald,M,40000,9999-01-01
471887,Volkmar,Renear,M,60460,9999-01-01
471899,Eran,Molberg,F,40000,9999-01-01
471904,Youssef,Brender,M,69249,9999-01-01
471921,Claude,Mikschl,M,40000,9999-01-01
471929,Kristen,Bale,F,66719,9999-01-01
471942,Heekeun,Hardjono,F,59805,9999-01-01
471943,Alselm,Pleszkun,F,53569,9999-01-01
471948,Debaprosad,Perng,M,70174,9999-01-01
471960,Junichi,Cooley,M,48564,9999-01-01
471962,Joydip,Bach,F,60530,9999-01-01
471964,Janche,Leaver,F,81581,9999-01-01
471970,Lalit,Demos,F,40000,9999-01-01
471975,Otilia,Zschoche,F,49784,9999-01-01
471976,Torsten,Henseler,F,47988,9999-01-01
471985,Mana,Ushiama,M,52535,9999-01-01
471986,Mads,Ranst,M,46126,9999-01-01
471989,Tomokazu,Kadhim,M,40000,9999-01-01
471991,Janche,Farrag,F,40000,9999-01-01
472008,Fen,Salvesen,F,50624,9999-01-01
472009,Kotesh,Basart,F,40718,9999-01-01
472012,Evgueni,Kavraki,F,40000,9999-01-01
472020,Leszek,Litzler,F,57494,9999-01-01
472021,Marsha,Wielonsky,M,79529,9999-01-01
472022,Somnath,Bennis,M,40000,9999-01-01
472026,Ronghao,Savasere,M,40059,9999-01-01
472038,Garnet,Thombley,M,57603,9999-01-01
472047,Florian,Beutelspacher,F,61117,9999-01-01
472064,Temple,Litecky,M,48945,9999-01-01
472066,Hugo,Schurmann,F,54234,9999-01-01
472096,Lubomir,Ernst,F,40000,9999-01-01
472108,Yechiam,Yoshizawa,M,40000,9999-01-01
472116,Jaroslava,Azevdeo,M,48848,9999-01-01
472121,Jenwei,Serra,M,61622,9999-01-01
472130,Leucio,Biran,M,67996,9999-01-01
472133,Nathan,Boreale,M,44737,9999-01-01
472149,Sverrir,Luck,M,56745,9999-01-01
472159,Vasilii,Ashish,M,40000,9999-01-01
472172,Janalee,Dengi,F,40000,9999-01-01
472186,Dung,Janetzko,M,83339,9999-01-01
472192,Padma,Wrigley,M,40000,9999-01-01
472194,Bokyung,Zultner,F,40000,9999-01-01
472203,Deborah,Brendel,M,55586,9999-01-01
472209,Kasturi,Thambidurai,F,47458,9999-01-01
472221,Takahiro,Naumovich,M,40000,9999-01-01
472223,Hidde,Birke,M,40000,9999-01-01
472234,Kensyu,Lunt,F,40000,9999-01-01
472250,Roded,Maierhofer,M,45767,9999-01-01
472255,Marlo,Krohn,M,55996,9999-01-01
472268,Satoru,Lemarechal,M,71138,9999-01-01
472282,Takahira,Chachaty,M,55040,9999-01-01
472303,Kiam,Schmiedel,M,40000,9999-01-01
472307,Rance,Burnard,F,40000,9999-01-01
472309,Arunas,Chimia,M,67685,9999-01-01
472310,Sashi,Dulin,M,40000,9999-01-01
472335,Zeljko,Jansen,M,40000,9999-01-01
472340,Gaurav,Jonsson,M,40000,9999-01-01
472349,Zeljko,Ouhyoung,M,56883,9999-01-01
471719,Basant,Gerteisen,M,88981,9999-01-01
472366,Aral,Rattan,M,47944,9999-01-01
471726,Xiadong,Hashii,M,48118,9999-01-01
472375,Ranan,Weedon,M,40000,9999-01-01
472381,Yucel,Maraist,M,63129,9999-01-01
471728,Tadahiko,Heystek,M,40000,9999-01-01
472391,Mohammed,Simmel,M,40000,9999-01-01
472392,Uzi,Masada,M,51604,9999-01-01
472485,Tetsushi,Farrar,F,57065,9999-01-01
472399,Heping,Falck,M,58142,9999-01-01
472402,Susanna,Rande,F,67674,9999-01-01
472403,Leah,Woycyznski,M,40000,9999-01-01
472411,Tianruo,Veldwijk,M,40000,9999-01-01
472412,Zine,Eiter,M,51447,9999-01-01
472423,Claude,Itzfeldt,F,40000,9999-01-01
472426,Baocai,Markovitch,M,49903,9999-01-01
472429,Gully,Cyre,M,40000,9999-01-01
472496,Satosi,Marakhovsky,F,40000,9999-01-01
472459,Emdad,Peternell,M,51482,9999-01-01
472504,Nobuyoshi,Riefers,F,52285,9999-01-01
472509,Jaroslava,Bolotov,F,54390,9999-01-01
472512,Mayuri,Edelhoff,M,40000,9999-01-01
472513,Sanjoy,Birta,M,63980,9999-01-01
472518,Mong,Swift,M,63556,9999-01-01
472565,Qunsheng,Henders,F,54016,9999-01-01
472678,Mitsuyuki,Gruenwald,F,40000,9999-01-01
472681,Richara,Kilgore,M,40000,9999-01-01
472686,Prasadram,Oxman,M,40000,9999-01-01
472692,IEEE,Danecki,M,57974,9999-01-01
472701,Jiann,Isaac,M,61719,9999-01-01
472705,Chaoyi,Gimarc,M,50102,9999-01-01
472706,Kerryn,Morrin,F,81887,9999-01-01
472708,Kokou,Streit,F,67718,9999-01-01
472709,Anestis,Majewski,M,86225,9999-01-01
472574,Mingdong,Stassinopoulos,F,40000,9999-01-01
472719,Arunas,Lammel,F,40000,9999-01-01
472720,Gal,Sudbeck,F,40000,9999-01-01
472723,Arvind,Kowalchuk,F,83805,9999-01-01
472588,Mary,Rosti,M,48814,9999-01-01
472735,Zejun,Miyakawa,M,40000,9999-01-01
472736,Franziska,Silva,M,40000,9999-01-01
472740,Mong,Demian,F,51980,9999-01-01
472743,Lunjin,Zweizig,F,58928,9999-01-01
472748,Malu,Denny,M,63047,9999-01-01
472591,Eckart,Bondorf,F,40000,9999-01-01
472598,Xuejun,Levasseur,M,58253,9999-01-01
472764,Boalin,Emden,M,53608,9999-01-01
472611,Susanne,Malinowski,M,56985,9999-01-01
472781,Huan,Hasham,M,40000,9999-01-01
472795,Teiji,Knightly,M,40000,9999-01-01
472797,Behnaam,Griswold,F,44059,9999-01-01
472622,Kensei,Bage,M,55812,9999-01-01
472808,Duangkaew,Landherr,M,49219,9999-01-01
472633,Rosalyn,Picaronny,F,69994,9999-01-01
472829,Baziley,Highland,F,58881,9999-01-01
472834,Giordano,Lanphier,M,40000,9999-01-01
472635,Jixiang,Tagansky,M,40000,9999-01-01
472640,Khun,Kobara,M,40000,9999-01-01
472644,Toney,Gecseg,M,50783,9999-01-01
472650,Theirry,Ratnakar,M,79905,9999-01-01
472853,Gila,Limongiello,M,62615,9999-01-01
472857,Xiaoqiang,Aseltine,M,69772,9999-01-01
472657,Ingemar,Shumilov,M,59683,9999-01-01
472867,Zito,Bondorf,M,52347,9999-01-01
472665,Rajmohan,Lueh,M,48985,9999-01-01
473038,Radhika,Furudate,F,40000,9999-01-01
472900,Shahaf,Copas,M,44722,9999-01-01
472907,Sanjit,Chepyzhov,M,53328,9999-01-01
472914,Weidon,Lorho,F,60135,9999-01-01
472920,Shuichi,Cronin,M,40000,9999-01-01
473049,Arie,Lyonns,M,40000,9999-01-01
472925,Fusako,Prampolini,F,44130,9999-01-01
472931,Hsiangchu,Vandervoorde,M,40000,9999-01-01
472939,Naraig,Dalton,M,71145,9999-01-01
473076,Shaowei,Chelton,M,65285,9999-01-01
472957,Guiseppe,Brookman,M,55652,9999-01-01
472959,Mingdong,Leslie,F,68535,9999-01-01
472964,Shigeo,Beznosov,M,57575,9999-01-01
472977,Hauke,Peot,M,40000,9999-01-01
472978,Vishu,Zschoche,M,45702,9999-01-01
472981,Nikolaos,Lally,M,52882,9999-01-01
472984,Achilleas,Molberg,M,40000,9999-01-01
472985,Khun,Lieblein,M,43142,9999-01-01
472990,Kyoichi,Hitomi,M,72260,9999-01-01
473015,Filipe,Ranst,F,40000,9999-01-01
473021,Akemi,Attimonelli,M,43233,9999-01-01
473078,Feiyu,Bernatsky,M,47506,9999-01-01
473100,Falguni,Speer,F,64632,9999-01-01
473224,Arup,Crabtree,M,40000,9999-01-01
473232,Jagoda,Baez,F,73490,9999-01-01
473113,Toshimitsu,Angelov,F,65883,9999-01-01
473275,Leaf,Janetzko,F,63011,9999-01-01
473116,Sadun,Bultermann,F,91719,9999-01-01
473287,Odysseas,Bednarek,M,40000,9999-01-01
473128,Weijing,Dredge,M,59089,9999-01-01
473307,Marla,Warwick,M,40000,9999-01-01
473134,Navid,Perz,F,47106,9999-01-01
473314,Hironobu,Ruemmler,M,56673,9999-01-01
473318,Khalil,Underwood,F,47749,9999-01-01
473322,Pantung,Lodder,M,56100,9999-01-01
473140,Jiakeng,Rosti,M,54707,9999-01-01
473329,Rajmohan,Chaudhury,M,53338,9999-01-01
473330,Naraig,Perfilyeva,M,45214,9999-01-01
473160,Fuqing,Rosay,M,40000,9999-01-01
473350,Maia,Hammerschmidt,F,40000,9999-01-01
473357,Weidon,Auyong,M,66182,9999-01-01
473365,Luisa,Eterovic,F,42184,9999-01-01
473370,Takushi,Zwicker,F,40000,9999-01-01
473377,Mrinalini,Zumaque,M,43127,9999-01-01
473166,Masamitsu,Erde,M,75890,9999-01-01
473379,Avishai,Callaway,F,51201,9999-01-01
473178,Mototsugu,Verhoeff,M,69341,9999-01-01
473398,Vojin,Ouhyoung,M,40000,9999-01-01
473184,Patricio,Slutz,M,40000,9999-01-01
473186,Jiann,Tagansky,M,43810,9999-01-01
473200,Kerhong,Famili,M,40000,9999-01-01
473411,Piyush,Leaver,M,56934,9999-01-01
473202,Sadun,Benzmuller,F,40000,9999-01-01
473214,Miomir,Validov,F,40000,9999-01-01
473445,Koldo,Janetzko,F,81479,9999-01-01
473215,Keung,Ritzmann,M,40000,9999-01-01
473454,Yonghoan,Masaki,M,84849,9999-01-01
473455,Shawna,Fabrizio,F,69202,9999-01-01
473593,Marla,Esteva,M,57448,9999-01-01
473469,Subhrajyoti,Bhattacharjee,F,52781,9999-01-01
473471,Stabislas,Basawa,M,64018,9999-01-01
473475,Dinkar,Moffat,M,64156,9999-01-01
473477,Giap,Lindqvist,F,40348,9999-01-01
473492,Doohun,Vuskovic,M,76218,9999-01-01
473599,Gennady,Rissanen,F,88945,9999-01-01
473502,Satyanarayana,Fontet,M,40000,9999-01-01
473605,Nectarios,Monarch,M,57686,9999-01-01
473514,Valeri,Kawashimo,M,45955,9999-01-01
473519,Douadi,Sifakis,F,40000,9999-01-01
473521,Malu,Katalagarianos,F,48978,9999-01-01
473619,Goo,Doering,F,58888,9999-01-01
473530,Chenye,Schrift,M,50977,9999-01-01
473644,Ortrun,Makrucki,M,42702,9999-01-01
473560,Subir,Ouhyoung,F,40000,9999-01-01
473564,Serge,Basagni,M,45544,9999-01-01
473577,Bodo,Vesna,M,56777,9999-01-01
473579,Srinidhi,Champarnaud,F,41051,9999-01-01
473645,Richard,Lichtner,F,40000,9999-01-01
473585,Doowon,Ushiama,F,47099,9999-01-01
473659,Eishiro,Antonisse,M,41113,9999-01-01
473669,Maya,Doering,M,62014,9999-01-01
473688,Valeri,Auyong,M,53042,9999-01-01
473690,Zhanqiu,Junot,F,40000,9999-01-01
473776,Aemilian,Demir,M,57775,9999-01-01
473701,Richard,Angel,M,40000,9999-01-01
473779,Qingxiang,Verspoor,M,63730,9999-01-01
473783,Steve,Marchegay,M,76998,9999-01-01
473715,Kwangho,Bultermann,M,63851,9999-01-01
473800,Herb,Lakshmanan,M,77852,9999-01-01
473801,Rosine,Manderick,M,50675,9999-01-01
473804,Gopalakrishnan,Baba,M,60638,9999-01-01
473805,Shunichi,Hoogerwoord,M,68665,9999-01-01
473806,Suebskul,Janocha,M,62089,9999-01-01
473808,Mitsuyuki,Wissmann,M,52327,9999-01-01
473812,Khue,Levergood,F,79856,9999-01-01
473718,Noritoshi,Luff,M,56997,9999-01-01
473822,Gina,Chaudhury,M,40000,9999-01-01
473825,Renny,Luke,M,59655,9999-01-01
473719,Bader,Mattern,M,62493,9999-01-01
473834,Kish,Zobel,F,63378,9999-01-01
473740,Yaghout,Gladwell,F,40000,9999-01-01
473845,Munehiko,Lung,F,40000,9999-01-01
473848,Magdalena,Butner,F,40000,9999-01-01
473857,Vesna,Tetzlaff,F,40000,9999-01-01
473741,Miomir,Chepyzhov,M,51978,9999-01-01
473757,Xuejia,Bamford,M,65191,9999-01-01
473964,Sanjeeva,Hempstead,F,51423,9999-01-01
473897,Seongbae,Rattan,F,60857,9999-01-01
473899,Yucai,Badache,F,40000,9999-01-01
473903,Stella,Sichman,M,105398,9999-01-01
473911,Kwangyoen,Coorg,M,48857,9999-01-01
473913,Sanjay,Munro,F,44286,9999-01-01
473916,Leaf,Uludag,M,66715,9999-01-01
473919,Achilleas,Scallan,M,40000,9999-01-01
473921,Pragnesh,Kamber,M,43193,9999-01-01
473975,Nagui,Yoshizawa,F,40000,9999-01-01
473944,Kazuhiko,Rahier,M,73953,9999-01-01
473947,Van,Alencar,M,48552,9999-01-01
474022,Hironoby,Llado,F,40000,9999-01-01
473953,Janche,Heystek,M,73707,9999-01-01
473954,Kristin,Bugrara,F,74152,9999-01-01
474154,Jackson,Taneja,M,43259,9999-01-01
474158,Jongsuk,Heijenga,M,40000,9999-01-01
474063,Seongbin,Wilfing,F,40000,9999-01-01
474168,Ulises,Bala,M,40000,9999-01-01
474173,Xiahua,Slaats,F,40000,9999-01-01
474176,Shimshon,Azuma,F,87350,9999-01-01
474183,Padma,Garnick,M,74177,9999-01-01
474193,Phillip,Speckmann,F,40678,9999-01-01
474194,Ult,Iisaka,M,46451,9999-01-01
474200,Masako,Sabnani,F,96922,9999-01-01
474073,Nishit,Vigier,M,88267,9999-01-01
474209,Charmane,Masand,F,44400,9999-01-01
474076,Masoud,Pusterhofer,M,40000,9999-01-01
474220,Vishwani,Munawer,M,68222,9999-01-01
474221,Bojan,Heuser,M,40888,9999-01-01
474086,Florian,Peroz,M,68706,9999-01-01
474232,Masamitsu,Jahnichen,F,40000,9999-01-01
474124,Magy,Koblick,M,40000,9999-01-01
474254,Rosine,Munck,F,69686,9999-01-01
474260,Willard,Pellegrinelli,M,53202,9999-01-01
474276,Kazunori,Randt,F,47099,9999-01-01
474290,Fei,Zhiwei,F,46804,9999-01-01
474131,Shridhar,Riexinger,M,40000,9999-01-01
474303,Marco,Hockney,M,63290,9999-01-01
474324,Jackson,Ariola,M,48827,9999-01-01
474344,Feixiong,Imataki,F,40000,9999-01-01
474353,Kannan,Zizka,F,40000,9999-01-01
474138,Yagil,Cairo,F,40000,9999-01-01
474370,Susanna,Chelton,M,40000,9999-01-01
474376,Jovan,Bage,M,46646,9999-01-01
474519,Paloma,Kawashima,M,53107,9999-01-01
474386,Collette,Ohori,M,44880,9999-01-01
474388,Shooichi,Bach,F,64476,9999-01-01
474400,Herb,Ushiama,F,88820,9999-01-01
474410,Souichi,Potthoff,F,41590,9999-01-01
474527,Tsz,Delgrange,F,53882,9999-01-01
474421,Lech,McAlpine,F,43866,9999-01-01
474528,Billie,Georg,F,64445,9999-01-01
474439,Genta,Bauknecht,F,40000,9999-01-01
474556,Duri,Hartvigsen,M,75850,9999-01-01
474447,Taizo,Fiutem,F,40000,9999-01-01
474453,Zhenbing,Poujol,M,53962,9999-01-01
474474,Kazuhira,Lammel,M,71395,9999-01-01
474480,Shuji,Bisiani,F,77079,9999-01-01
474569,Paraskevi,Nyanchama,M,92009,9999-01-01
474490,Stafford,Koshiba,M,40000,9999-01-01
474577,Manohar,Plump,M,71858,9999-01-01
474505,Percy,Schaft,F,40000,9999-01-01
474580,Elvia,Grabner,M,63831,9999-01-01
474586,Masamitsu,Wrigley,F,78998,9999-01-01
474619,Douadi,Lieberherr,M,40000,9999-01-01
474710,Hirochika,Roison,M,40000,9999-01-01
474636,Cristinel,Farrel,M,65401,9999-01-01
474725,Mayuko,Copas,F,59028,9999-01-01
474728,Kousuke,Fandrianto,F,96736,9999-01-01
474735,Kendra,Peir,F,40000,9999-01-01
474641,Xinan,Nastansky,M,66490,9999-01-01
474739,Vitali,Pargas,M,40000,9999-01-01
474646,Nikolaos,Cannane,F,40000,9999-01-01
474755,Christ,Varker,M,40000,9999-01-01
474654,Rayond,Schach,M,40000,9999-01-01
474657,Bodo,Rothe,M,71696,9999-01-01
474787,Jaideep,Molenaar,F,40000,9999-01-01
474684,Chinhyun,Klyachko,M,122726,9999-01-01
474797,Nitsan,Talmor,M,51279,9999-01-01
474798,Chiranjit,Gide,M,75940,9999-01-01
474801,Aleksandar,Slaats,M,40000,9999-01-01
474813,Gladys,Dusink,F,40000,9999-01-01
474818,Narain,Ghemri,M,41418,9999-01-01
474690,Tristan,Rosin,F,50210,9999-01-01
474837,Chenyi,Schaaf,M,40000,9999-01-01
474697,Jenwei,Collette,M,40000,9999-01-01
474851,Tomoyuki,Gerlach,M,51018,9999-01-01
474859,Sibyl,Matzen,M,40000,9999-01-01
474862,Youpyo,Chinin,M,83287,9999-01-01
474895,Michaela,Hertweck,M,46350,9999-01-01
474872,Elvis,Emden,M,60623,9999-01-01
474883,Kwangyoen,Stasinski,F,40000,9999-01-01
474898,Xiaoheng,Marletta,M,40000,9999-01-01
474912,Nirmal,Lemarechal,M,86397,9999-01-01
475071,Chinho,Assaf,M,40000,9999-01-01
475072,Aluzio,Benzaken,M,56991,9999-01-01
475077,Claude,Ouhyoung,F,47175,9999-01-01
475082,Elvia,Flexer,M,59957,9999-01-01
475089,Sasan,Haraldson,M,46884,9999-01-01
474913,Piyawadee,Oehlmann,M,57599,9999-01-01
475093,Almudena,Streit,M,40000,9999-01-01
474921,Aimee,Baak,F,46090,9999-01-01
475097,Marek,Koblick,M,71013,9999-01-01
474943,Kazuhiko,Pileggi,M,70902,9999-01-01
475125,Martial,Dredge,M,40000,9999-01-01
474948,Gil,Stentiford,M,80375,9999-01-01
475140,Shigeu,Jayawardene,M,40000,9999-01-01
474950,Lijia,Cannane,M,40000,9999-01-01
475148,Srinidhi,Pero,F,40000,9999-01-01
474980,Achilleas,Rindone,M,42091,9999-01-01
475167,Younwoo,Baja,M,44379,9999-01-01
475181,Ebbe,Terwilliger,F,52673,9999-01-01
474981,Baoqiu,Danner,M,49225,9999-01-01
475190,Yuqun,Figueira,M,42135,9999-01-01
474990,Ewing,Fioravanti,M,46668,9999-01-01
475205,Maris,Rusterholz,M,40000,9999-01-01
474996,Saeed,Gelosh,F,40000,9999-01-01
475218,Basant,Muhling,M,59562,9999-01-01
475221,Yuqun,Rassart,M,65150,9999-01-01
475001,Heather,Chaudhuri,M,40000,9999-01-01
475226,Yoshimitsu,Majewski,M,75644,9999-01-01
475229,Shim,Pero,M,40000,9999-01-01
475003,Branimir,Miara,M,88287,9999-01-01
475240,Yurij,Babu,F,48552,9999-01-01
475241,Mayuri,Garnick,M,46477,9999-01-01
475009,Aral,Takkinen,F,40000,9999-01-01
475013,Zdislav,Marciano,F,40000,9999-01-01
475016,Takahira,Douceur,F,40584,9999-01-01
475037,Shaowei,Hasenauer,M,40000,9999-01-01
475259,Zhensheng,Radivojevic,M,40417,9999-01-01
475265,Fan,Simkin,M,41475,9999-01-01
475266,Rance,Engelmann,M,64128,9999-01-01
475269,Rance,Cullers,F,59523,9999-01-01
475039,Kotesh,Ertl,F,40000,9999-01-01
475283,Sarita,Cherinka,M,40000,9999-01-01
475284,Dzung,Roohalamini,F,67997,9999-01-01
475051,Ulises,Vitiello,F,58191,9999-01-01
475299,Luigi,Cincotta,F,71059,9999-01-01
475300,Jongsuk,Schaar,M,40636,9999-01-01
475304,Shushma,Rajaraman,M,48342,9999-01-01
475054,Dipankar,Buescher,F,59913,9999-01-01
475441,Bernardo,Lorcy,M,40044,9999-01-01
475327,Arve,Sommer,M,40000,9999-01-01
475334,Dietrich,Hiltgen,F,55534,9999-01-01
475338,Oscal,Desikan,M,59096,9999-01-01
475348,Kazunori,Merkl,F,56863,9999-01-01
475351,Barna,Garigliano,M,40000,9999-01-01
475358,Ramachenga,Ebeling,M,40738,9999-01-01
475367,Premal,Caine,M,62117,9999-01-01
475448,Ingemar,Lorys,M,93307,9999-01-01
475371,Gay,Cappello,F,43161,9999-01-01
475377,Xinyu,Dayana,F,48367,9999-01-01
475383,Visit,Isard,M,40000,9999-01-01
475384,Kiyokazu,Domenig,M,63315,9999-01-01
475462,Bikash,Marquardt,M,67857,9999-01-01
475385,Yunming,Anger,F,40000,9999-01-01
475389,Kazuhisa,Nations,M,40000,9999-01-01
475394,Gully,Ramaiah,F,40000,9999-01-01
475403,Freyja,Otillio,M,41946,9999-01-01
475463,Kendra,Kawashima,M,40000,9999-01-01
475468,Shigeu,Improta,F,40000,9999-01-01
475475,Baruch,Lichtner,M,56172,9999-01-01
475426,Vidya,Eugenio,M,42708,9999-01-01
475436,Kirk,Cummings,M,56046,9999-01-01
475477,Guozhong,Dratva,M,43005,9999-01-01
475483,Moto,Baalen,M,46988,9999-01-01
475490,Piyush,Cyre,M,57060,9999-01-01
475493,George,Joslin,M,62552,9999-01-01
475632,Mohamadou,Angiulli,M,53124,9999-01-01
475506,Uwe,Kermarrec,F,59559,9999-01-01
475634,Alagu,Alameldin,F,40000,9999-01-01
475639,Maha,Ranka,F,64444,9999-01-01
475641,Girolamo,Azevdeo,M,54645,9999-01-01
475642,Danel,Zeilberger,M,60451,9999-01-01
475651,Poorav,Gubsky,F,62410,9999-01-01
475652,Clyde,Zuberek,F,40000,9999-01-01
475654,Fumiyo,Tibblin,F,40000,9999-01-01
475657,Shahid,Constantine,M,40000,9999-01-01
475663,Mamdouh,Borstler,M,42884,9999-01-01
475666,Kazuhiko,Veevers,M,81764,9999-01-01
475670,Hitomi,Billawala,M,56363,9999-01-01
475671,Sangeeta,Rosar,M,59781,9999-01-01
475676,Bowen,Vakili,M,45586,9999-01-01
475681,Dinkar,Kinley,M,54024,9999-01-01
475687,Aimee,Anandan,M,81378,9999-01-01
475692,Inderjeet,Crabtree,F,50693,9999-01-01
475706,Yannik,Marrakchi,F,61514,9999-01-01
475707,Randy,Kaltofen,F,41645,9999-01-01
475709,Godehard,Restivo,M,52766,9999-01-01
475719,Gererd,Kaiserswerth,M,58799,9999-01-01
475722,Greger,Boudaillier,M,40000,9999-01-01
475724,Susanta,Figueira,M,57905,9999-01-01
475725,Bokyung,Khalid,F,40000,9999-01-01
475508,Heng,Miculan,M,88331,9999-01-01
475521,Magdalena,Hopewell,M,61805,9999-01-01
475746,Tze,Tsunoo,M,52207,9999-01-01
475756,Susumu,Ballarin,F,44916,9999-01-01
475760,Billur,Hockney,F,62078,9999-01-01
475523,Tomoyuki,Socorro,M,67923,9999-01-01
475767,Renee,Jansch,F,40000,9999-01-01
475769,Kazuhisa,Ritzmann,F,68794,9999-01-01
475774,Vincent,Coombs,M,40000,9999-01-01
475525,Shaunak,Sullins,F,65993,9999-01-01
475781,Chinhyun,Plump,M,73661,9999-01-01
475564,Elgin,Gladwell,F,82894,9999-01-01
475787,Zhiwei,Ramsak,M,76562,9999-01-01
475790,Honglan,Goldhammer,M,60724,9999-01-01
475809,Parke,Stifter,M,71852,9999-01-01
475810,Martial,Bellone,M,61994,9999-01-01
475573,Jackson,Luga,M,62651,9999-01-01
475814,Yannik,Rodier,M,82064,9999-01-01
475816,Tonny,Siksek,M,76834,9999-01-01
475817,Djelloul,Stassinopoulos,M,51376,9999-01-01
475576,Herb,Merey,F,46971,9999-01-01
475820,Cedric,Erol,F,40000,9999-01-01
475581,Perla,Veccia,F,40000,9999-01-01
475599,Mototsugu,Versino,M,42357,9999-01-01
475847,Felicidad,Georgakopoulos,M,89055,9999-01-01
475856,Halsur,Champarnaud,M,40000,9999-01-01
475860,Brigham,Broomell,F,80427,9999-01-01
475862,Zengping,Falck,M,51495,9999-01-01
475611,Sailaja,Bruckman,M,42275,9999-01-01
475867,Vincent,Conti,F,57222,9999-01-01
475868,Taiji,Molenkamp,F,40000,9999-01-01
475871,Ziya,Demke,M,41972,9999-01-01
475875,Debatosh,Huxford,F,48210,9999-01-01
475613,Irene,Steinauer,M,74690,9999-01-01
475880,Szabolcs,Tetzlaff,M,58031,9999-01-01
475882,Duke,Marzano,M,40000,9999-01-01
475886,Adam,Vecchio,M,86937,9999-01-01
476008,Uriel,Puoti,M,50511,9999-01-01
475890,Manibrata,Picht,M,40000,9999-01-01
475897,Manibrata,Iacovou,M,42237,9999-01-01
475917,Urs,Narahari,F,40000,9999-01-01
475920,Bogdan,Matzke,F,64992,9999-01-01
475924,Tran,Herath,M,40000,9999-01-01
475927,Geoff,Stassinopoulos,F,79505,9999-01-01
475933,Yechiam,Streng,F,40000,9999-01-01
475934,Arch,Munoz,M,55942,9999-01-01
476016,Jasminko,Minakawa,F,43287,9999-01-01
475946,Ulf,Marsiglia,M,54582,9999-01-01
475947,Kwangjo,Chimia,F,44202,9999-01-01
475949,Stamatina,Kitsuregawa,M,41531,9999-01-01
476036,Janalee,Murthy,F,40000,9999-01-01
475957,Yishay,Schapiro,M,45529,9999-01-01
475961,Udaiprakash,Gustavson,F,50849,9999-01-01
475962,Rasiah,Steenbeek,F,92001,9999-01-01
475967,Francesca,Merle,M,44836,9999-01-01
475972,Huican,Zambonelli,F,77235,9999-01-01
476042,Constantijn,Uhrig,F,65865,9999-01-01
476057,Charlene,Perna,M,40000,9999-01-01
476082,Youngkon,Vesna,M,40000,9999-01-01
476181,Younwoo,Zumaque,M,40000,9999-01-01
476184,Shahid,Hofman,M,47285,9999-01-01
476190,Nathan,Porenta,M,40000,9999-01-01
476083,Chiradeep,Garigliano,F,43847,9999-01-01
476203,Ohad,Mateescu,M,45056,9999-01-01
476084,Reinhard,Ranst,M,53326,9999-01-01
476086,Shaleah,Broder,M,68686,9999-01-01
476222,Kristian,Mellouli,F,70325,9999-01-01
476224,Alejandra,dAstous,M,43045,9999-01-01
476097,Arnould,Raoux,M,62076,9999-01-01
476239,Hein,McFarlin,M,40000,9999-01-01
476244,Shem,Krone,M,42428,9999-01-01
476100,Munir,Landherr,F,81045,9999-01-01
476105,Flemming,Stamatiou,M,40000,9999-01-01
476106,Guiseppe,Mitsuhashi,M,67080,9999-01-01
476132,Toney,Pardalos,M,40000,9999-01-01
476282,Ohad,Mullainathan,M,71147,9999-01-01
476290,Roded,Junot,M,40000,9999-01-01
476309,Tsz,Vadhan,F,51732,9999-01-01
476311,Mihalis,McFarlan,F,43981,9999-01-01
476314,Jinxi,Gente,F,54318,9999-01-01
476146,Masali,Legleitner,M,40000,9999-01-01
476315,Sushant,Angelopoulos,M,40000,9999-01-01
476319,Toshimi,Hiyoshi,M,64373,9999-01-01
476329,Oldrich,Vilarrasa,F,41177,9999-01-01
476158,Bodh,Serre,F,57570,9999-01-01
476345,Mang,Gubsky,F,70484,9999-01-01
476347,Bojan,Morrow,M,48995,9999-01-01
476353,Mads,Veeraraghavan,F,40000,9999-01-01
476354,Arto,Vidal,M,53353,9999-01-01
476364,Yongmao,Takanami,F,71924,9999-01-01
476165,Mads,Demke,F,40000,9999-01-01
476166,Subhada,Quittner,M,102411,9999-01-01
476167,Genta,Dulli,M,73270,9999-01-01
476178,Piyawadee,Chimia,M,40000,9999-01-01
476367,Jiang,Desikan,M,55872,9999-01-01
476180,Basant,Lueh,M,57236,9999-01-01
476394,Susanne,Pillow,F,40000,9999-01-01
476558,Christoper,Chelton,M,40000,9999-01-01
476396,Gaurav,Alameldin,F,42393,9999-01-01
476410,Akemi,Gunderson,F,42232,9999-01-01
476423,Kristof,Iisaka,M,40000,9999-01-01
476564,Zhilian,Brookner,M,89450,9999-01-01
476434,Rosita,Beutelspacher,M,40053,9999-01-01
476584,Gonzalo,Noriega,M,85190,9999-01-01
476448,Lene,Wielonsky,M,57852,9999-01-01
476449,Tamiya,Tyugu,M,43401,9999-01-01
476454,Fatemeh,Baca,M,52767,9999-01-01
476456,Remko,Rodiger,M,79125,9999-01-01
476468,Sasan,Zlotek,F,42961,9999-01-01
476469,Mayumi,Lamma,M,53893,9999-01-01
476587,Sukumar,Huhdanpaa,M,65704,9999-01-01
476478,Rosli,Perez,M,51047,9999-01-01
476492,Gully,Dichev,M,42490,9999-01-01
476495,Lijia,Honiden,M,66669,9999-01-01
476509,Mizuhito,Kornyak,M,55586,9999-01-01
476510,Alagu,Gimarc,M,78172,9999-01-01
476533,Xumin,Penn,M,42720,9999-01-01
476542,Huei,Tempesti,F,67315,9999-01-01
476596,Lijie,Kaminger,F,69815,9999-01-01
476618,Achilleas,Kawashimo,F,40000,9999-01-01
476621,Janalee,Terlouw,M,56574,9999-01-01
476742,Sanjit,Matzen,M,40000,9999-01-01
476628,Hinrich,Plesums,M,54874,9999-01-01
476652,Baziley,Lichtner,M,40000,9999-01-01
476761,Baziley,Morrey,F,65324,9999-01-01
476783,Gino,Leaver,F,44375,9999-01-01
476657,Georgy,Sabnani,M,43074,9999-01-01
476796,Navin,Kilgour,F,53043,9999-01-01
476807,Peer,Pusterhofer,F,40000,9999-01-01
476671,KayLiang,Winter,M,69663,9999-01-01
476815,Yonghong,Camurati,M,41917,9999-01-01
476819,Jianhao,Pehl,M,49333,9999-01-01
476822,Yongqiao,Merli,M,64177,9999-01-01
476825,Hiroyasu,Kitsuregawa,F,42705,9999-01-01
476829,Rosita,Godskesen,M,47314,9999-01-01
476702,Uwe,Speel,M,55589,9999-01-01
476865,Vasilis,Imataki,M,49365,9999-01-01
476724,Kagan,Kamble,M,61699,9999-01-01
476894,Serap,Grospietsch,F,40000,9999-01-01
476898,Ronghao,Bratten,M,53315,9999-01-01
476733,Nechama,Bach,M,40000,9999-01-01
477115,Alassane,Velasco,M,63520,9999-01-01
476922,Idoia,Kobuchi,F,63001,9999-01-01
477118,Hatim,Hutton,F,45230,9999-01-01
476933,Mayuri,Kobara,M,40000,9999-01-01
476935,Emdad,Magliocco,F,40000,9999-01-01
477126,Shan,Chinin,M,41119,9999-01-01
477133,Chikara,Gubsky,F,40000,9999-01-01
476954,Djelloul,Talmon,M,40000,9999-01-01
477135,Gilbert,Vrecion,F,69061,9999-01-01
477140,Christfried,Murrill,M,77748,9999-01-01
476983,Ziyad,Molberg,F,55364,9999-01-01
476987,Margareta,Cheshire,M,60162,9999-01-01
477142,Mrinalini,Stenning,M,93323,9999-01-01
477144,Augustine,Pramanik,M,72952,9999-01-01
476997,Bowen,Gente,M,55488,9999-01-01
476998,Xinan,Uhrig,F,40748,9999-01-01
477145,Georgy,Gilg,M,50694,9999-01-01
477013,Kristina,Peng,M,70283,9999-01-01
477158,Kazuhiro,Birrer,M,51118,9999-01-01
477017,Achilleas,Matteis,M,50163,9999-01-01
477019,Tomokazu,Spinelli,M,40000,9999-01-01
477030,Alois,Siksek,F,40000,9999-01-01
477160,Florian,Streit,F,40000,9999-01-01
477037,Zhaofang,Montresor,F,40000,9999-01-01
477194,Xianlong,Furedi,M,49694,9999-01-01
477054,Arup,Emiris,M,69806,9999-01-01
477061,Shigeu,Luft,F,56780,9999-01-01
477065,Ult,Brickell,F,40000,9999-01-01
477081,Aria,Cannata,M,81624,9999-01-01
477197,Stevo,Spataro,F,72028,9999-01-01
477199,Xinan,Paciorek,M,45199,9999-01-01
477096,Aleksander,Puppe,M,45588,9999-01-01
477232,Dipayan,Zielinski,F,51982,9999-01-01
477291,Hidekazu,Gilg,F,40000,9999-01-01
477238,Bangqing,Rathonyi,F,40000,9999-01-01
477298,Zengping,Denny,M,87321,9999-01-01
477302,Chenxi,Budinsky,F,81493,9999-01-01
477303,Kousuke,Zambonelli,F,60691,9999-01-01
477246,Mara,Zeilberger,F,78607,9999-01-01
477308,Alejandra,Brandsma,M,66022,9999-01-01
477309,Steve,Simmel,F,40000,9999-01-01
477312,Fay,Ramalingam,M,93351,9999-01-01
477314,Premal,Hanratty,M,40000,9999-01-01
477255,Serenella,Juneja,F,45672,9999-01-01
477337,Margareta,Osgood,F,86528,9999-01-01
477271,Susanna,Gyimothy,F,40000,9999-01-01
477345,Aleksander,Linares,F,40000,9999-01-01
477348,Clyde,Fioravanti,F,46041,9999-01-01
477358,Minghong,Siegrist,M,103418,9999-01-01
477274,Michaela,Crabtree,M,43861,9999-01-01
477366,Kyoichi,Azadmanesh,M,61548,9999-01-01
477370,Odinaldo,Badache,F,80048,9999-01-01
477275,Sachio,Marletta,M,71600,9999-01-01
477381,Yuping,Serdy,M,52503,9999-01-01
477281,Mart,Lorcy,F,49172,9999-01-01
477389,Abdulah,Claffy,M,99593,9999-01-01
477483,Fatemeh,Luga,F,40000,9999-01-01
477399,Aruna,Falby,F,40000,9999-01-01
477428,Qunsheng,Hanratty,M,40000,9999-01-01
477434,Stein,Matzke,M,43445,9999-01-01
477443,Geraldo,Plessier,M,40000,9999-01-01
477444,Babette,Erez,M,40000,9999-01-01
477485,Kwangjo,Schnelling,M,69886,9999-01-01
477497,Ortrud,Pashtan,M,49535,9999-01-01
477461,Kamran,Thiran,F,46404,9999-01-01
477468,Remmert,Papadias,M,65758,9999-01-01
477473,Flemming,Mikschl,M,40000,9999-01-01
477498,Koldo,Majewski,M,70105,9999-01-01
477508,Gonzalo,Bernatsky,M,40000,9999-01-01
477510,Atreyi,Demizu,M,82769,9999-01-01
477514,Angel,Reistad,M,40000,9999-01-01
477671,Mikhail,Segond,M,70403,9999-01-01
477673,Mizuhito,Woycyznski,F,53456,9999-01-01
477523,Patricio,Kavvadias,F,56365,9999-01-01
477678,Naftaly,Serre,M,82138,9999-01-01
477682,Adil,Miyakawa,M,81498,9999-01-01
477684,Taegyun,Rabehasaina,M,40000,9999-01-01
477534,Eckart,Assaf,M,40154,9999-01-01
477700,Huican,Roccetti,M,43362,9999-01-01
477701,Ayonca,Shumilov,F,57329,9999-01-01
477540,Chenyi,Hutter,M,81545,9999-01-01
477543,Alexius,Pouyioutas,M,40000,9999-01-01
477727,Zvonko,Choobineh,M,40000,9999-01-01
477545,Shaunak,Preusig,F,52761,9999-01-01
477734,Vojin,Raney,M,40000,9999-01-01
477738,Nevin,Lamma,M,66106,9999-01-01
477566,Anwar,Gelosh,F,74503,9999-01-01
477747,Maha,Taubman,M,43617,9999-01-01
477756,Pragnesh,Iivonen,M,41767,9999-01-01
477567,Doohun,Bharadwaj,M,46091,9999-01-01
477778,Abdulah,Fadgyas,M,79631,9999-01-01
477571,Gal,Osgood,M,40000,9999-01-01
477783,Bikash,Gajiwala,F,40000,9999-01-01
477574,Lech,Tyugu,M,40000,9999-01-01
477795,Bouchung,Brookman,F,40000,9999-01-01
477580,Nikolaos,Guerreiro,F,57280,9999-01-01
477811,Shai,Whitcomb,F,69348,9999-01-01
477584,Honesty,Mateescu,M,40000,9999-01-01
477587,Chrisa,Schonegge,M,63324,9999-01-01
477833,Arup,Luce,M,40000,9999-01-01
477594,Aris,Yoshizawa,M,57364,9999-01-01
477842,Kwangho,Journel,F,40000,9999-01-01
477595,Arto,Linares,M,54120,9999-01-01
477637,Elgin,Pelz,F,40000,9999-01-01
477852,Gad,Rosay,F,61337,9999-01-01
477860,Selwyn,Servi,M,40000,9999-01-01
477874,Navin,Pero,M,50537,9999-01-01
477880,Arvind,Furudate,F,40000,9999-01-01
477883,Taizo,Bennet,F,58884,9999-01-01
477906,Mahendra,Varley,M,83292,9999-01-01
477922,Moriyoshi,Wissmann,F,56363,9999-01-01
477923,Augustine,Conde,F,78217,9999-01-01
477930,Isamu,Stiles,M,40000,9999-01-01
477652,Atreye,Koshino,M,50315,9999-01-01
477964,Richara,Thiran,F,56004,9999-01-01
477655,Serap,Oxenboll,M,78162,9999-01-01
477985,Beshir,Mattern,M,40000,9999-01-01
477988,Troy,Vanwelkenhuysen,F,53723,9999-01-01
477990,Alejandra,Aingworth,F,40000,9999-01-01
477993,Sanjiv,Chorvat,F,42457,9999-01-01
477658,Giao,Bruckman,M,45661,9999-01-01
478005,Werner,Bage,M,51521,9999-01-01
478033,Tonny,Luiz,F,63705,9999-01-01
478012,Mostafa,Leivant,F,52664,9999-01-01
478027,Mitchel,Pettis,M,40000,9999-01-01
478037,Adib,Halevi,M,52879,9999-01-01
478045,Guoxiang,Hanratty,M,40000,9999-01-01
478052,Kristinn,Matzel,M,67308,9999-01-01
478058,Collette,Akazan,M,88043,9999-01-01
478061,Jackson,Broomell,M,40000,9999-01-01
478234,Mayuri,Bach,F,52177,9999-01-01
478241,Zito,Baik,M,40000,9999-01-01
478075,Alexius,Stavenow,M,66354,9999-01-01
478243,Krisda,Osgood,F,57668,9999-01-01
478250,Ranan,Rissland,M,68809,9999-01-01
478261,Rajmohan,DasSarma,F,59225,9999-01-01
478088,Ung,Vanwelkenhuysen,F,68063,9999-01-01
478264,Sreenivas,Stroustrup,M,48310,9999-01-01
478273,Dulce,Prochazka,F,63269,9999-01-01
478279,Mack,Beeson,M,57220,9999-01-01
478089,Pradeep,Gajiwala,M,40000,9999-01-01
478284,Zeydy,Kropatsch,M,40000,9999-01-01
478095,Gal,Perz,M,75546,9999-01-01
478292,Boguslaw,Fasbender,M,47958,9999-01-01
478296,Kousuke,Ambroszkiewicz,M,48924,9999-01-01
478114,Paloma,Dratva,M,64135,9999-01-01
478303,Candido,Zyda,F,40000,9999-01-01
478316,DAIDA,Erva,M,40000,9999-01-01
478318,Ingmar,Swiler,M,42457,9999-01-01
478320,Doowon,Rosaz,F,51142,9999-01-01
478325,Roddy,Haddadi,M,40000,9999-01-01
478116,Debatosh,Piveteau,F,40000,9999-01-01
478121,Yucel,Ramaiah,M,48398,9999-01-01
478336,Vidya,Gurbaxani,M,48847,9999-01-01
478344,Shahid,Rassart,M,67797,9999-01-01
478125,Kazuhiro,Erez,M,40656,9999-01-01
478350,Halsur,Negoita,M,40000,9999-01-01
478355,Nidapan,Waschkowski,M,40000,9999-01-01
478356,Manu,Syrotiuk,M,63128,9999-01-01
478131,Navid,Pettit,M,57932,9999-01-01
478357,Elrique,Reeker,M,40000,9999-01-01
478358,Tonia,Erman,F,70474,9999-01-01
478360,Sanjiv,Gilg,F,47946,9999-01-01
478134,Ayonca,Lunn,M,57061,9999-01-01
478137,Teiji,Schrift,M,40000,9999-01-01
478379,Kwun,Srimani,M,47855,9999-01-01
478387,Deborah,Vesna,M,40000,9999-01-01
478142,Oscar,Haldar,M,40000,9999-01-01
478395,Wonhee,Bondorf,M,40000,9999-01-01
478146,Srinidhi,Nittel,F,47932,9999-01-01
478152,Eran,Solovay,M,56215,9999-01-01
478165,Toong,Brizzi,F,40000,9999-01-01
478406,Mabo,Mullainathan,F,72769,9999-01-01
478183,Mechthild,Onuegbe,F,40000,9999-01-01
478430,Weicheng,Samarati,M,40000,9999-01-01
478435,Constantijn,Schwabacher,M,80627,9999-01-01
478204,Arne,Narlikar,M,40000,9999-01-01
478457,Tooru,Peron,F,75191,9999-01-01
478458,Kwangho,Koblitz,F,47327,9999-01-01
478474,Satyanarayana,Murthy,M,70740,9999-01-01
478589,Peternela,Leppanen,M,55771,9999-01-01
478496,Goncalo,Swick,F,46734,9999-01-01
478509,Luise,Gerlach,M,83823,9999-01-01
478608,Aemilian,Hemaspaandra,M,40000,9999-01-01
478530,Leif,Katzenelson,M,69685,9999-01-01
478642,Jeong,Erman,F,56447,9999-01-01
478552,Teruyuki,Welham,M,63835,9999-01-01
478572,Chaitali,Cusworth,M,40000,9999-01-01
478581,Susuma,Peek,M,53953,9999-01-01
478647,Tomokazu,Hinsberger,M,40000,9999-01-01
478678,Mario,Sethi,M,95366,9999-01-01
478771,Rasiah,Beznosov,F,47719,9999-01-01
478775,Collette,Iivonen,M,50744,9999-01-01
478779,Ingmar,Vural,M,72087,9999-01-01
478687,Heeju,Ramras,F,66497,9999-01-01
478707,Leszek,Verhoeff,M,45455,9999-01-01
478738,Cordelia,Simmel,M,40000,9999-01-01
478842,Pradeep,Herath,M,40000,9999-01-01
478866,Elrique,Haumacher,F,55403,9999-01-01
478870,Sajjad,Shrader,M,55023,9999-01-01
478742,Renee,Hainaut,F,87702,9999-01-01
478876,Masaki,DasSarma,F,49958,9999-01-01
478878,Xinan,Gist,M,42492,9999-01-01
478758,Zhanqiu,Ranft,F,43096,9999-01-01
478885,Atreyi,Boudaillier,M,65824,9999-01-01
478889,Ortrun,Penn,M,70303,9999-01-01
478972,Shim,Stentiford,M,47190,9999-01-01
478914,Kwun,Munro,F,40000,9999-01-01
478939,Tommaso,Riefers,M,57443,9999-01-01
478985,Katsuo,Gubsky,F,63597,9999-01-01
478996,Mary,Conti,F,59804,9999-01-01
479004,Mountaz,Copas,F,90191,9999-01-01
479147,Greger,Babb,M,40000,9999-01-01
479012,Kazunori,Docker,F,73158,9999-01-01
479162,Hirochika,Motley,M,40000,9999-01-01
479165,Chirstian,Pauthner,M,55691,9999-01-01
479166,Uno,Anger,F,83321,9999-01-01
479167,Mayuri,Backhouse,M,45789,9999-01-01
479017,Hitofumi,Sherertz,F,40000,9999-01-01
479028,Xuejun,Itzigehl,M,40000,9999-01-01
479188,Koldo,Blokdijk,F,68677,9999-01-01
479189,Arnould,Dulin,M,40000,9999-01-01
479035,Samphel,Chaudhury,F,45163,9999-01-01
479038,Mitchel,Morton,M,62821,9999-01-01
479051,Sanjoy,Swen,M,54518,9999-01-01
479229,Arfst,Ritcey,M,40000,9999-01-01
479234,Izaskun,Thiran,M,43828,9999-01-01
479053,Hisao,Kawashima,F,70024,9999-01-01
479065,Hideo,Farrow,M,40000,9999-01-01
479070,Valery,Ozeri,M,48810,9999-01-01
479275,Isamu,Lores,F,43664,9999-01-01
479281,Seongbae,Ghalwash,F,67164,9999-01-01
479074,Noritoshi,Mondadori,M,40000,9999-01-01
479287,Emran,Berztiss,M,62977,9999-01-01
479290,Lobel,Fujisaki,M,49061,9999-01-01
479293,Chandrasekaran,Bage,M,75722,9999-01-01
479091,Mart,Maliniak,M,76079,9999-01-01
479297,Masali,Baby,M,40000,9999-01-01
479304,Pradeep,Wissmann,F,40000,9999-01-01
479307,Ennio,Cappelletti,M,40786,9999-01-01
479333,Lene,Rosiles,M,45269,9999-01-01
479345,Sorina,Boudaillier,F,58075,9999-01-01
479357,Noritoshi,Perez,M,40000,9999-01-01
479097,Clyde,Schaar,F,41660,9999-01-01
479362,Jaroslava,Oxenboll,F,40000,9999-01-01
479366,Mansur,Bultermann,M,41356,9999-01-01
479098,Kendra,Bridgland,M,40000,9999-01-01
479119,Limsoon,Willoner,M,52366,9999-01-01
479396,Mohammad,Blokdijk,F,40000,9999-01-01
479398,Danae,Petersohn,M,43553,9999-01-01
479402,Martina,Perfilyeva,F,65963,9999-01-01
479415,Vatsa,Merle,F,56750,9999-01-01
479120,Leucio,Joslin,M,48310,9999-01-01
479123,Narain,Berstel,F,40000,9999-01-01
479432,Abdelwaheb,England,M,65360,9999-01-01
479438,Sreenivas,Badache,M,40000,9999-01-01
479125,Parviz,Rindone,M,40000,9999-01-01
479516,Fusako,Niizuma,F,50919,9999-01-01
479452,Arunachalam,Penn,F,40000,9999-01-01
479463,Aamod,Isard,F,49481,9999-01-01
479521,JoAnne,Zaiane,M,50875,9999-01-01
479492,Kellie,Beutelspacher,F,58159,9999-01-01
479496,Akeel,Lenart,M,71057,9999-01-01
479502,Fay,Hettesheimer,M,56773,9999-01-01
479528,Saddek,Rodham,F,60523,9999-01-01
479543,Dmitri,Aumann,M,81444,9999-01-01
479559,Yuchang,Monkewich,M,57137,9999-01-01
479562,Temple,Barreiro,M,55311,9999-01-01
479708,Hilary,Dayana,F,53839,9999-01-01
479709,Geoffry,Reghbati,F,64204,9999-01-01
479711,Mara,Heyers,M,68356,9999-01-01
479717,Moheb,Tzvieli,M,62016,9999-01-01
479566,Paraskevi,Manderick,F,75720,9999-01-01
479720,Sivanarayana,Figueira,F,54536,9999-01-01
479721,Elvis,Matzel,M,41043,9999-01-01
479581,Yinghua,Thimonier,M,65061,9999-01-01
479736,Kousuke,Morrin,F,64601,9999-01-01
479743,Nathan,Greenaway,M,48692,9999-01-01
479582,Rafols,Grospietsch,M,51989,9999-01-01
479749,Wilmer,Giaccio,M,54506,9999-01-01
479593,Sampalli,Chvatal,M,40000,9999-01-01
479764,Kazuhisa,Bashian,M,43816,9999-01-01
479778,Sajjan,Naumovich,F,40000,9999-01-01
479595,Aemilian,Litzler,M,52780,9999-01-01
479598,Uriel,Dayang,M,57670,9999-01-01
479791,Vidar,Mamelak,F,74228,9999-01-01
479615,Utpal,Sadowsky,M,40000,9999-01-01
479812,Fuqing,Staudhammer,F,75803,9999-01-01
479813,Mohammed,Vernadat,F,43206,9999-01-01
479821,Takahito,Mundy,F,52712,9999-01-01
479824,Manibrata,Auyong,M,53177,9999-01-01
479620,Heping,Skrikant,F,53547,9999-01-01
479836,Muzhong,Usdin,M,66863,9999-01-01
479625,Itzchak,Parfitt,F,43961,9999-01-01
479850,Sorina,Codenie,M,48435,9999-01-01
479627,Gonzalo,Schaad,M,42087,9999-01-01
479866,Heng,Pellegrinelli,F,40857,9999-01-01
479869,Iara,Ressouche,M,40000,9999-01-01
479634,Ravishankar,Pelc,M,64174,9999-01-01
479878,Kwan,Orlowska,M,40000,9999-01-01
479637,Genta,Marsiglia,F,69894,9999-01-01
479645,Ravishankar,Fontan,M,40000,9999-01-01
479881,Odysseas,Kavvadias,M,51839,9999-01-01
479885,Sariel,Schade,M,71827,9999-01-01
479651,Lena,Roohalamini,F,65730,9999-01-01
479894,Ipke,Gonthier,M,75956,9999-01-01
479676,Marl,Ressouche,M,48898,9999-01-01
479905,Danai,Peir,F,40000,9999-01-01
479906,Duri,Silva,M,40000,9999-01-01
479916,Tianruo,Kamber,M,40000,9999-01-01
479937,Rimli,Kroft,F,51763,9999-01-01
479688,Lijie,Hanratty,M,40000,9999-01-01
479945,Jeong,Paciorek,M,55272,9999-01-01
479958,Uta,Schmezko,F,51035,9999-01-01
479690,Breannda,Fandrianto,F,40000,9999-01-01
480085,Kien,Krider,F,50697,9999-01-01
479975,Kazuhiro,Pews,F,80101,9999-01-01
480003,Uta,Brlek,F,48692,9999-01-01
480018,Zvonko,Kawashimo,F,67906,9999-01-01
480020,Prodip,Gips,F,40000,9999-01-01
480087,Kazunori,Irland,F,50881,9999-01-01
480089,Harngdar,Ferretti,M,45635,9999-01-01
480034,Tokuyasu,Casley,M,48553,9999-01-01
480090,Gad,Krone,M,55000,9999-01-01
480042,Rildo,Brodie,M,40000,9999-01-01
480043,Franziska,Chiola,F,47567,9999-01-01
480044,Sudhanshu,Jording,M,53868,9999-01-01
480091,Morris,Shimshoni,F,40000,9999-01-01
480051,Kwan,Erol,M,45498,9999-01-01
480052,Chinho,Weisert,M,58746,9999-01-01
480093,Masadi,Sambasivam,F,52990,9999-01-01
480059,Honesty,Billingsley,M,70663,9999-01-01
480060,Adas,Radwan,F,45665,9999-01-01
480096,Abdelaziz,Percebois,M,58001,9999-01-01
480102,Przemyslawa,Geffroy,M,40000,9999-01-01
480106,Brewster,Frezza,F,68625,9999-01-01
480114,Shakhar,Suri,M,58228,9999-01-01
480259,Giap,Antonakopoulos,M,40830,9999-01-01
480121,Martina,Benveniste,M,46124,9999-01-01
480271,Zita,Sooriamurthi,M,53938,9999-01-01
480130,Heng,Kinley,M,40000,9999-01-01
480283,Elvia,Barreiro,M,81319,9999-01-01
480289,Dietrich,Verhoeff,M,40000,9999-01-01
480296,Moriyoshi,Birnbaum,M,40000,9999-01-01
480135,Danny,Narahari,M,41663,9999-01-01
480158,Xiaoshan,Gente,M,76812,9999-01-01
480316,Pranay,Feinberg,F,52271,9999-01-01
480317,Suebskul,Passafiume,M,40000,9999-01-01
480319,Alexius,Hiltgen,F,61567,9999-01-01
480320,Djenana,Eugenio,M,84296,9999-01-01
480322,Fumiko,Showalter,F,46006,9999-01-01
480328,Larisa,Tempesti,M,40000,9999-01-01
480337,Jouni,Cichocki,F,40000,9999-01-01
480344,Hatem,Neimat,M,50620,9999-01-01
480175,Elrique,Schmiedel,M,54121,9999-01-01
480349,Khaled,Narlikar,M,40000,9999-01-01
480350,Zijian,Kalloufi,M,72913,9999-01-01
480353,Weiyi,Vural,M,41583,9999-01-01
480355,Taisook,Nooteboom,M,40000,9999-01-01
480366,Chikara,Eiter,M,83998,9999-01-01
480369,Bluma,Desikan,F,40000,9999-01-01
480176,Xiaopeng,Haddadi,F,74254,9999-01-01
480376,Akhilish,Kieras,F,80095,9999-01-01
480190,Kasturi,Brandsma,M,44416,9999-01-01
480192,Dhritiman,Onuegbe,F,72095,9999-01-01
480194,Izaskun,Seghrouchni,F,49679,9999-01-01
480416,Armond,Toyoshima,M,72693,9999-01-01
480199,Fumiyo,Msuda,M,54960,9999-01-01
480432,Domenick,Akiyama,M,40000,9999-01-01
480219,Luise,Lemarechal,M,73818,9999-01-01
480243,Candida,Gerlach,M,81568,9999-01-01
480456,Tse,Chartres,M,51563,9999-01-01
480459,Stevo,Oxman,M,58437,9999-01-01
480463,Mokhtar,Slaats,M,66127,9999-01-01
480484,King,Rosis,M,46936,9999-01-01
480495,Iara,Zongker,F,54636,9999-01-01
480541,Ranga,Quittner,M,71885,9999-01-01
480544,Xianlong,Thambidurai,M,40000,9999-01-01
480244,Etsuo,Pettis,M,40000,9999-01-01
480556,Irene,Kropf,M,82778,9999-01-01
480631,Gao,Kavvadias,F,40000,9999-01-01
480584,Bernardo,Lichtman,M,78822,9999-01-01
480587,Tonia,Trystram,M,50350,9999-01-01
480590,Tzvetan,Asrin,M,40000,9999-01-01
480656,Genki,Colorni,F,47192,9999-01-01
480670,Sanjoy,Penz,F,92833,9999-01-01
480674,Kannan,Giveon,M,42370,9999-01-01
480689,Rasiah,Krider,M,46562,9999-01-01
480823,Ulf,Baig,M,53446,9999-01-01
480825,Georgy,Rosaz,F,62762,9999-01-01
480828,Bernt,Dayang,M,50992,9999-01-01
480841,Hatim,Barriga,F,70497,9999-01-01
480694,Leszek,Schaad,M,40000,9999-01-01
480850,Jasminko,Hardjono,F,54193,9999-01-01
480851,Mani,Christ,M,40000,9999-01-01
480855,Ottavia,Trumbly,F,61618,9999-01-01
480699,Jiafu,Garnick,F,87000,9999-01-01
480859,Stabislas,Morton,M,55029,9999-01-01
480862,Maris,Kropp,F,62893,9999-01-01
480865,Akeno,Lorch,M,40000,9999-01-01
480871,Dipayan,Reutenauer,M,48614,9999-01-01
480711,Srinidhi,Assaf,M,83125,9999-01-01
480883,Hitofumi,Rouquie,M,40000,9999-01-01
480893,Mooi,Morrey,M,50339,9999-01-01
480742,Christoper,Wynblatt,M,40000,9999-01-01
480896,Atreye,Schlumberger,M,40000,9999-01-01
480920,Flemming,Plumb,M,88432,9999-01-01
480926,Guttorm,Magalhaes,M,41350,9999-01-01
480929,Isaac,Chenoweth,F,40720,9999-01-01
480771,Jasminko,Iwayama,M,40000,9999-01-01
480942,Naftali,DasSarma,M,40000,9999-01-01
480966,Duri,Mahnke,M,45654,9999-01-01
480973,Emdad,Gien,M,66454,9999-01-01
480976,Peternela,Katzenelson,F,73027,9999-01-01
480775,Pradeep,Adachi,F,76897,9999-01-01
480981,Arco,Braccini,M,62938,9999-01-01
480788,Idoia,Vesna,M,52949,9999-01-01
480789,Masami,Mahmud,F,64047,9999-01-01
480797,Ugo,Siprelle,M,40000,9999-01-01
480994,Berry,Alpay,M,50832,9999-01-01
480995,Saeko,Argence,M,40000,9999-01-01
481000,Hidefumi,Zirintsis,M,60945,9999-01-01
481005,Remko,Zeilberger,M,40000,9999-01-01
480801,Maren,Benveniste,F,40000,9999-01-01
481017,Mooi,Sethi,F,65872,9999-01-01
481019,Sampalli,Kalorkoti,F,66252,9999-01-01
481179,Remmert,Rosay,F,50684,9999-01-01
481025,Hairong,Apsitis,M,56017,9999-01-01
481040,Shahaf,Serdy,F,74192,9999-01-01
481043,Kersti,Covnot,M,52644,9999-01-01
481182,Domenick,Penttonen,M,74331,9999-01-01
481058,Bouchung,Peral,F,40000,9999-01-01
481200,Seongbae,Bain,M,61682,9999-01-01
481070,Miyeon,Gimbel,F,57299,9999-01-01
481079,Sibyl,Fiutem,M,82735,9999-01-01
481082,Arup,Suermann,M,40800,9999-01-01
481086,Marek,Radivojevic,M,86099,9999-01-01
481202,Bedir,Boguraev,F,77107,9999-01-01
481096,Yongmao,Sadowsky,F,40000,9999-01-01
481222,Zhiwei,Wrigley,M,40000,9999-01-01
481109,Renee,Rosaz,M,51999,9999-01-01
481116,Mokhtar,Famili,M,40000,9999-01-01
481128,Bodo,Gulak,M,40000,9999-01-01
481228,Vishv,Cochrane,F,52131,9999-01-01
481144,Pramod,Honglei,F,40000,9999-01-01
481231,Mahendra,Conry,F,72109,9999-01-01
481152,Zeydy,Schiper,M,57933,9999-01-01
481153,Golgen,Thorelli,M,40000,9999-01-01
481250,Evgueni,Cullers,F,83194,9999-01-01
481165,Vasilis,Thummel,M,62613,9999-01-01
481172,Jaana,Usery,M,62133,9999-01-01
481269,Stepehn,Openshaw,M,40826,9999-01-01
481364,Kazunori,Klassen,M,72548,9999-01-01
481365,Shaleah,Socorro,F,47898,9999-01-01
481367,Sverrir,Billingsley,M,40000,9999-01-01
481273,Halsur,Fontet,M,49045,9999-01-01
481288,Suzette,Chaudhuri,F,56265,9999-01-01
481389,Oldrich,Luon,M,45547,9999-01-01
481398,Lijie,Koblick,F,40000,9999-01-01
481296,Dmitri,Begiun,M,57853,9999-01-01
481307,Hatsukazu,Pappas,M,58325,9999-01-01
481414,Heekeun,Selenyi,F,54042,9999-01-01
481415,Mokhtar,Kaltofen,M,98904,9999-01-01
481419,Masali,Coors,M,44385,9999-01-01
481312,Yefim,Schapiro,M,40000,9999-01-01
481439,Kiam,Marakhovsky,F,79405,9999-01-01
481313,Cullen,Rodier,F,43078,9999-01-01
481447,Baoqiu,Erez,M,50186,9999-01-01
481315,Yuichiro,Petereit,F,82299,9999-01-01
481448,Kensei,Schlenzig,F,41065,9999-01-01
481321,Haldon,Randi,F,51806,9999-01-01
481322,Salvador,Hettesheimer,M,63839,9999-01-01
481475,Jessie,Danley,M,77051,9999-01-01
481476,Yahiko,Silva,M,40000,9999-01-01
481339,Zijian,Thorensen,F,40000,9999-01-01
481496,Christoph,Bonifati,F,55532,9999-01-01
481341,Hidde,Ranka,F,79188,9999-01-01
481502,Bikash,Fordan,F,40000,9999-01-01
481506,Bluma,Rehfuss,F,78393,9999-01-01
481343,Shaunak,Seiwald,F,76598,9999-01-01
481513,Shay,Gustavson,M,52050,9999-01-01
481517,Palash,Peris,M,41151,9999-01-01
481518,Panayotis,Duclos,F,44214,9999-01-01
481350,Ioana,Crabtree,M,59727,9999-01-01
481522,Paddy,Feinberg,M,40000,9999-01-01
481526,Shim,Stemann,M,40000,9999-01-01
481537,Yucai,Munch,M,79081,9999-01-01
481353,Herbert,Schaar,M,50879,9999-01-01
481355,LiMin,Munoz,F,51197,9999-01-01
481358,Dipankar,Spell,M,40000,9999-01-01
481750,Zvonko,Lieberherr,F,43245,9999-01-01
481547,Marin,Rajcani,M,49616,9999-01-01
481551,Akemi,Bednarek,F,51412,9999-01-01
481569,Huican,Hutter,M,54480,9999-01-01
481570,Arnould,Standera,M,60118,9999-01-01
481762,Wojceich,Stranks,M,40000,9999-01-01
481586,Gaetan,Keohane,F,53088,9999-01-01
481588,Jessie,Stranks,F,40000,9999-01-01
481591,Masamitsu,Melski,F,49262,9999-01-01
481599,Hausi,Kawashima,M,48293,9999-01-01
481775,Gao,Hartvigsen,M,90519,9999-01-01
481777,Shooichi,Gruenwald,F,48774,9999-01-01
481787,Dulce,Gecsel,M,40000,9999-01-01
481636,Yannik,Bahl,F,58183,9999-01-01
481640,Khoa,Shrader,M,40000,9999-01-01
481641,Miomir,Hammerschmidt,F,55263,9999-01-01
481645,Pantung,Solares,M,51301,9999-01-01
481652,Roddy,Debuse,M,59516,9999-01-01
481658,Mingsen,Vanwelkenhuysen,F,40566,9999-01-01
481660,Babette,Yeung,F,40000,9999-01-01
481670,Suvo,Bodoff,M,46571,9999-01-01
481679,Nobuyoshi,Hatcliff,M,53514,9999-01-01
481694,Adas,Baumann,M,40000,9999-01-01
481695,Bikash,Pusterhofer,M,40000,9999-01-01
481708,Christfried,Salverda,M,40000,9999-01-01
481712,Vitaly,Jeong,F,53611,9999-01-01
481715,Lene,Cesareni,F,40000,9999-01-01
481722,Mohammad,Ullian,M,61074,9999-01-01
481815,Khedija,Jenevein,M,77284,9999-01-01
481847,Kiyotoshi,Saoudi,M,71425,9999-01-01
481945,Danae,Stiles,F,66543,9999-01-01
481947,Gift,Peac,M,88156,9999-01-01
481953,Yishai,Brickell,F,44244,9999-01-01
481961,Arne,Zumaque,M,56609,9999-01-01
481857,Ulises,Ecklund,F,88307,9999-01-01
481975,Dayanand,Gruenwald,M,66362,9999-01-01
481981,Claudi,Spieker,M,60008,9999-01-01
481983,Odysseas,Servieres,M,40422,9999-01-01
481870,Mansur,Serov,M,70484,9999-01-01
481985,Constantine,Vakili,F,60753,9999-01-01
481991,Serap,Molenkamp,F,49157,9999-01-01
481992,Kwan,Bednarek,M,57800,9999-01-01
481995,Kwok,Snyers,M,40000,9999-01-01
482007,Satyanarayana,Schrooten,M,77469,9999-01-01
481872,Moty,Usdin,F,40000,9999-01-01
481883,Paris,Zeilberger,M,40000,9999-01-01
482020,Manu,Azumi,M,40000,9999-01-01
482024,Byong,Hofting,F,41339,9999-01-01
482035,Conal,Beausoleil,F,40000,9999-01-01
482036,Alper,Badache,F,58215,9999-01-01
481886,Danai,Erdmenger,M,40000,9999-01-01
482050,Vugranam,Shrader,F,41288,9999-01-01
481894,Parke,Yurov,M,53681,9999-01-01
482064,Girolamo,Fairtlough,M,42407,9999-01-01
482112,Ronghao,Bamford,F,40000,9999-01-01
482074,Sven,Strandh,M,40000,9999-01-01
482078,Ohad,Sanella,M,49357,9999-01-01
482087,Guozhong,Skafidas,M,40000,9999-01-01
482091,Garnik,Kuhnemann,M,67974,9999-01-01
482093,Ramzi,Vieri,M,50315,9999-01-01
482095,Tomofumi,Dymetman,F,56568,9999-01-01
482119,Mitsuyuki,Emden,M,56866,9999-01-01
482289,Fumitaka,Cooman,F,40000,9999-01-01
482123,Nobuyoshi,Mungall,M,80935,9999-01-01
482297,Khedija,Lorho,F,41551,9999-01-01
482127,Georgy,Pena,M,40000,9999-01-01
482306,Kiyomitsu,Alencar,F,70984,9999-01-01
482308,Shietung,Georg,M,71343,9999-01-01
482311,Shen,Iisaku,M,40000,9999-01-01
482135,Aris,Albarhamtoshy,M,40000,9999-01-01
482317,Bernice,Engelmann,M,40000,9999-01-01
482144,Kensei,Shinomoto,F,49402,9999-01-01
482333,Harjit,Pelz,F,40000,9999-01-01
482338,Tokuyasu,Waschkowski,M,46027,9999-01-01
482339,Vishwani,Poujol,F,47096,9999-01-01
482345,Lorien,Coney,M,40000,9999-01-01
482150,Przemyslawa,Gluchowski,M,73645,9999-01-01
482355,Golgen,Kulisch,M,44636,9999-01-01
482356,Bikash,Decaestecker,M,73118,9999-01-01
482157,Oscar,Mitzlaff,F,40000,9999-01-01
482363,Lenore,Georg,F,48289,9999-01-01
482366,Adil,Schurmann,M,70161,9999-01-01
482376,Niranjan,Kusakabe,F,40000,9999-01-01
482160,Kamakshi,Kumaresan,M,56407,9999-01-01
482382,Gererd,Maginnis,M,54922,9999-01-01
482386,Subir,McFarlin,F,46579,9999-01-01
482165,Tonny,Makrucki,F,40000,9999-01-01
482391,Arnould,Anger,M,47244,9999-01-01
482172,Moon,Olivero,F,40000,9999-01-01
482404,Ger,Verhaegen,M,40000,9999-01-01
482188,Akemi,Panwar,M,56760,9999-01-01
482413,Zhigen,Melski,F,87411,9999-01-01
482429,Wonhee,Guardalben,M,40000,9999-01-01
482194,Fan,Tasistro,F,51211,9999-01-01
482438,Nathan,Gulik,F,50218,9999-01-01
482207,Satyanarayana,Perl,M,40000,9999-01-01
482458,Zdislav,Bresenham,M,47315,9999-01-01
482460,Breannda,Vieri,F,55202,9999-01-01
482469,Dayanand,Rahier,M,41060,9999-01-01
482214,Dung,Michaeli,M,40000,9999-01-01
482216,Moss,Zumaque,F,62404,9999-01-01
482230,Dinah,Christ,M,40000,9999-01-01
482480,Herbert,Birjandi,M,60053,9999-01-01
482483,Debaprosad,Landherr,M,40000,9999-01-01
482237,Xiaopeng,Ranka,M,40000,9999-01-01
482493,Lalit,VanScheik,M,52339,9999-01-01
482497,Tesuro,Nivat,M,40000,9999-01-01
482268,Dekang,Waschkowski,M,40000,9999-01-01
482514,Geoff,Constantine,F,54857,9999-01-01
482523,Adam,Plessier,M,49571,9999-01-01
482277,Georgy,Detkin,M,40000,9999-01-01
482539,Bikash,Pehl,M,40000,9999-01-01
482541,Teruyuki,Masaki,M,40207,9999-01-01
482282,Ewing,Taneja,M,40000,9999-01-01
482555,Hyuncheol,Mansanne,F,65796,9999-01-01
482659,Zhenbing,Passino,F,48157,9999-01-01
482563,Kayoko,Ratzlaff,M,40000,9999-01-01
482565,Herb,Zlotek,F,40000,9999-01-01
482568,Fai,Tyugu,F,40000,9999-01-01
482573,Ger,Escriba,M,56707,9999-01-01
482577,Masadi,Validov,M,40000,9999-01-01
482583,Danil,Wielonsky,F,65537,9999-01-01
482672,Ymte,Molenaar,M,40890,9999-01-01
482679,Krister,Decleir,F,52437,9999-01-01
482701,Vitaly,Diderrich,M,41412,9999-01-01
482623,Sampalli,Honiden,F,40000,9999-01-01
482625,Siamak,Michaeli,M,69453,9999-01-01
482711,Alois,Jarecki,F,68607,9999-01-01
482640,Shmuel,Chandrasekhar,M,41797,9999-01-01
482648,Kinh,Velardi,M,40000,9999-01-01
482654,Lokesh,Iisaka,M,40000,9999-01-01
482715,Kwangyoen,Guting,F,64039,9999-01-01
482730,Gio,Detkin,F,57918,9999-01-01
482738,Munehiko,Peral,M,45513,9999-01-01
482844,Hauke,Jervis,M,40000,9999-01-01
482747,Sumali,Lichtner,F,40000,9999-01-01
482846,Samphel,Quittner,M,50413,9999-01-01
482856,Sashi,Salvesen,M,69654,9999-01-01
482776,Kristin,Beilner,M,87282,9999-01-01
482862,Shaw,Anido,M,40000,9999-01-01
482863,Xiaobin,Spieker,M,52249,9999-01-01
482868,Arunas,Iivonen,M,40000,9999-01-01
482878,Chikara,Denti,M,83187,9999-01-01
482883,Sanjai,Cheshire,M,40000,9999-01-01
482886,Gritta,Pavlopoulou,M,49818,9999-01-01
482888,Apostol,Brookman,F,51609,9999-01-01
482889,Souichi,Restivo,F,40264,9999-01-01
482894,Greger,Takanami,M,103374,9999-01-01
482909,Magy,Chvatal,M,40000,9999-01-01
482933,Sadegh,Lubachevsky,M,41099,9999-01-01
482935,Xiaoheng,Besancenot,M,40000,9999-01-01
482953,Rafail,Kilgour,F,48693,9999-01-01
482955,Branimir,Zykh,F,40000,9999-01-01
482779,Leah,Nitsch,F,40000,9999-01-01
482968,Premal,Walston,F,51953,9999-01-01
482789,Theron,Marsiglia,F,40000,9999-01-01
482980,Ulf,Domenig,F,40000,9999-01-01
482793,Lech,Walston,F,64621,9999-01-01
482992,Kellyn,Velardi,F,65883,9999-01-01
482994,Miyeon,Garrabrants,M,40000,9999-01-01
482996,Wonhee,Lovengreen,M,40000,9999-01-01
482806,Ebru,Kaminger,F,60094,9999-01-01
482808,Maya,Waeselynck,M,54645,9999-01-01
483019,Kamran,Rosti,M,80419,9999-01-01
482813,Dipayan,Veccia,F,42735,9999-01-01
482816,Freyja,Naumovich,F,50382,9999-01-01
482819,Mostafa,Merkl,M,46536,9999-01-01
482820,Weiye,Barriga,M,60554,9999-01-01
483032,Anneke,Hiroyama,F,77430,9999-01-01
482823,Henk,Sidhu,M,40000,9999-01-01
483033,Jongsuk,Percebois,F,41275,9999-01-01
482828,Quingbo,Kavvadias,M,40000,9999-01-01
483051,Mingdong,Bain,F,59826,9999-01-01
483052,Van,Waschkowski,F,40000,9999-01-01
482829,Arup,Melski,F,72528,9999-01-01
483065,Sudhanshu,Bahi,M,52727,9999-01-01
483212,Chirstian,Birnbaum,M,40000,9999-01-01
483069,Masaru,Baek,M,40000,9999-01-01
483074,Shigeo,Heijenga,M,63748,9999-01-01
483075,Lalit,Lamma,M,51210,9999-01-01
483082,Zito,Pileggi,M,68757,9999-01-01
483083,Oldrich,Gente,M,57301,9999-01-01
483218,Quingbo,Nicolson,M,40000,9999-01-01
483094,Waiman,Servieres,M,40000,9999-01-01
483240,Urs,Ruemmler,M,84367,9999-01-01
483104,Dante,Daescu,M,54450,9999-01-01
483120,Filipp,Ghemri,M,40000,9999-01-01
483123,Masaki,Ducloy,F,40000,9999-01-01
483128,Suzette,Brookner,F,40000,9999-01-01
483251,Bedir,Maquelin,M,40000,9999-01-01
483131,Luise,Narwekar,M,63213,9999-01-01
483135,Khedija,Denos,M,40000,9999-01-01
483136,Marjo,Perko,M,91198,9999-01-01
483253,Tse,Schwartzbauer,F,40000,9999-01-01
483140,Sigeru,Sridhar,F,40000,9999-01-01
483144,Janalee,Morton,F,58365,9999-01-01
483146,Jackson,Krybus,M,40000,9999-01-01
483285,Zhenhua,Baezner,M,51476,9999-01-01
483151,Zhensheng,Clemencon,F,40046,9999-01-01
483158,Sumant,Weisert,M,98793,9999-01-01
483161,Yuguang,Yeung,M,40000,9999-01-01
483162,Mandell,Herath,F,40000,9999-01-01
483300,Giordano,Matzen,F,45692,9999-01-01
483182,Subhada,Lores,M,80602,9999-01-01
483183,Oscar,Ciolek,M,47352,9999-01-01
483185,Khatoun,Ebeling,M,63116,9999-01-01
483189,Guadalupe,Gente,F,40166,9999-01-01
483198,Kazuhiro,Rouquie,F,40000,9999-01-01
483315,Mariangiola,Klassen,M,40000,9999-01-01
483208,Aran,Garnick,M,82835,9999-01-01
483319,Hirochika,Koprowski,M,43208,9999-01-01
483323,Jayesh,Parfitt,M,52902,9999-01-01
483342,Jiakeng,Baik,F,42932,9999-01-01
483396,Fay,Gecsel,M,51839,9999-01-01
483410,Gor,Haraldson,M,40000,9999-01-01
483347,Maik,Guenter,M,58210,9999-01-01
483416,Kwan,Aamodt,F,40000,9999-01-01
483426,Shmuel,Willoner,M,40000,9999-01-01
483428,Owen,Boreale,M,93563,9999-01-01
483429,Marco,Vural,F,40000,9999-01-01
483350,Ramya,Wiegley,F,80212,9999-01-01
483431,Sastry,Perly,M,45804,9999-01-01
483434,Georgy,Aloia,F,80584,9999-01-01
483438,Otmar,Hofstetter,M,53466,9999-01-01
483353,Mizuhito,Litvinov,F,102711,9999-01-01
483448,Fun,Peternell,M,56009,9999-01-01
483354,Ekawit,Speel,M,85178,9999-01-01
483358,Yakichi,Millington,M,40000,9999-01-01
483466,Leszek,Fujisaki,M,55466,9999-01-01
483369,Nidapan,Delaune,F,40000,9999-01-01
483472,Gita,Pesch,F,95637,9999-01-01
483474,JoAnna,Asmuth,M,72528,9999-01-01
483370,Berni,Kumaresan,M,46911,9999-01-01
483374,Sreekrishna,Swiler,M,56651,9999-01-01
483499,Murthy,Vieri,M,54405,9999-01-01
483500,Sanjai,Wossner,F,40156,9999-01-01
483507,Kendra,Kitai,M,40881,9999-01-01
483384,Arne,Varman,M,87651,9999-01-01
483509,Poorav,Seiwald,F,53398,9999-01-01
483519,Duangkaew,Papsdorf,M,40000,9999-01-01
483386,Marla,Horswill,F,42981,9999-01-01
483533,Doowon,Leaver,M,42750,9999-01-01
483539,Gurbir,Hiroyama,M,40000,9999-01-01
483582,Kazuhito,Callaway,M,59887,9999-01-01
483540,Rajmohan,Diderrich,M,53538,9999-01-01
483549,Chaitali,Chenney,M,40000,9999-01-01
483561,Amalendu,Ranft,M,40000,9999-01-01
483572,Bedrich,Stroustrup,F,66467,9999-01-01
483586,Nahla,Pardalos,M,40000,9999-01-01
483601,Duangkaew,Varker,F,40000,9999-01-01
483604,Subhash,Wendorf,F,65260,9999-01-01
483605,Theron,Collette,M,58940,9999-01-01
483770,Zeydy,Szemeredi,M,81600,9999-01-01
483607,Shaowen,Gelosh,F,40000,9999-01-01
483775,Moty,DuBourdieux,M,40000,9999-01-01
483611,Goncalo,Einsfeld,M,57001,9999-01-01
483621,Marin,Dulin,F,62460,9999-01-01
483792,Irena,Unno,M,78174,9999-01-01
483798,Sudharsan,Attimonelli,M,63756,9999-01-01
483801,Sajjan,Rosin,M,59498,9999-01-01
483635,Marsja,Backhouse,M,40000,9999-01-01
483808,Ipke,Peir,F,55242,9999-01-01
483820,Valery,Birrer,F,66925,9999-01-01
483821,Arunachalam,Fujisaki,M,89789,9999-01-01
483828,Tommaso,Codenie,M,40000,9999-01-01
483650,Augustine,Peac,M,40000,9999-01-01
483834,Tse,Oppitz,M,48941,9999-01-01
483835,Yishay,Cools,F,40000,9999-01-01
483840,Manohar,Morrey,M,40000,9999-01-01
483841,Kwan,Swift,F,52327,9999-01-01
483842,Marjo,DiGiano,M,40032,9999-01-01
483846,Chikara,Merks,M,51687,9999-01-01
483847,Feipei,Serot,F,57751,9999-01-01
483849,Yakichi,Flowers,F,75354,9999-01-01
483651,Sanjoy,Slobodova,F,62724,9999-01-01
483854,Deniz,Borstler,F,52196,9999-01-01
483858,Randy,Papadias,F,51289,9999-01-01
483656,Mana,Serot,F,100170,9999-01-01
483864,Zhensheng,Heering,M,44897,9999-01-01
483660,Chinho,Kaiserswerth,M,62458,9999-01-01
483876,Tomofumi,Crouzet,F,63979,9999-01-01
483662,Otmar,Frolund,F,40000,9999-01-01
483926,Supot,Peck,M,78181,9999-01-01
483931,Sadun,Benveniste,M,40000,9999-01-01
483667,Adhemar,Baik,F,40000,9999-01-01
483677,Mario,Impagliazzo,F,45075,9999-01-01
483951,Teunis,Parhami,F,71103,9999-01-01
483954,Ohad,Morrow,M,41059,9999-01-01
483956,Goo,Garrabrants,F,59356,9999-01-01
483959,Yaghout,Welham,M,40000,9999-01-01
483688,Chinho,Peroz,M,40000,9999-01-01
483976,Claude,Gerlach,M,40000,9999-01-01
483690,Shem,Erbe,M,40000,9999-01-01
483981,Shuky,Halevi,M,40000,9999-01-01
483983,Shigeu,Ravishankar,M,84356,9999-01-01
483986,Siamak,Radhakrishnan,F,52464,9999-01-01
483692,Mayumi,Merey,M,54123,9999-01-01
483695,Mamdouh,Sommer,M,40000,9999-01-01
483999,Jouko,Barvinok,M,51637,9999-01-01
484000,Bezalel,Reeker,F,51418,9999-01-01
483717,Jianhao,Paciorek,F,55977,9999-01-01
484010,Udaiprakash,Narahara,F,58273,9999-01-01
484020,Ayakannu,Oppitz,M,49530,9999-01-01
484029,Shaz,Ramsak,F,40000,9999-01-01
484036,Toshimitsu,Kolinko,F,40000,9999-01-01
483737,Tsuneo,Jervis,F,40000,9999-01-01
484047,Danel,Leivant,M,58029,9999-01-01
484055,Shietung,Pena,M,40000,9999-01-01
484066,Arif,Zaccaria,M,80313,9999-01-01
483741,Pohua,Rijckaert,F,40000,9999-01-01
484143,Wayne,Chinal,F,80287,9999-01-01
484086,Marsha,Cullers,M,43185,9999-01-01
484087,Herb,Tagansky,F,79683,9999-01-01
484096,Garnet,Kugler,M,40000,9999-01-01
484105,Hercules,Portugali,F,73819,9999-01-01
484112,Odysseas,Gammage,F,56571,9999-01-01
484153,Claudi,Pardalos,F,40000,9999-01-01
484183,Udi,Cronin,F,52485,9999-01-01
484325,Yuping,Callaway,F,58819,9999-01-01
484329,Mats,Pettis,M,59434,9999-01-01
484188,Aimee,Aloisi,M,40000,9999-01-01
484349,Bluma,Swiss,M,40000,9999-01-01
484352,Munehiro,Nannarelli,M,81121,9999-01-01
484191,Mani,Gente,M,47813,9999-01-01
484356,Narain,Bonifati,M,45727,9999-01-01
484361,Ugo,Hempstead,F,49609,9999-01-01
484193,Zengping,Lemarechal,M,40000,9999-01-01
484368,Yechiam,Litvinov,M,79662,9999-01-01
484201,Huai,Niizuma,F,40000,9999-01-01
484206,Mana,Berstel,M,46490,9999-01-01
484208,Lidong,Ebeling,F,77179,9999-01-01
484396,Janalee,Lortz,F,77049,9999-01-01
484398,Qiwen,Borstler,M,40000,9999-01-01
484403,Arnould,Minakawa,M,40000,9999-01-01
484209,Sanjai,Soloway,F,63518,9999-01-01
484211,Takanari,Henseler,M,40000,9999-01-01
484217,JoAnne,Gomatam,F,62364,9999-01-01
484424,Yifei,Pashtan,M,61588,9999-01-01
484238,Moty,Marzano,M,59291,9999-01-01
484440,Munehiko,Dayang,M,40000,9999-01-01
484447,Christophe,Rajaraman,F,54556,9999-01-01
484456,Emdad,Kalsbeek,M,47388,9999-01-01
484458,Xiaocheng,Bahk,F,52908,9999-01-01
484256,Nobuyoshi,Paludetto,F,40000,9999-01-01
484480,Doohun,Salvesen,M,82103,9999-01-01
484482,Vishv,Improta,M,40000,9999-01-01
484260,Subhada,Sullins,M,40000,9999-01-01
484489,Gritta,Wendorf,F,62981,9999-01-01
484491,Atreye,Maierhofer,F,49931,9999-01-01
484262,Sushant,Bonifati,F,47965,9999-01-01
484499,Sergi,Ramras,M,40000,9999-01-01
484502,Jessie,Matzat,M,40000,9999-01-01
484504,Gou,Orlowski,M,67440,9999-01-01
484271,Hauke,Pettey,M,59800,9999-01-01
484282,Tetsushi,Anick,F,53111,9999-01-01
484286,Prasadram,DasSarma,F,52058,9999-01-01
484305,Tuval,Mawatari,M,78800,9999-01-01
484522,Denis,Paciorek,M,101237,9999-01-01
484532,Arif,Vidya,F,40000,9999-01-01
484318,Weijing,Marchegay,F,58391,9999-01-01
484561,Feiyu,Bridgland,M,79318,9999-01-01
484319,Younwoo,Siprelle,M,46324,9999-01-01
484568,Alexius,Bahr,F,52992,9999-01-01
484694,Salvador,Alvarado,M,42958,9999-01-01
484574,Gal,Thimonier,F,42021,9999-01-01
484583,Xiping,Jording,M,77041,9999-01-01
484597,Alejandro,Barriga,F,64710,9999-01-01
484702,Sanjay,Plotkin,F,42351,9999-01-01
484602,Kenroku,Akiyama,M,64415,9999-01-01
484716,Yinlin,Schlumberger,M,44302,9999-01-01
484605,Keung,Lorho,F,40000,9999-01-01
484610,Jayson,Ranta,F,40000,9999-01-01
484612,Mohan,Junet,F,63793,9999-01-01
484619,Fei,Fargier,M,65097,9999-01-01
484725,Martina,Merel,M,64093,9999-01-01
484637,Randi,Lund,F,40460,9999-01-01
484641,Laurentiu,Pouyioutas,F,54269,9999-01-01
484728,Mokhtar,Rosaz,F,50063,9999-01-01
484651,Mayumi,Nicolson,M,49655,9999-01-01
484730,Subhrajyoti,Solovay,F,70092,9999-01-01
484663,Miyeon,Tetzlaff,F,72947,9999-01-01
484734,Rafols,Keohane,F,45423,9999-01-01
484676,Erez,Barbanera,M,46327,9999-01-01
484736,Radhakrishnan,Stamatiou,F,99120,9999-01-01
484683,Iara,Ranai,M,83839,9999-01-01
484738,Yuriy,Montemayor,M,81593,9999-01-01
484748,Shridhar,Orlowska,M,92989,9999-01-01
484751,Nobuyoshi,Coombs,M,51364,9999-01-01
484754,Mario,Hebert,M,44258,9999-01-01
484777,Chriss,Hettesheimer,F,70018,9999-01-01
484793,Beshir,Vadhan,M,65549,9999-01-01
484900,Deborah,Halevi,M,40000,9999-01-01
484914,Weijing,Crelier,M,76088,9999-01-01
484916,Maren,Hofstetter,M,40000,9999-01-01
484794,Uri,Comte,M,40000,9999-01-01
484799,Peternela,Roohalamini,F,46839,9999-01-01
484928,Yuchang,Litzler,M,40000,9999-01-01
484933,Masako,Beerel,M,72783,9999-01-01
484934,Magy,Aamodt,M,40000,9999-01-01
484808,Siddarth,Bale,F,56207,9999-01-01
484943,Danel,Iivonen,M,48422,9999-01-01
484946,Narain,Fritzsche,F,41272,9999-01-01
484811,Fusako,Schrift,M,40000,9999-01-01
484829,Maris,Hettesheimer,M,40000,9999-01-01
484980,Dulce,Montresor,F,40000,9999-01-01
484985,Fei,Gide,M,49979,9999-01-01
484989,Clyde,Jumpertz,F,68597,9999-01-01
484990,Sham,Bernini,F,40000,9999-01-01
484842,Mack,Conia,M,48531,9999-01-01
484997,Ravishankar,Oppitz,F,40000,9999-01-01
485000,Conor,Quaggetto,M,64730,9999-01-01
485001,Perry,Jiang,M,42642,9999-01-01
485009,Fei,Baer,F,49868,9999-01-01
484856,Martine,Junet,M,40000,9999-01-01
485020,Zito,Zirintsis,F,45845,9999-01-01
485063,Sadok,Gecsel,M,40000,9999-01-01
485037,Ennio,Bolsens,F,40000,9999-01-01
485039,Shugo,Zhang,F,57549,9999-01-01
485041,Chaitali,Bugaenko,M,40000,9999-01-01
485055,Cullen,Zyda,F,40000,9999-01-01
485058,Jamaludin,Curless,F,46873,9999-01-01
485247,Jiakeng,Marchegay,F,40000,9999-01-01
485251,Cedric,Kenevan,M,44473,9999-01-01
485271,Luerbio,Kushner,M,76833,9999-01-01
485309,Ute,Rahier,F,56554,9999-01-01
485069,Alassane,Riexinger,F,42684,9999-01-01
485080,Randy,Cochrane,M,40000,9999-01-01
485330,Guttorm,Stavenow,F,59121,9999-01-01
485341,Mohammed,Validov,F,47489,9999-01-01
485363,Mikhail,Serre,M,59026,9999-01-01
485369,Hyuckchul,Schonegge,M,76410,9999-01-01
485372,Mingdong,Staudhammer,M,40000,9999-01-01
485381,Aral,Vingron,M,60623,9999-01-01
485386,Sadegh,Wynblatt,M,57016,9999-01-01
485387,Hatim,Wendorf,F,40000,9999-01-01
485390,Honglan,Wixon,F,40000,9999-01-01
485404,Bangqing,Hebert,M,40000,9999-01-01
485405,Vidar,Vigier,M,40000,9999-01-01
485083,Holgard,Huxford,M,53317,9999-01-01
485090,Hongzhu,Chinen,F,53410,9999-01-01
485430,Sastry,Rissanen,F,63034,9999-01-01
485130,Eldridge,Brlek,M,40000,9999-01-01
485436,Boguslaw,Ginesta,F,63692,9999-01-01
485443,Guangming,Lyonns,M,46685,9999-01-01
485151,Feipei,Camarinopoulos,F,49035,9999-01-01
485460,Przemyslawa,Karner,F,41526,9999-01-01
485467,Rayond,Peac,F,47718,9999-01-01
485469,Chaosheng,Mitchem,M,40000,9999-01-01
485471,Jaroslava,Marchegay,F,41604,9999-01-01
485476,Wilmer,Fortenbacher,M,47900,9999-01-01
485162,Ekawit,Manderick,F,40000,9999-01-01
485487,Goetz,Roohalamini,M,93536,9999-01-01
485163,Zhensheng,Rusmann,F,42108,9999-01-01
485500,Kristian,Kroon,F,98277,9999-01-01
485170,Kagan,Condotta,F,50637,9999-01-01
485523,Poorav,Rosaz,M,57280,9999-01-01
485172,Stella,Parascandalo,M,40000,9999-01-01
485176,Xudong,Ellozy,M,41507,9999-01-01
485188,Jianhao,Marrevee,F,40000,9999-01-01
485547,Ayonca,Verspoor,F,80559,9999-01-01
485559,Premal,Gist,F,61938,9999-01-01
485568,Inderjeet,Oskamp,M,91903,9999-01-01
485189,Sigeru,Kemmerer,M,40000,9999-01-01
485190,Yongdong,Petereit,M,67234,9999-01-01
485584,Uzi,Aingworth,M,40000,9999-01-01
485191,Yonghoan,Cochrane,M,40000,9999-01-01
485192,Ronghao,Alpin,F,43500,9999-01-01
485602,Baoqiu,Murillo,F,61097,9999-01-01
485195,Pranjal,Nanard,F,47139,9999-01-01
485604,Shem,Tagansky,F,59792,9999-01-01
485198,Snehasis,Vadhan,M,40000,9999-01-01
485205,Yefim,Taneja,M,106305,9999-01-01
485212,Magdalena,Besancenot,M,40000,9999-01-01
485621,Bader,Bratsberg,F,72872,9999-01-01
485625,Huei,Michaels,M,52820,9999-01-01
485214,Yurij,Marquardt,M,56702,9999-01-01
485238,Heather,Gargeya,M,69847,9999-01-01
485640,Fei,Rosiles,M,55239,9999-01-01
485646,Masadi,Farris,M,56976,9999-01-01
485244,George,Bage,F,72054,9999-01-01
485664,Ranan,Stentiford,M,40000,9999-01-01
485803,Manton,Hasham,F,48282,9999-01-01
485681,Fen,Flowers,M,52541,9999-01-01
485692,Erzsebet,Valiente,M,87178,9999-01-01
485704,Adit,Murtha,M,53562,9999-01-01
485807,Hyuncheol,Dulin,M,40000,9999-01-01
485707,Reuven,McClure,M,54377,9999-01-01
485709,Maris,Peternell,F,40000,9999-01-01
485810,Rasikan,Gunderson,F,40000,9999-01-01
485820,Mitsuyuki,Chinal,F,44784,9999-01-01
485729,Demin,Dayang,M,79576,9999-01-01
485742,Mana,Bernardinello,M,40911,9999-01-01
485822,Alenka,Koyama,F,83943,9999-01-01
485754,Perla,Randi,M,73983,9999-01-01
485844,Tsvetan,Monkewich,M,69964,9999-01-01
485757,Fumiya,Ratnaker,M,55751,9999-01-01
485769,Kinh,Wroclawski,M,67304,9999-01-01
485773,Shalesh,Denny,M,70182,9999-01-01
485776,Shunichi,Schach,F,52064,9999-01-01
485777,Piyush,Siepmann,F,78839,9999-01-01
485846,Vishv,Gecsel,M,40000,9999-01-01
485786,Masanao,Kobuchi,F,44500,9999-01-01
485853,Uno,Chepyzhov,M,41484,9999-01-01
485798,Barun,Georgakopoulos,F,68187,9999-01-01
485888,Toshimi,Esteva,M,62070,9999-01-01
485904,Anyuan,Cannane,M,52264,9999-01-01
485997,Filipe,Parfitt,M,45056,9999-01-01
486012,Ramzi,Shanbhogue,F,51735,9999-01-01
485907,Supot,Plavsic,M,63551,9999-01-01
485911,Perry,Haumacher,F,47607,9999-01-01
485912,Keung,Champarnaud,M,52133,9999-01-01
486044,Branimir,Lorch,M,40000,9999-01-01
486046,Shigeichiro,Uehara,M,53869,9999-01-01
485926,Hilari,Beausoleil,F,40000,9999-01-01
486062,Subhash,Luders,M,60321,9999-01-01
486067,Dhritiman,Lichtner,F,50008,9999-01-01
486070,Pasqua,Diderrich,F,79307,9999-01-01
486071,Tse,Thambidurai,F,56465,9999-01-01
485932,Chenye,Gilg,M,40000,9999-01-01
486083,Morrie,Rosenbaum,M,72808,9999-01-01
485940,Mayumi,Delgrange,F,40000,9999-01-01
486101,Gita,Stifter,M,56745,9999-01-01
485946,Pranay,Munch,F,70226,9999-01-01
485948,Idoia,Borstler,M,67083,9999-01-01
485952,Luigi,Vidal,F,40000,9999-01-01
486136,Steve,Nitsche,F,54063,9999-01-01
486140,Giap,Wiegley,M,41031,9999-01-01
485968,Zhongwei,Sankaranarayanan,M,56333,9999-01-01
486143,Fai,Decaestecker,F,40833,9999-01-01
486147,Nidapan,Lubachevsky,M,50300,9999-01-01
486152,Saeed,Guenter,M,56405,9999-01-01
486153,Zorica,Gien,M,40000,9999-01-01
486162,Weidon,Brender,M,71782,9999-01-01
485975,Vincent,Peral,M,82935,9999-01-01
486166,Akeno,Berztiss,M,40000,9999-01-01
486168,Suvo,Roison,F,58457,9999-01-01
486364,Rosalyn,Ramras,F,53182,9999-01-01
486174,Mabo,Sinitsyn,F,57405,9999-01-01
486176,Rayond,Babb,F,41310,9999-01-01
486184,Hideo,Serna,M,40000,9999-01-01
486366,Foong,Billawala,F,41376,9999-01-01
486191,Giri,Collette,M,61474,9999-01-01
486198,Jaroslava,Danner,F,68506,9999-01-01
486372,Hsiangchu,Renear,F,63537,9999-01-01
486203,JoAnna,Gajiwala,F,40000,9999-01-01
486205,Bodh,Baez,F,40875,9999-01-01
486207,Fumino,Valtorta,F,65386,9999-01-01
486393,Kristinn,Aloisi,M,43698,9999-01-01
486210,Minghong,Marletta,F,40000,9999-01-01
486215,Kiyokazu,Zschoche,F,59512,9999-01-01
486246,Shaw,Birch,F,77812,9999-01-01
486249,Claudi,Flexer,F,49546,9999-01-01
486253,Rosalie,Nicolson,F,66849,9999-01-01
486257,Chikako,Caine,M,40000,9999-01-01
486262,Akeno,Genther,M,50001,9999-01-01
486266,Matk,Peron,F,40947,9999-01-01
486278,Theron,Schaad,M,40000,9999-01-01
486283,Demin,Berstel,M,55546,9999-01-01
486284,Venkatesan,Peternell,F,61617,9999-01-01
486288,Behnaam,Ritzmann,F,40000,9999-01-01
486307,Mart,Ruemmler,F,58066,9999-01-01
486315,Sadok,Chorvat,F,76363,9999-01-01
486423,Kasidit,Taneja,F,86725,9999-01-01
486327,Aris,Pero,M,53979,9999-01-01
486335,Teunis,Kushnir,M,41368,9999-01-01
486337,Genta,Morrin,F,40000,9999-01-01
486345,Marsal,Brodie,M,57904,9999-01-01
486426,Elvia,Zirintsis,M,40000,9999-01-01
486429,Debaprosad,Wossner,F,40000,9999-01-01
486452,Petter,Sundgren,M,50707,9999-01-01
486456,Elrique,Bernick,M,49693,9999-01-01
486549,Morris,Quadeer,M,40000,9999-01-01
486553,Toshiki,Schiper,M,69031,9999-01-01
486463,Basim,Christ,M,41671,9999-01-01
486561,Jordanka,Sommen,M,56077,9999-01-01
486562,Radoslaw,Angelopoulos,F,52520,9999-01-01
486568,Kiam,Pappas,M,57499,9999-01-01
486481,JoAnna,Gelosh,M,40000,9999-01-01
486586,Zhenbing,Muchinsky,M,40000,9999-01-01
486496,Jaques,Marshall,F,40000,9999-01-01
486602,Serap,Fabrizio,F,40000,9999-01-01
486620,Torsten,Pluym,F,58825,9999-01-01
486509,Mahendra,Mayerwieser,M,41164,9999-01-01
486630,Tommaso,Mateescu,M,54852,9999-01-01
486631,Elgin,Szmurlo,F,50725,9999-01-01
486639,Chirstian,Kolvik,M,61501,9999-01-01
486512,Sangeeta,Casley,M,51878,9999-01-01
486651,Tse,Bennet,M,40000,9999-01-01
486516,Shih,Kitsuregawa,M,67746,9999-01-01
486658,Neelam,Pfau,F,41690,9999-01-01
486662,Neelam,Brookner,M,82108,9999-01-01
486518,Florian,Pashtan,M,40000,9999-01-01
486674,Adamantios,Luke,M,40000,9999-01-01
486519,Vugranam,Setiz,F,44371,9999-01-01
486679,Aleksander,Kavvadias,M,40000,9999-01-01
486681,Kousuke,Velasco,F,40000,9999-01-01
486522,Uinam,Rahimi,M,40000,9999-01-01
486687,Nirmal,Marciano,M,41980,9999-01-01
486690,Goh,Bahk,F,40000,9999-01-01
486531,Hatem,Siepmann,M,40000,9999-01-01
486693,Sastry,Delaune,M,40689,9999-01-01
486703,Masasuke,Lorcy,M,55039,9999-01-01
486537,Mayuri,Orlowska,M,66692,9999-01-01
486720,Gou,Kumaresan,M,41944,9999-01-01
486540,Maik,Matzke,F,41955,9999-01-01
486925,Saeed,Hatcliff,M,44066,9999-01-01
486726,Vugranam,Aamodt,M,55806,9999-01-01
486734,Jolita,Lukaszewicz,M,40000,9999-01-01
486735,Kristinn,Rotem,M,108053,9999-01-01
486738,Sasan,Dulay,M,53359,9999-01-01
486740,Guiseppe,Cronin,M,41910,9999-01-01
486931,Peternela,Bernini,F,48923,9999-01-01
486752,Toshimo,Scharstein,M,87133,9999-01-01
486753,Chinho,Hitomi,F,79458,9999-01-01
486946,Idoia,Chleq,M,48481,9999-01-01
486775,Lene,Yetim,F,40000,9999-01-01
486776,Narain,Kawashima,M,40000,9999-01-01
486952,Gen,Gimarc,M,40000,9999-01-01
486784,Berni,Verhaegen,M,62228,9999-01-01
486793,Tadahiro,Keustermans,M,43098,9999-01-01
486965,Heather,Gornas,M,42154,9999-01-01
486809,Oldrich,Schmittgen,M,79618,9999-01-01
486820,Basant,Velardi,F,63914,9999-01-01
486966,Lobel,Monkewich,M,40000,9999-01-01
486826,Utz,Erdi,F,40000,9999-01-01
486967,Xiaoqiu,Kalloufi,M,60024,9999-01-01
486828,Sachin,Molenkamp,F,40000,9999-01-01
486831,Ennio,Quadeer,M,58964,9999-01-01
486836,Remko,Klerer,M,72769,9999-01-01
486969,Vishwani,Picci,F,43201,9999-01-01
486840,Volkmar,Picht,F,40000,9999-01-01
486974,Hironobu,Fontan,F,40000,9999-01-01
486977,Jaideep,Baik,M,40000,9999-01-01
486863,Nathan,Polupanov,M,40000,9999-01-01
487005,Atilio,Carrere,M,60393,9999-01-01
486876,Heon,Vecchi,F,40000,9999-01-01
486879,Duangkaew,Ligten,F,55040,9999-01-01
486883,Ayakannu,Deyuan,M,40000,9999-01-01
486887,Fai,Herber,F,52034,9999-01-01
486888,Florina,Veeraraghavan,F,74617,9999-01-01
486894,Kristin,Constantine,F,68337,9999-01-01
487014,Amstein,Schiper,F,66183,9999-01-01
487054,Bernd,Gire,M,40000,9999-01-01
487098,Mana,Poujol,M,48429,9999-01-01
487108,Souichi,Brendel,M,41604,9999-01-01
487058,Fay,Brender,M,41841,9999-01-01
487121,Duangkaew,Litecky,M,42862,9999-01-01
487071,Khoa,Klyachko,M,76046,9999-01-01
487128,Tayeb,Samarati,M,57015,9999-01-01
487130,Alselm,Roison,F,40000,9999-01-01
487075,Nevio,Alvarado,M,66828,9999-01-01
487149,Uno,Suppi,M,40000,9999-01-01
487151,Rosella,Engelmann,M,40000,9999-01-01
487152,Radhia,Stamatiou,M,73795,9999-01-01
487078,Oscal,Seiwald,F,63507,9999-01-01
487163,Przemyslawa,Walstra,M,51801,9999-01-01
487090,Yagil,Oxenboll,M,40000,9999-01-01
487169,Toshimi,Naumovich,M,40000,9999-01-01
487182,Pantung,Kalefeld,F,59129,9999-01-01
487282,Masoud,Beeson,F,40777,9999-01-01
487220,Douadi,Hiraishi,F,62102,9999-01-01
487285,Augustine,Minakawa,M,72097,9999-01-01
487227,Susumu,Delgrande,F,40000,9999-01-01
487231,Eishiro,Wendorf,M,42871,9999-01-01
487286,Insup,Copas,F,53014,9999-01-01
487294,Alenka,Zirintsis,F,46411,9999-01-01
487250,Gita,Gecsei,M,55031,9999-01-01
487258,Larisa,Kroll,F,79457,9999-01-01
487259,Akeno,Klerer,F,66629,9999-01-01
487260,Katsuo,Nyrup,F,72007,9999-01-01
487313,Sushant,Tramer,F,47883,9999-01-01
487265,Ramzi,Sidhu,F,40000,9999-01-01
487268,Samphel,Asmuth,M,60419,9999-01-01
487272,Augustine,Nourani,M,75126,9999-01-01
487276,Chaoyi,Kowalchuk,M,54181,9999-01-01
487280,Adib,Hitomi,M,40000,9999-01-01
487320,Shaw,Nilsson,F,40000,9999-01-01
487350,Krisda,Axelband,M,40000,9999-01-01
487478,Nahid,Weisert,M,40000,9999-01-01
487482,Tayeb,McAlpine,M,40000,9999-01-01
487495,Dekang,Shobatake,M,60621,9999-01-01
487496,Masamitsu,Zaccaria,M,40000,9999-01-01
487358,Godehard,Katalagarianos,M,77639,9999-01-01
487502,Owen,Peris,F,40000,9999-01-01
487503,Bernardo,Maraist,F,40000,9999-01-01
487508,Arfst,Roohalamini,M,52026,9999-01-01
487522,Marlo,Kemmerer,M,68180,9999-01-01
487525,Irena,Buescher,M,73981,9999-01-01
487529,Toshimori,Jiang,M,45898,9999-01-01
487538,Tomokazu,Douceur,M,78135,9999-01-01
487543,Xiping,Menhoudj,M,65120,9999-01-01
487567,Dhritiman,Rahimi,M,40000,9999-01-01
487577,Nidapan,Bottner,F,40000,9999-01-01
487579,Zhongwei,Maksimenko,M,45923,9999-01-01
487580,Guiseppe,Gerteisen,M,40000,9999-01-01
487582,Domenico,Katalagarianos,F,40000,9999-01-01
487359,Tesuya,Horswill,F,62130,9999-01-01
487599,Shai,Plavsic,F,40598,9999-01-01
487601,Aksel,Emiris,F,40000,9999-01-01
487372,Arvind,Rosay,M,81607,9999-01-01
487611,Vasilis,Sethi,F,42632,9999-01-01
487617,Berni,Hainaut,M,66691,9999-01-01
487373,Ingmar,Huxford,F,40000,9999-01-01
487633,Foong,Zweizig,F,46182,9999-01-01
487374,Jayesh,Swiss,M,44550,9999-01-01
487640,Apostol,Vecchi,M,40000,9999-01-01
487384,Heejo,Nourani,F,50213,9999-01-01
487649,Toney,Kornatzky,M,40000,9999-01-01
487385,Stepehn,Felcyn,M,40000,9999-01-01
487393,Keung,Hebert,M,107109,9999-01-01
487651,Itzchak,Cooke,M,40000,9999-01-01
487397,Mara,Farrag,M,54453,9999-01-01
487659,Lakshmi,Fadgyas,F,60485,9999-01-01
487663,Jeane,Brizzi,F,53162,9999-01-01
487667,Valery,Cannard,M,40000,9999-01-01
487405,Ioana,Krychniak,F,40000,9999-01-01
487677,Danny,Kilgour,M,41772,9999-01-01
487684,Houman,Rahier,M,40000,9999-01-01
487686,Geraldo,Munoz,M,64912,9999-01-01
487422,Adhemar,Maksimenko,F,81540,9999-01-01
487692,Padma,Ozeki,F,48600,9999-01-01
487697,Conrado,Marciano,M,58594,9999-01-01
487703,Khedija,Sewelson,F,50080,9999-01-01
487709,Sanjai,Vasanthakumar,F,55406,9999-01-01
487437,Mohammad,Rajcani,M,52809,9999-01-01
487732,Masami,Iisaku,M,40069,9999-01-01
487442,Boutros,Dredge,F,40000,9999-01-01
487743,Chanjung,Kavvadias,F,98960,9999-01-01
487749,Unal,Comte,M,59116,9999-01-01
487444,Aran,Uehara,M,48783,9999-01-01
487758,Sandeepan,Wendorf,M,40000,9999-01-01
487462,Dipayan,Bierbaum,M,40000,9999-01-01
487775,Toshimori,Bennis,M,40000,9999-01-01
487849,Sanjiv,Perna,F,47070,9999-01-01
487789,Val,Bellone,F,40000,9999-01-01
487790,Kolar,Fontan,M,40000,9999-01-01
487792,Nevio,Suessmith,M,52433,9999-01-01
487801,Panayotis,Ferriere,M,40000,9999-01-01
487804,Annemarie,Honglei,M,46325,9999-01-01
487815,Khalil,Pollacia,F,50228,9999-01-01
487869,Uli,Guenter,F,62283,9999-01-01
487825,Hilari,Kropatsch,F,45060,9999-01-01
487831,Urs,Lemarechal,M,46922,9999-01-01
487871,Mantis,Panwar,M,52215,9999-01-01
487884,Yuichiro,Kawashima,F,40000,9999-01-01
487894,Subhankar,Highland,M,58919,9999-01-01
488039,Taegyun,Molenaar,M,59967,9999-01-01
488041,Vasilis,Maccarone,M,72486,9999-01-01
487904,Gererd,Ciolek,F,63153,9999-01-01
488053,Gen,Maraist,F,40000,9999-01-01
488057,Gennady,Schonegge,M,40501,9999-01-01
487941,Haldon,Mahmud,F,46483,9999-01-01
488068,Abdelghani,Sabnani,F,93207,9999-01-01
488074,Giordano,Genther,F,48108,9999-01-01
488077,Isaac,Huxford,M,64398,9999-01-01
488104,Wonhee,Furedi,F,55436,9999-01-01
487974,Masadi,Smailagic,M,40000,9999-01-01
488114,Krister,DuBourdieux,M,40000,9999-01-01
488121,Urs,Schneeberger,M,40000,9999-01-01
488131,Dannz,Rosch,F,58266,9999-01-01
488141,Kristen,Hambrick,M,69816,9999-01-01
488145,Phule,Kavanagh,F,40000,9999-01-01
488149,Shawna,Krichel,M,65572,9999-01-01
487986,Jackson,Geffroy,M,86827,9999-01-01
488164,Kaijung,Bahk,M,40000,9999-01-01
488168,Adil,Kenevan,M,40000,9999-01-01
488018,Adamantios,Zweizig,M,75933,9999-01-01
488180,Kwangyoen,Arlazarov,M,41690,9999-01-01
488183,Shaowei,Hiroyama,M,40000,9999-01-01
488185,Junsik,Hanratty,M,71484,9999-01-01
488189,Tianruo,Serra,M,46774,9999-01-01
488191,Sanjay,Stassinopoulos,F,40000,9999-01-01
488192,Theron,Tiemann,M,46056,9999-01-01
488400,Claudi,Gulla,F,75929,9999-01-01
488209,Shuho,Gulla,M,40000,9999-01-01
488407,Leandro,Codenie,M,50739,9999-01-01
488220,Tetsurou,Ouhyoung,M,74993,9999-01-01
488222,Taisook,Kleiser,M,70936,9999-01-01
488413,Arun,Calkin,F,40000,9999-01-01
488436,Bernardo,Azuma,M,40000,9999-01-01
488246,Paris,Honglei,M,55098,9999-01-01
488249,Macha,Ciolek,M,50257,9999-01-01
488255,Leif,Passafiume,M,56992,9999-01-01
488263,Cristinel,Lamparter,M,66742,9999-01-01
488442,Houman,Wynblatt,M,59977,9999-01-01
488271,Aimee,Rahier,M,40646,9999-01-01
488275,Ulises,Woycyznski,M,76227,9999-01-01
488279,Danny,Rohrbach,F,103444,9999-01-01
488456,Eran,Vesna,F,64753,9999-01-01
488301,Shuzo,Matzen,M,54082,9999-01-01
488460,Shay,Borstler,F,40000,9999-01-01
488474,Chenye,Hainaut,F,65543,9999-01-01
488327,Takushi,Lemarechal,M,40000,9999-01-01
488334,Junsik,Picci,M,40000,9999-01-01
488335,Atreye,Giaccio,F,40012,9999-01-01
488336,Elgin,Fraisse,M,67727,9999-01-01
488338,Yaghout,Pietracaprina,M,44988,9999-01-01
488477,Gregory,Matzel,M,40000,9999-01-01
488339,Muzhong,Yeung,M,47476,9999-01-01
488478,Shugo,Candan,M,42286,9999-01-01
488500,Berto,Rabehasaina,M,47499,9999-01-01
488360,Roselyn,Fioravanti,M,80839,9999-01-01
488364,Taizo,Murillo,F,46255,9999-01-01
488525,Leen,Zolotykh,M,68668,9999-01-01
488530,Guther,Vuskovic,F,66820,9999-01-01
488579,Chaoyi,Hagimont,M,40000,9999-01-01
488580,Bingning,Kieras,M,41656,9999-01-01
488541,Raimond,Luck,M,64090,9999-01-01
488593,Venkatesan,Katalagarianos,F,44739,9999-01-01
488545,Shigeo,Condotta,F,40000,9999-01-01
488566,Sangeeta,Murtha,M,40000,9999-01-01
488627,Sven,Barvinok,M,43377,9999-01-01
488630,Heejo,Muhling,M,55267,9999-01-01
488631,Marsha,Noriega,M,56560,9999-01-01
488637,Hisao,Shiratori,M,76622,9999-01-01
488767,Lubomir,Adachi,M,40000,9999-01-01
488651,Hercules,Werthner,M,53474,9999-01-01
488661,Marlo,Verhaegen,F,63544,9999-01-01
488667,Mayumi,Basagni,F,47281,9999-01-01
488674,Uri,Ressouche,M,52898,9999-01-01
488677,Gila,Bruckman,M,41254,9999-01-01
488682,Ugo,Badache,M,56702,9999-01-01
488691,Debatosh,Bolsens,M,56971,9999-01-01
488705,Nevio,Chenoweth,M,45327,9999-01-01
488721,Yahiko,Selvestrel,F,40000,9999-01-01
488726,Kousuke,Welham,M,53794,9999-01-01
488741,Atreyi,Lunt,F,81424,9999-01-01
488746,Takahiro,Chandrasekhar,M,40000,9999-01-01
488751,Paris,Uludag,M,40000,9999-01-01
488776,Jiann,Schmiedel,M,40000,9999-01-01
488756,Adit,Luke,F,53426,9999-01-01
488794,Bodo,Serdy,M,79213,9999-01-01
488806,Huican,Ranon,M,40000,9999-01-01
488813,Elliott,Gelosh,F,56911,9999-01-01
488963,Conrado,Weisert,M,45256,9999-01-01
488969,Remko,Benzmuller,F,68512,9999-01-01
488818,Masasuke,Tchuente,M,40000,9999-01-01
488980,Vishwani,Reeker,F,40000,9999-01-01
488988,Izaskun,Puppe,M,78940,9999-01-01
488848,Changho,Poehlman,M,43992,9999-01-01
488995,Moon,Morris,M,42922,9999-01-01
488998,Kendra,Hennings,M,69093,9999-01-01
489005,Gilbert,Onuegbe,M,40000,9999-01-01
489010,Youngkon,Skrikant,F,40000,9999-01-01
489015,Boriana,Benzmuller,F,66500,9999-01-01
488857,Arto,Garrabrants,F,40000,9999-01-01
488859,Odysseas,McFarlin,M,50737,9999-01-01
489040,Xiping,Lueh,M,40000,9999-01-01
488877,Magy,Baca,F,64268,9999-01-01
489050,Jeanna,Pramanik,F,63457,9999-01-01
489054,Edwin,Giveon,F,73428,9999-01-01
489060,Kazuhito,Sevcikova,F,40000,9999-01-01
489063,Jianhui,Penn,M,47007,9999-01-01
488881,Aran,Puppo,M,40000,9999-01-01
488882,Kwangsub,Khalil,M,48769,9999-01-01
489088,Basem,Perz,F,40000,9999-01-01
488887,Szabolcs,Iwayama,F,40000,9999-01-01
488894,Boriana,Champarnaud,M,72358,9999-01-01
489117,Constantijn,Gustavson,F,40000,9999-01-01
488907,Reinhold,Kitai,F,40000,9999-01-01
489124,Chandrasekaran,Uhrig,M,40000,9999-01-01
489126,Anestis,Macedo,M,40000,9999-01-01
489128,Nishit,Gluchowski,F,53605,9999-01-01
489130,Guadalupe,Ligten,F,57149,9999-01-01
488910,Moto,Slutz,F,54137,9999-01-01
488928,Adel,Bazelow,M,58425,9999-01-01
489151,Percy,Hoogerwoord,F,49644,9999-01-01
488940,Zhongwei,Beutelspacher,M,57929,9999-01-01
488941,Wayne,Zeidenstein,F,46812,9999-01-01
489318,Uta,Stellhorn,F,50867,9999-01-01
489205,Eran,Cunliffe,M,40000,9999-01-01
489321,Greger,Curless,F,79920,9999-01-01
489215,Conrado,Ritcey,F,40000,9999-01-01
489221,Dulce,Remmers,F,40000,9999-01-01
489325,Qiwen,Furudate,M,40103,9999-01-01
489340,Fuqing,Setlzner,M,67970,9999-01-01
489243,Teiji,Lores,M,40000,9999-01-01
489245,Shrikanth,Steenbeek,M,57847,9999-01-01
489257,Premal,Rissanen,F,66291,9999-01-01
489341,Bernd,Schmezko,F,40000,9999-01-01
489269,Gully,Fontan,M,40000,9999-01-01
489349,Foong,Schapire,M,75443,9999-01-01
489280,Kristen,Fraisse,M,54746,9999-01-01
489350,Oscal,Belinskaya,M,40000,9999-01-01
489352,Mona,Coors,F,53614,9999-01-01
489365,Adhemar,Validov,M,58626,9999-01-01
489367,Waiman,Weiland,M,46673,9999-01-01
489368,Tianruo,Parascandalo,M,55080,9999-01-01
489370,Petter,Beausoleil,M,47197,9999-01-01
489381,Elzbieta,VanScheik,M,44966,9999-01-01
489504,Apostol,Kriebel,M,63259,9999-01-01
489516,Jayesh,Erbe,F,40000,9999-01-01
489389,Claude,Bonifati,F,43702,9999-01-01
489518,Alexius,Dulay,F,49548,9999-01-01
489523,Uriel,Sessa,F,40000,9999-01-01
489528,Stamatina,Henseler,F,49044,9999-01-01
489405,Sarita,Heuter,M,65895,9999-01-01
489536,Rosalyn,Parveen,M,58657,9999-01-01
489410,Falguni,Ratnakar,F,66310,9999-01-01
489560,Soenke,Vesel,M,40000,9999-01-01
489565,Domenick,Brodal,F,40000,9999-01-01
489437,Yuriy,Chelton,M,40000,9999-01-01
489581,Kazunori,Shiratori,F,56167,9999-01-01
489582,Pranav,Ozeki,M,52015,9999-01-01
489595,Arvind,Gomatam,M,40000,9999-01-01
489440,Conor,Jonsson,M,58379,9999-01-01
489618,Denis,Gadepally,M,40000,9999-01-01
489452,Hercules,Sethi,F,62442,9999-01-01
489622,Hinrich,Malinowski,F,69322,9999-01-01
489626,Perry,Hennings,M,40000,9999-01-01
489638,Filipp,Socorro,F,77806,9999-01-01
489464,Marsha,Chepyzhov,M,51998,9999-01-01
489466,Kazunori,Gurbaxani,F,40000,9999-01-01
489663,Troy,Koblick,F,60875,9999-01-01
489669,Danny,Businaro,M,40000,9999-01-01
489467,Fumino,Hofman,F,50856,9999-01-01
489674,Maja,Tramer,M,40000,9999-01-01
489677,Irene,Gill,M,40000,9999-01-01
489680,Divier,Ratzlaff,F,40000,9999-01-01
489471,Val,Jeong,F,40000,9999-01-01
489499,Fun,Nicolson,F,86786,9999-01-01
489688,Amalendu,Fadgyas,M,76911,9999-01-01
489692,Amabile,Farrar,M,40000,9999-01-01
489702,Xiaoqiu,Noriega,F,47203,9999-01-01
489500,Hideo,Bridgland,F,52460,9999-01-01
489880,Nevio,Pearson,M,76897,9999-01-01
489734,Miyeon,Staylopatis,M,68562,9999-01-01
489885,Heng,Guting,M,42590,9999-01-01
489751,Masali,Feldmann,M,46731,9999-01-01
489888,Yahiko,Jumpertz,F,40227,9999-01-01
489758,Marin,Hempstead,M,60459,9999-01-01
489759,Serap,Pell,M,48597,9999-01-01
489889,Slavian,Pillow,M,52387,9999-01-01
489890,Bezalel,Hebert,F,54681,9999-01-01
489893,Yuriy,Niizuma,F,40000,9999-01-01
489782,Jiong,Schnabel,F,60818,9999-01-01
489901,Guther,Schaad,M,61356,9999-01-01
489801,Dante,Lichtner,F,40000,9999-01-01
489805,Pranas,Cools,F,42920,9999-01-01
489909,Amabile,Kampfer,M,40000,9999-01-01
489916,Steve,Munoz,F,40000,9999-01-01
489823,Xiaoheng,Bugrara,M,49719,9999-01-01
489953,Valeska,Collavizza,M,40000,9999-01-01
489835,Chinho,Fortenbacher,M,40000,9999-01-01
489858,Kristen,Iisaku,M,40000,9999-01-01
489860,Paloma,Verhoeff,M,71443,9999-01-01
489862,Franziska,Kornatzky,M,70230,9999-01-01
489969,Chikara,Shimshoni,M,59385,9999-01-01
489972,Sivanarayana,Selenyi,M,40000,9999-01-01
489983,Teruyuki,Zuberek,F,48264,9999-01-01
489985,Atreye,Mandelberg,M,40000,9999-01-01
490071,Claudi,Comte,M,75526,9999-01-01
490100,Khalid,Bressoud,M,49202,9999-01-01
490102,Oguz,Gulik,M,46494,9999-01-01
490104,Adhemar,Lowrie,M,78732,9999-01-01
490109,Kitty,Serre,F,59552,9999-01-01
490127,Mario,Tokunaga,M,44044,9999-01-01
490140,Dmitri,Pramanik,M,49709,9999-01-01
490141,Candido,Danlos,F,71378,9999-01-01
490149,Uli,Zhang,F,73163,9999-01-01
489986,Remco,Impagliazzo,M,53633,9999-01-01
490164,Martina,Mandell,F,41552,9999-01-01
490165,Arvind,Brobst,F,58416,9999-01-01
490168,Lena,Delgrange,M,51790,9999-01-01
489988,Girolamo,Henders,F,93234,9999-01-01
490181,Thodoros,Chelton,M,63620,9999-01-01
490182,Hironoby,Tetzlaff,M,103779,9999-01-01
490183,Guozhong,Hegner,M,43217,9999-01-01
489993,Satyanarayana,Pena,M,46490,9999-01-01
490195,Takanari,Schurmann,M,63517,9999-01-01
490003,Owen,Escriba,M,56818,9999-01-01
490204,Abdelaziz,Waymire,F,62220,9999-01-01
490214,Guttorm,Thimonier,F,60257,9999-01-01
490215,Dannz,Bennis,M,65720,9999-01-01
490010,Kshitij,Ranft,F,53823,9999-01-01
490218,Barun,Famili,F,50677,9999-01-01
490225,Angel,Velasco,M,40000,9999-01-01
490226,Kristinn,Syang,M,63930,9999-01-01
490231,Mori,Siochi,F,58187,9999-01-01
490017,Randi,Percebois,M,40000,9999-01-01
490037,Jagoda,Varman,F,60862,9999-01-01
490242,Padma,Jeansoulin,M,60509,9999-01-01
490249,Sahrah,Riefers,M,40000,9999-01-01
490041,Manohar,Heuter,M,40000,9999-01-01
490250,Elvis,Baez,F,68291,9999-01-01
490251,Youssef,Zweizig,M,90127,9999-01-01
490042,Vivian,Syrotiuk,F,40000,9999-01-01
490264,Hilary,Meriste,M,56640,9999-01-01
490044,Huiqun,Ginneken,F,55847,9999-01-01
490268,Aluzio,Menhardt,M,40000,9999-01-01
490269,Hideyuki,Schaar,M,40000,9999-01-01
490273,Hilary,Luby,F,40000,9999-01-01
490429,Lenore,Kieras,M,40000,9999-01-01
490276,Gudjon,Hutton,M,52180,9999-01-01
490281,Manu,Crabtree,F,52667,9999-01-01
490287,Tran,Itzigehl,M,44571,9999-01-01
490297,Danil,DuCasse,M,40000,9999-01-01
490438,Kamran,Azadmanesh,F,56311,9999-01-01
490310,Monique,Camarinopoulos,M,51623,9999-01-01
490452,Nirmal,Muniz,F,40000,9999-01-01
490331,Zito,Peris,F,40000,9999-01-01
490337,Faiza,Clemencon,M,40000,9999-01-01
490338,Changho,Bernardeschi,M,63787,9999-01-01
490344,Jayesh,Horswill,M,40000,9999-01-01
490345,Aleksandar,Coullard,M,46768,9999-01-01
490453,Eckart,Baik,M,40000,9999-01-01
490462,Manibrata,Fraisse,M,40000,9999-01-01
490381,Sangeeta,Tanemo,M,40000,9999-01-01
490467,Mayuri,Schwartzburd,F,40000,9999-01-01
490387,Mads,Haddadi,F,42916,9999-01-01
490468,Fayez,Vidal,M,66375,9999-01-01
490397,Sorina,Heuter,F,73357,9999-01-01
490398,Valeska,Ozeri,F,45094,9999-01-01
490474,Jinxi,Suppi,M,60008,9999-01-01
490406,Zhongwei,Rubsam,M,71789,9999-01-01
490408,Paloma,Khamsi,M,53717,9999-01-01
490410,Teunis,Uehara,M,47817,9999-01-01
490476,Vugranam,Matteis,M,47114,9999-01-01
490420,Lansing,Heuser,F,40000,9999-01-01
490487,Gino,Reistad,F,40000,9999-01-01
490494,Sahrah,Molberg,M,44681,9999-01-01
490510,Premsyl,Riefers,M,40000,9999-01-01
490611,Kokou,Chinin,M,60588,9999-01-01
490614,Siddarth,Norsworthy,M,64722,9999-01-01
490616,Taiji,Stifter,F,49803,9999-01-01
490617,Changho,Lampe,M,43076,9999-01-01
490619,Flemming,Orsini,F,54632,9999-01-01
490630,Sadok,Lenart,M,72586,9999-01-01
490518,Rosalie,Serna,M,40000,9999-01-01
490640,JoAnna,Puoti,M,53085,9999-01-01
490643,Subhada,Zongker,F,64673,9999-01-01
490522,Masasuke,Rossi,F,80419,9999-01-01
490652,Constantine,Gronowski,F,40000,9999-01-01
490653,Patricio,Zwicker,M,40000,9999-01-01
490660,Ramzi,Haddadi,M,77509,9999-01-01
490552,Emran,Backhouse,F,43804,9999-01-01
490678,Leen,Griswold,M,40000,9999-01-01
490689,Gian,Leppanen,F,70234,9999-01-01
490698,Shan,Furudate,M,85410,9999-01-01
490703,Jianhui,Bolotov,M,60267,9999-01-01
490572,Changho,Rullman,M,40328,9999-01-01
490713,Reuven,Strandh,F,68478,9999-01-01
490717,Renee,Schnelling,M,43658,9999-01-01
490724,Fabrizio,Tsukune,F,40000,9999-01-01
490725,Marko,Schiper,M,56273,9999-01-01
490581,Greger,Ghemri,M,83610,9999-01-01
490730,Francesca,Chimia,M,59433,9999-01-01
490740,Remko,Haraldson,M,68264,9999-01-01
490582,Vishu,Lanteri,M,50840,9999-01-01
490588,Hairong,Acton,M,40000,9999-01-01
490750,Huican,Foong,F,40000,9999-01-01
490594,Gadiel,Bugaenko,M,56728,9999-01-01
490761,Kristian,Chachaty,M,46194,9999-01-01
490763,Tomoyuki,Laurillard,F,62497,9999-01-01
490799,Mariangiola,Polajnar,M,42509,9999-01-01
490770,Xuejia,Schiper,M,48241,9999-01-01
490777,Apostol,Ritzmann,M,40000,9999-01-01
490786,Martijn,Zizka,F,40000,9999-01-01
490820,Kagan,Simmen,F,40000,9999-01-01
490982,Mountaz,Feinberg,M,58206,9999-01-01
490850,Akeno,Karunanithi,F,50952,9999-01-01
491003,Tzvetan,Krichel,M,63629,9999-01-01
491005,Jeanna,Irland,M,50933,9999-01-01
491008,Kristian,Koblick,F,40000,9999-01-01
491020,Xianlong,Chartres,F,40000,9999-01-01
491024,Lubomir,Pietracaprina,F,58286,9999-01-01
491025,Garnik,Kroon,F,79835,9999-01-01
491028,Deniz,Kaltofen,M,90179,9999-01-01
490857,Domenick,Hammerschmidt,F,40000,9999-01-01
491035,Macha,Delgrande,M,40000,9999-01-01
490858,Sarita,Poujol,M,40000,9999-01-01
491047,Bartek,Rissanen,M,40000,9999-01-01
491053,Martins,Armand,M,67763,9999-01-01
490875,Kwun,Peyn,F,77073,9999-01-01
491058,Younwoo,Negoita,M,40611,9999-01-01
491065,Berry,Huhdanpaa,M,40000,9999-01-01
491073,Mechthild,Denis,M,53284,9999-01-01
491074,Kien,Baar,F,67630,9999-01-01
491077,Tua,Ranze,F,52473,9999-01-01
490888,Berna,Gargeya,M,47995,9999-01-01
491099,Jovan,Iacovou,M,97289,9999-01-01
490890,Fay,Conry,M,40000,9999-01-01
490929,Mingdong,Byoun,F,55175,9999-01-01
491117,Makato,Liedekerke,M,61258,9999-01-01
491128,Howell,Cappelletti,M,40000,9999-01-01
491130,Sven,Speek,F,43016,9999-01-01
491135,Changho,Morton,M,46400,9999-01-01
491150,Ranga,Erdmenger,F,67453,9999-01-01
491153,Zhigen,Emmerich,F,46260,9999-01-01
491165,Subhrajyoti,Zizka,M,40000,9999-01-01
491172,Lansing,Lindenbaum,F,40000,9999-01-01
491211,Lansing,Milicic,M,40000,9999-01-01
491212,Irene,Kleiser,M,57048,9999-01-01
491213,Shaowei,Angot,M,67675,9999-01-01
491217,Ottavia,Makinen,F,54833,9999-01-01
491219,Henk,Gide,F,48068,9999-01-01
491222,Narain,Kemmerer,F,40000,9999-01-01
491237,Avishai,Bednarek,M,40000,9999-01-01
491251,Maria,Nishimukai,F,55897,9999-01-01
491253,Duro,Pfau,M,40000,9999-01-01
491269,Jixiang,Egerstedt,M,60049,9999-01-01
491276,Kerryn,Uhrik,M,40000,9999-01-01
491278,Chanjung,Vesna,M,44310,9999-01-01
491279,Leandro,Kranzdorf,M,40100,9999-01-01
491282,Khun,Thorensen,M,61929,9999-01-01
491287,Marin,Bodoff,F,48523,9999-01-01
491289,Hidekazu,Bahr,F,40000,9999-01-01
491303,Faiza,Linares,M,43104,9999-01-01
491325,Herbert,Ruemmler,F,40000,9999-01-01
491326,Munehiko,Welham,F,40000,9999-01-01
491330,Anneli,Bernardinello,M,44013,9999-01-01
491339,Jeong,Lanzelotte,M,49408,9999-01-01
491362,Padma,Falco,F,40000,9999-01-01
491380,Phillip,Linares,F,79287,9999-01-01
491391,Yakichi,Zolotykh,F,45473,9999-01-01
491399,Candido,Brender,M,61713,9999-01-01
491410,Satyanarayana,Percebois,M,65095,9999-01-01
491412,Chuanyi,Pettit,F,58725,9999-01-01
491415,Sanjoy,Nations,M,76426,9999-01-01
491426,Ravishankar,Roccetti,F,71679,9999-01-01
491433,Remzi,Bodoff,F,40000,9999-01-01
491435,Danny,Codenie,F,60781,9999-01-01
491436,Taisook,Vecchi,M,56012,9999-01-01
491442,Aluzio,Nitsch,M,40000,9999-01-01
491458,Suzette,Copas,M,40000,9999-01-01
491459,Jiann,Gewali,F,72969,9999-01-01
491465,Ramzi,Karner,F,53504,9999-01-01
491466,Reinhold,Rettelbach,M,64550,9999-01-01
491484,Shugo,Oberman,M,58035,9999-01-01
491486,Amabile,Antonisse,M,73745,9999-01-01
491489,Harjit,Braccini,M,40000,9999-01-01
491496,Jeanne,Meszaros,M,40000,9999-01-01
491516,Neelam,Heiserman,F,51020,9999-01-01
491533,Kiam,Schlegelmilch,F,50358,9999-01-01
491546,Anwar,Denti,M,40000,9999-01-01
491547,Krassimir,Matzat,M,89297,9999-01-01
491555,Vasiliy,Tibblin,M,46244,9999-01-01
491562,Ewing,Denis,M,74026,9999-01-01
491570,Arvin,Coney,M,40000,9999-01-01
490930,Tua,Godskesen,F,89194,9999-01-01
490942,JoAnna,Restivo,M,40000,9999-01-01
491593,Jackson,Herath,M,48230,9999-01-01
491594,Sumant,Trachtenberg,M,40000,9999-01-01
491598,Arra,Bade,F,65835,9999-01-01
491599,Giri,Tibblin,F,40000,9999-01-01
490945,Moriyoshi,Schiettecatte,F,40000,9999-01-01
491606,Moie,Gaughan,M,40000,9999-01-01
491612,Kien,Horswill,F,54016,9999-01-01
490966,Godehard,Limongiello,M,43233,9999-01-01
491620,Zhensheng,Heuser,M,57250,9999-01-01
491622,Remko,Stiles,F,40000,9999-01-01
491629,Aamer,Schapiro,M,81500,9999-01-01
491634,Susuma,Pollacia,M,40000,9999-01-01
491636,Janche,Esposito,M,40000,9999-01-01
490967,Siamak,Rahier,F,40000,9999-01-01
491650,Atreyi,Gladwell,M,51071,9999-01-01
490979,Shir,Heping,M,40000,9999-01-01
491659,Xiping,Sidou,M,40000,9999-01-01
491733,Arie,Swick,F,40000,9999-01-01
491695,Rosine,Madeira,F,40000,9999-01-01
491710,Khun,Khalil,F,48043,9999-01-01
491754,Kiyokazu,Rouquie,F,55858,9999-01-01
491719,Steen,Collette,F,77620,9999-01-01
491767,Naftaly,Leslie,M,55222,9999-01-01
491909,Emran,Iisaka,M,68226,9999-01-01
491785,Tianruo,Peris,M,40000,9999-01-01
491917,Quingbo,Coombs,F,64467,9999-01-01
491789,Fumitaka,Schnabel,M,40000,9999-01-01
491942,Ottavia,Masamoto,M,40000,9999-01-01
491943,Moon,Lovengreen,M,40000,9999-01-01
491945,Guenter,Jervis,F,46287,9999-01-01
491949,Uinam,Compeau,M,41570,9999-01-01
491799,Zorica,Peck,M,103529,9999-01-01
491958,Basim,Lorin,M,81905,9999-01-01
491965,Nikolaus,Porotnikoff,M,63554,9999-01-01
491805,Khalid,Trumbly,M,40000,9999-01-01
491977,Jinya,Scharstein,F,77882,9999-01-01
491978,Limsoon,Makinen,F,47072,9999-01-01
491807,Halsur,Tchuente,M,60821,9999-01-01
491987,Francoise,Foong,F,48634,9999-01-01
491813,Kwee,Cronau,M,61892,9999-01-01
492001,Morris,Birch,M,51797,9999-01-01
491816,Yongdong,Krider,M,40000,9999-01-01
492013,Muzhong,Bugrara,F,44932,9999-01-01
491843,Irena,Kusalik,F,54229,9999-01-01
492025,Yishai,Frolund,M,48727,9999-01-01
492026,Takahiro,Callaway,M,77060,9999-01-01
492039,Miomir,Vrecion,F,59540,9999-01-01
492055,Radhia,Baar,M,40000,9999-01-01
492058,Jaques,Menyhert,F,68638,9999-01-01
491847,Danel,Mitzlaff,F,65599,9999-01-01
492067,Zito,Eppinger,M,68483,9999-01-01
491850,Marsal,Lunt,M,69635,9999-01-01
491851,Jaihie,Braccini,M,61163,9999-01-01
491862,Jiann,Gire,M,47000,9999-01-01
491892,Arfst,Gruenwald,M,73423,9999-01-01
492091,Werner,Coombs,F,48967,9999-01-01
492107,Mart,Kitsuregawa,F,42171,9999-01-01
492118,Maha,Murthy,M,67461,9999-01-01
492119,Dipankar,Bennet,F,40000,9999-01-01
492278,Chinhyun,Delgrange,F,67897,9999-01-01
492152,Lubomir,Siprelle,M,50922,9999-01-01
492297,Niteen,Ciolek,F,59105,9999-01-01
492170,Sakthirel,Ushiama,M,49221,9999-01-01
492181,Lech,Turnbull,M,40000,9999-01-01
492184,Malu,Fetvedt,F,50336,9999-01-01
492303,Fun,Reistad,F,80867,9999-01-01
492190,Uma,Baig,F,40000,9999-01-01
492323,Houman,Stanfel,M,96794,9999-01-01
492204,Vitaly,Ulupinar,M,47492,9999-01-01
492225,Ipke,Neiman,M,49132,9999-01-01
492328,Mooi,Tzvieli,F,43811,9999-01-01
492331,Supot,Gustavson,M,40000,9999-01-01
492243,Kyoichi,Chorvat,F,40000,9999-01-01
492335,Khedija,Thorensen,F,44995,9999-01-01
492249,Moss,Kakkad,F,52702,9999-01-01
492337,Greger,Junet,F,81661,9999-01-01
492341,Odysseas,Menhardt,F,60790,9999-01-01
492367,Chuanti,Pellegrinelli,M,60924,9999-01-01
492376,Fuqing,Pagter,F,40000,9999-01-01
492468,JoAnna,Fargier,M,52411,9999-01-01
492472,Youngkon,Peyn,F,49509,9999-01-01
492479,Otilia,Salinas,M,55067,9999-01-01
492493,Yucai,Maliniak,M,40000,9999-01-01
492508,Uno,Eastman,M,51643,9999-01-01
492533,Xiaoheng,Busillo,M,65297,9999-01-01
492538,Almudena,Sury,F,53143,9999-01-01
492555,Hercules,Kropf,M,74864,9999-01-01
492558,Yoshimitsu,Melter,M,40000,9999-01-01
492377,Jianhua,Pollacia,M,71410,9999-01-01
492561,Mantis,Wielonsky,M,47614,9999-01-01
492562,Morris,Valiente,F,86889,9999-01-01
492564,Hiroyasu,Bellmore,M,49036,9999-01-01
492566,Susuma,DasSarma,F,40000,9999-01-01
492383,Mari,Gadepally,M,56686,9999-01-01
492570,Maris,Plotkin,F,56732,9999-01-01
492574,Alain,Georg,F,40000,9999-01-01
492419,Berto,Shanbhogue,M,40000,9999-01-01
492587,Kirk,Salverda,M,58210,9999-01-01
492593,Lalit,Uludag,M,40000,9999-01-01
492597,Bedrich,Takanami,F,40000,9999-01-01
492612,Guangming,Matzke,F,62794,9999-01-01
492614,Xiaoshan,Frolund,M,79697,9999-01-01
492615,Navid,Assaf,M,40000,9999-01-01
492622,Pintsang,Kading,M,75306,9999-01-01
492633,Taiji,Malinowski,M,108328,9999-01-01
492425,Masamitsu,Kopetz,M,40000,9999-01-01
492638,Shaowen,Chinin,M,51867,9999-01-01
492643,Renny,Homond,F,50109,9999-01-01
492428,Adin,Laventhal,M,73220,9999-01-01
492429,Paloma,Pelz,M,64830,9999-01-01
492431,Hsiangchu,Verhaegen,M,79451,9999-01-01
492647,Leen,Madeira,M,87042,9999-01-01
492448,Kristen,Uchoa,F,49046,9999-01-01
492652,Sukumar,Heydon,M,66165,9999-01-01
492663,Parke,Harnett,F,55422,9999-01-01
492671,Zengping,Docker,M,61694,9999-01-01
492835,Khaled,Khalil,M,48427,9999-01-01
492678,Kazuyasu,Pettis,M,67824,9999-01-01
492685,Sashi,Ginesta,M,50753,9999-01-01
492836,Zorica,Kranzdorf,M,40000,9999-01-01
492843,Sven,Lipner,F,47825,9999-01-01
492844,Falguni,Prenel,M,40000,9999-01-01
492867,Ebbe,Baaz,M,42652,9999-01-01
492868,Abdelkader,Trumbly,F,44250,9999-01-01
492875,Sasan,Milicia,M,40000,9999-01-01
492877,Vasiliy,Chinin,M,40000,9999-01-01
492883,Kwangho,Fontet,F,47650,9999-01-01
492887,Soenke,Luby,M,67037,9999-01-01
492911,Jungsoon,Asser,M,48545,9999-01-01
492912,Noritoshi,Braunmuhl,M,40000,9999-01-01
492929,Yannik,Nanard,M,60727,9999-01-01
492938,Kazuhide,Spieker,M,40000,9999-01-01
492694,Boutros,Weedman,M,61838,9999-01-01
492700,Morrie,Yemenis,M,40000,9999-01-01
492710,Kristine,Conta,M,40000,9999-01-01
492711,Zita,Marshall,M,71775,9999-01-01
492727,Wanqing,Brickell,M,72527,9999-01-01
492731,Valery,Valiente,F,56869,9999-01-01
492732,Navid,Ciolek,M,46735,9999-01-01
492736,Taiji,Melton,F,62087,9999-01-01
492738,Jaques,Gammage,M,40000,9999-01-01
492750,Akeno,Sewelson,F,47252,9999-01-01
492943,Satyanarayana,Skogmar,F,40000,9999-01-01
492755,Jinpo,Hartvigsen,F,52513,9999-01-01
492760,Susanna,Llado,F,51356,9999-01-01
492767,Shushma,Tomescu,F,40000,9999-01-01
492771,Odoardo,Aamodt,M,60093,9999-01-01
492775,Pranas,Yavatkar,M,56193,9999-01-01
492777,Demin,Mapelli,F,40000,9999-01-01
492950,Theron,Wilfing,M,56079,9999-01-01
492989,Marjo,Byoun,M,54715,9999-01-01
492799,LiMin,Ramsak,M,70974,9999-01-01
492800,Brigham,Kropf,M,56585,9999-01-01
492806,LiMin,Chinen,M,52952,9999-01-01
493005,Nidapan,Suppi,M,69968,9999-01-01
493008,Yagil,Lanphier,M,49735,9999-01-01
493012,Satyanarayana,Georgatos,M,74867,9999-01-01
493202,Shan,Mikschl,F,40716,9999-01-01
493209,Mani,Zizka,M,40000,9999-01-01
493026,Jiang,Swen,M,64696,9999-01-01
493211,Rosalyn,McDermid,M,40000,9999-01-01
493213,Mats,Maquelin,M,53594,9999-01-01
493037,Elrique,Schwaller,M,56887,9999-01-01
493230,Branimir,Picel,F,73892,9999-01-01
493057,Lijia,Monarch,F,40000,9999-01-01
493068,Navid,Malinowski,F,60226,9999-01-01
493233,Chanjung,Swist,M,42492,9999-01-01
493244,Sajjad,Junet,F,54382,9999-01-01
493084,Tua,Rodite,M,40000,9999-01-01
493261,Demin,Savasere,F,57106,9999-01-01
493269,Berhard,Biron,M,40000,9999-01-01
493115,Shai,Bashian,F,40000,9999-01-01
493116,Pintsang,Heping,F,40000,9999-01-01
493117,Moie,Ullian,M,41410,9999-01-01
493121,Shigeo,Andreotta,M,53455,9999-01-01
493276,Keiichiro,Zirintsis,M,46193,9999-01-01
493136,Poorav,Bojadziev,M,45259,9999-01-01
493285,Gennady,Syrzycki,F,95907,9999-01-01
493141,Kersti,Peroz,F,60960,9999-01-01
493150,Toshiki,Zockler,F,57365,9999-01-01
493155,Jaber,Henders,F,47962,9999-01-01
493163,Eirik,Shrader,F,53890,9999-01-01
493286,Maha,Riesenhuber,F,58075,9999-01-01
493182,Tze,Staelin,M,41091,9999-01-01
493297,Roddy,Kusalik,F,53734,9999-01-01
493191,Margareta,Rusterholz,M,45655,9999-01-01
493199,Gila,Gist,M,41447,9999-01-01
493200,Feiyu,Jansch,M,40428,9999-01-01
493300,Tommaso,Bodoff,M,72213,9999-01-01
493301,Uri,Pardalos,M,40000,9999-01-01
493313,Mohammed,Fabrizio,M,51601,9999-01-01
493387,Zeydy,Gniady,M,66726,9999-01-01
493330,Hidekazu,Lanphier,M,40000,9999-01-01
493407,Tua,Gargeya,F,70789,9999-01-01
493352,Thodoros,Sigstam,F,40000,9999-01-01
493353,Hiroyasu,Sadowsky,M,58403,9999-01-01
493448,Alper,Swist,M,40000,9999-01-01
493453,Fai,Waleschkowski,M,52220,9999-01-01
493354,Marie,Rassart,M,52952,9999-01-01
493368,Siddarth,Orsini,M,51835,9999-01-01
493464,Bader,Tsunoo,M,62930,9999-01-01
493369,Tze,Zielinski,M,41075,9999-01-01
493375,Juichirou,Slobodova,M,66550,9999-01-01
493378,Demos,Flexer,M,85815,9999-01-01
493503,Hidefumi,Potthoff,M,43346,9999-01-01
493504,Shaz,Pfau,M,41908,9999-01-01
493505,Sushant,Basawa,F,40000,9999-01-01
493379,Faiza,Knightly,F,40000,9999-01-01
493509,Zito,Rande,F,52439,9999-01-01
493515,Volkmar,Bade,F,40000,9999-01-01
493519,Sadegh,Papsdorf,F,40000,9999-01-01
493524,Changho,Cooke,F,52369,9999-01-01
493526,Phillip,Ulupinar,M,40000,9999-01-01
493556,Roddy,Yurek,F,40000,9999-01-01
493557,Froduald,Renear,M,87594,9999-01-01
493560,Danny,Henseler,M,40000,9999-01-01
493569,Mikhail,Salvesen,M,57276,9999-01-01
493572,Kamakshi,Sudbeck,M,52640,9999-01-01
493576,Margareta,Prochazka,F,66008,9999-01-01
493581,Shaibal,Nooteboom,F,47456,9999-01-01
493594,Jayesh,Barvinok,F,40000,9999-01-01
493609,Oldrich,Pramanik,M,66048,9999-01-01
493610,Barry,Pena,M,53830,9999-01-01
493617,Nishit,Gulik,M,40000,9999-01-01
493638,Xiaoheng,Pulkowski,M,40000,9999-01-01
493642,Sanjai,Baig,F,61320,9999-01-01
493647,Jayson,Perri,M,40000,9999-01-01
493651,Constantino,Demeyer,M,76890,9999-01-01
493662,Badri,Silva,M,41995,9999-01-01
493665,Weiyi,Zultner,F,40000,9999-01-01
493671,Mikhail,Chiola,M,56912,9999-01-01
493681,Baocai,Mersereau,M,40000,9999-01-01
493683,Magy,Ducloy,F,44546,9999-01-01
493695,Sariel,Camarinopoulos,F,40000,9999-01-01
493715,Dipayan,Binding,M,52856,9999-01-01
493720,Juyoung,Sridhar,M,60399,9999-01-01
493721,Serif,Zielinski,F,58155,9999-01-01
493725,Anneke,Jeansoulin,F,67618,9999-01-01
493738,Jolita,Schreiter,M,51247,9999-01-01
493748,Mircea,Mayerwieser,F,47867,9999-01-01
493754,Amstein,Stifter,M,50316,9999-01-01
493758,Miomir,Biron,M,40000,9999-01-01
493761,Giap,Arlazarov,M,57116,9999-01-01
493763,Dulce,Giveon,M,61860,9999-01-01
493764,Zeydy,Quadeer,F,40000,9999-01-01
493941,Reuven,Redmiles,F,40000,9999-01-01
493788,Maha,Cronau,M,71250,9999-01-01
493789,Elvia,Zirintsis,M,40000,9999-01-01
493800,Constantine,Zallocco,F,58870,9999-01-01
493801,Stein,Pews,F,67352,9999-01-01
493804,Perry,Polupanov,M,53953,9999-01-01
493805,Shim,Yeung,M,75188,9999-01-01
493944,Ziyad,Gulla,M,57380,9999-01-01
493808,Constantijn,Mukaidono,F,40000,9999-01-01
493811,Maja,Asser,M,65509,9999-01-01
493812,Bernardo,Brizzi,M,55902,9999-01-01
493816,Rafail,Harbusch,M,40000,9999-01-01
493949,Zhenhua,Terlouw,M,81349,9999-01-01
493822,Yechezkel,Chappelet,F,63732,9999-01-01
493997,Adamantios,Emiris,F,43338,9999-01-01
493850,Volkmar,Fargier,M,40000,9999-01-01
493854,Qunsheng,Melski,M,44811,9999-01-01
493855,Fusako,Iacovou,M,71198,9999-01-01
493862,Weiye,Radivojevic,M,74623,9999-01-01
493871,Nimmagadda,Butterworth,M,51931,9999-01-01
493872,Ugo,Tsukuda,M,40000,9999-01-01
493999,Arvind,Driscoll,F,40000,9999-01-01
494007,Ioana,Zschoche,M,40000,9999-01-01
493894,Hairong,Comyn,M,47599,9999-01-01
493901,Doowon,Gischer,M,40000,9999-01-01
493903,Takahiro,Kornyak,M,56090,9999-01-01
494008,Guadalupe,Roohalamini,F,51654,9999-01-01
493910,Marl,Swick,F,40000,9999-01-01
494022,Froduald,Langford,M,48509,9999-01-01
493916,Kristen,Jayawardene,M,40000,9999-01-01
494051,Katsuo,Birdsall,F,40000,9999-01-01
494128,Brewster,Chiodo,M,110843,9999-01-01
494068,Kerryn,Swiss,M,76439,9999-01-01
494136,Florian,Edelhoff,M,78047,9999-01-01
494070,Ghassan,Preusig,M,58327,9999-01-01
494149,Gully,Hoppenstand,M,51922,9999-01-01
494078,Valery,McDermid,F,40000,9999-01-01
494155,Byong,Schwabacher,M,77581,9999-01-01
494156,Pohua,McFarlan,M,40000,9999-01-01
494163,Ghassan,Mahnke,M,54999,9999-01-01
494099,Waiman,Irland,F,73599,9999-01-01
494166,Marit,Khalid,F,40000,9999-01-01
494100,Morrie,Riesenhuber,M,74487,9999-01-01
494199,Takanari,Gyimothy,M,55929,9999-01-01
494105,Mabhin,Himler,M,75236,9999-01-01
494207,Marl,Rande,M,40000,9999-01-01
494114,Vitaly,Danley,F,47776,9999-01-01
494219,Ekawit,Papsdorf,M,56979,9999-01-01
494222,Masali,Perfilyeva,F,51022,9999-01-01
494316,Dekang,Merlo,M,55135,9999-01-01
494234,Randi,Stafford,M,52012,9999-01-01
494270,Kasturi,Jonsson,M,88487,9999-01-01
494273,Shahab,Rotem,M,75074,9999-01-01
494300,Zeljko,Oberman,F,80772,9999-01-01
494301,Rosalie,Beutelspacher,M,40000,9999-01-01
494319,Pradeep,Peha,F,65203,9999-01-01
494327,Lillian,Nitto,F,40000,9999-01-01
494339,Uno,Danley,F,40000,9999-01-01
494355,Koichi,Reutenauer,M,40000,9999-01-01
494522,Florina,Koshiba,M,66871,9999-01-01
494524,Toshiko,Jonsson,F,46966,9999-01-01
494366,Fumiya,Taubenfeld,M,40000,9999-01-01
494548,Goetz,Peral,F,47302,9999-01-01
494554,Vojin,Siksek,F,40000,9999-01-01
494375,Kwun,Shackell,M,53523,9999-01-01
494574,Gudjon,Renear,F,40000,9999-01-01
494381,Isaac,Ushiama,F,77582,9999-01-01
494583,Lalit,Stenning,M,54082,9999-01-01
494585,Tomokazu,Erie,M,40000,9999-01-01
494586,Youngkon,Bala,M,40000,9999-01-01
494587,Amstein,Bridgland,M,54637,9999-01-01
494392,Emdad,Ernst,M,86130,9999-01-01
494400,Yongqiao,Schicker,F,79554,9999-01-01
494610,Arie,Mandelberg,F,40000,9999-01-01
494404,Menkae,Mapelli,M,56415,9999-01-01
494406,Vincent,Babb,M,55211,9999-01-01
494627,Ramalingam,Schmittgen,M,50195,9999-01-01
494422,Constantine,Schwaller,F,50675,9999-01-01
494634,Garnet,Coombs,M,51202,9999-01-01
494642,Yishai,Siksek,M,57404,9999-01-01
494644,Steen,Langford,M,40000,9999-01-01
494648,Junichi,Bahk,M,40000,9999-01-01
494423,Izaskun,Guenter,F,67339,9999-01-01
494425,Mong,Heping,F,58611,9999-01-01
494428,Manton,Selvestrel,F,72412,9999-01-01
494443,Dzung,Auyong,F,40601,9999-01-01
494456,Heon,Swen,M,40000,9999-01-01
494460,Horward,Jervis,M,67764,9999-01-01
494692,Adamantios,Pehl,M,40000,9999-01-01
494473,Aamod,Suri,F,59639,9999-01-01
494695,Mansur,Tanemo,F,63434,9999-01-01
494710,Aris,Rusterholz,F,40000,9999-01-01
494479,Anoosh,Thibadeau,M,49617,9999-01-01
494714,Shaowen,Coney,M,54537,9999-01-01
494722,Joydip,Bhattacharjee,M,57389,9999-01-01
494483,Lech,Cannard,M,40000,9999-01-01
494881,Zhongwei,Peres,M,64544,9999-01-01
494736,Mototsugu,Picht,M,40000,9999-01-01
494743,Souichi,Thummel,M,42948,9999-01-01
494759,Arlette,Thummel,F,64054,9999-01-01
494763,Woody,Bazelow,F,40073,9999-01-01
494769,Takahiro,Peek,M,89302,9999-01-01
494776,Bilhanan,Schmittgen,F,40000,9999-01-01
494885,Demin,Eterovic,F,79216,9999-01-01
494783,Yunming,Swab,M,40000,9999-01-01
494792,Alois,Kadhim,F,45353,9999-01-01
494793,Shao,Gecsei,F,61484,9999-01-01
494794,Danel,Lindenbaum,F,42245,9999-01-01
494798,Amabile,Openshaw,M,40000,9999-01-01
494802,Irena,Domenig,M,40000,9999-01-01
494804,Menkae,Mandell,F,40000,9999-01-01
494807,Marc,Simkin,M,50562,9999-01-01
494813,Sachio,Marwedel,F,50007,9999-01-01
494815,Nirmal,Georgakopoulos,F,69805,9999-01-01
494822,Naftaly,Luga,M,77435,9999-01-01
494832,Aloys,Wissmann,F,40000,9999-01-01
494833,Francesca,Michaeli,F,47144,9999-01-01
494835,Yongqiao,Compeau,M,65198,9999-01-01
494853,Yechiam,Lunt,F,72948,9999-01-01
494854,Wilmer,Ranze,F,73340,9999-01-01
494898,Randy,Ferriere,M,48474,9999-01-01
495052,Mihalis,Matheson,M,43351,9999-01-01
495054,Yurii,Einsfeld,F,53995,9999-01-01
494899,Magy,Orlowski,F,40534,9999-01-01
495058,Mabhin,Keirsey,F,40000,9999-01-01
495059,Barna,Quaggetto,M,45857,9999-01-01
495061,Wojceich,Zirintsis,F,71640,9999-01-01
494906,Qingxiang,Bisiani,F,40000,9999-01-01
495067,Shan,Penz,M,74486,9999-01-01
495069,Alain,Takkinen,F,40000,9999-01-01
494909,Genta,Liedekerke,M,57727,9999-01-01
495073,Toshimori,Fontan,M,51291,9999-01-01
494913,Parviz,Hitomi,M,40000,9999-01-01
494923,Gudjon,Pardalos,F,40000,9999-01-01
495087,Shaibal,Ulupinar,F,40000,9999-01-01
495088,Suzette,Iisaku,M,41372,9999-01-01
495094,Jamaludin,Rullman,M,52531,9999-01-01
494927,Wojceich,Rosay,F,40000,9999-01-01
495111,Yannik,Stavenow,M,45764,9999-01-01
494951,Emran,Waleschkowski,M,72851,9999-01-01
495112,Shigeaki,Lorch,F,48876,9999-01-01
495117,Hironobu,Masamoto,M,42377,9999-01-01
495127,Niclas,Mukaidono,F,40000,9999-01-01
495135,Miquel,Heystek,M,40000,9999-01-01
495136,Barna,Sherertz,F,83597,9999-01-01
494961,Xumin,Denna,M,64478,9999-01-01
495144,Katsuo,Vidya,M,73321,9999-01-01
494963,Shugo,Iisaka,M,54720,9999-01-01
494969,Mabry,Ullian,M,56008,9999-01-01
495164,Nahid,Krupka,M,57137,9999-01-01
494974,Tooru,Bamford,M,43200,9999-01-01
494976,Zhaofang,Asrin,M,41582,9999-01-01
495175,Remmert,Gini,M,43092,9999-01-01
495007,Moni,Borovoy,M,52013,9999-01-01
495183,Dhritiman,Heping,M,49655,9999-01-01
495191,Radhakrishnan,Emmart,F,40000,9999-01-01
495192,Gadiel,Maliniak,M,62394,9999-01-01
495206,Uri,Puoti,F,40000,9999-01-01
495216,Jiafu,Uhrik,M,41450,9999-01-01
495014,Shaz,Murtagh,M,40000,9999-01-01
495219,Dinah,Hambrick,M,51004,9999-01-01
495015,Ghassan,Sudbeck,M,40000,9999-01-01
495020,Gregory,Miculan,M,56634,9999-01-01
495235,Gregory,Rosaz,F,66521,9999-01-01
495033,Gal,Halloran,M,63432,9999-01-01
495047,Tetsushi,Barbanera,M,40000,9999-01-01
495236,Chirstian,Cheshire,F,57382,9999-01-01
495238,Georg,Bael,M,61423,9999-01-01
495245,Shahab,Teitelbaum,F,40000,9999-01-01
495248,Baocai,Weisert,M,78810,9999-01-01
495249,Maren,Joslin,M,85259,9999-01-01
495426,Leon,Pellegrinelli,M,55534,9999-01-01
495277,Shaunak,Dalphin,M,40000,9999-01-01
495283,Aksel,Kaelbling,M,40000,9999-01-01
495432,Halsur,Aloia,M,50347,9999-01-01
495287,Babette,Fontet,F,56949,9999-01-01
495289,Mori,Oxenboll,F,40000,9999-01-01
495437,Shahar,Bazzichi,M,51634,9999-01-01
495294,Zhigen,Desikan,M,51994,9999-01-01
495296,Felicidad,Rosti,M,40000,9999-01-01
495301,Monique,Melichar,M,40000,9999-01-01
495458,Kristen,Przulj,M,40000,9999-01-01
495317,Maia,Jiang,M,42118,9999-01-01
495318,Reinhard,Kornatzky,M,88606,9999-01-01
495319,Toong,Kisuki,M,44872,9999-01-01
495326,Zhanqiu,Schaad,M,63524,9999-01-01
495459,Leen,Genin,F,67484,9999-01-01
495329,Kamakshi,Dechter,F,40000,9999-01-01
495467,Val,Schaaf,M,40000,9999-01-01
495470,Elgin,Erev,F,40905,9999-01-01
495353,Odysseas,Tischendorf,F,40000,9999-01-01
495487,Perla,Kuhnemann,M,40000,9999-01-01
495367,Arnould,Parveen,F,46654,9999-01-01
495370,Khalid,Bade,M,41606,9999-01-01
495499,Filipp,Onuegbe,M,40000,9999-01-01
495382,Radhia,Rattan,M,55647,9999-01-01
495390,Ottavia,Albarhamtoshy,M,60955,9999-01-01
495502,Hauke,Pearson,M,40000,9999-01-01
495393,Vugranam,Perko,M,40000,9999-01-01
495394,Goh,Impagliazzo,M,40000,9999-01-01
495399,Guadalupe,Gustavson,F,40000,9999-01-01
495415,Tadanori,Lammel,M,46927,9999-01-01
495509,Zijian,Chaudhuri,M,58992,9999-01-01
495611,Sushant,Gniady,F,59285,9999-01-01
495615,Tetsushi,Rosis,F,60315,9999-01-01
495621,Serenella,Socorro,M,56346,9999-01-01
495625,Torsten,Rattan,M,55226,9999-01-01
495650,Vishwani,Colorni,M,40000,9999-01-01
495518,Khosrow,Magalhaes,M,40590,9999-01-01
495666,Angus,Kowalchuk,F,47107,9999-01-01
495523,Kristen,Standera,M,54677,9999-01-01
495681,Leucio,Georgakopoulos,F,59454,9999-01-01
495539,Bernice,Mansanne,M,40000,9999-01-01
495697,Mona,Ramamoorthy,M,41471,9999-01-01
495711,Kiyomitsu,Muchinsky,F,49637,9999-01-01
495541,Huai,Szmurlo,M,54283,9999-01-01
495718,Xianlong,Vitiello,F,46202,9999-01-01
495543,Lorien,Cangellaris,F,80318,9999-01-01
495721,Susumu,Rodite,F,42754,9999-01-01
495552,Shrikanth,Mandell,F,40000,9999-01-01
495566,Itzchak,Swift,F,40000,9999-01-01
495750,Naftali,Attimonelli,M,40000,9999-01-01
495755,Jiang,Erni,M,70106,9999-01-01
495761,Koldo,Covnot,F,67832,9999-01-01
495595,Hideo,Herber,F,57417,9999-01-01
495776,Lijia,Swiss,M,42971,9999-01-01
495779,Weiyi,Rebaine,F,42689,9999-01-01
495596,Serap,Ressouche,F,72365,9999-01-01
495599,Muzhong,Delgrande,F,60898,9999-01-01
495602,Kazuhiro,Chappelet,M,40000,9999-01-01
495804,Xudong,Furedi,M,45640,9999-01-01
495807,Martina,Kumaresan,F,40000,9999-01-01
495605,Nobuyoshi,Imataki,M,57837,9999-01-01
495811,Golgen,Fioravanti,M,55622,9999-01-01
495997,Lene,Vadhan,F,40000,9999-01-01
495828,Randy,Melichar,M,50868,9999-01-01
495836,Tetsushi,Sommer,M,47828,9999-01-01
495841,Ashish,Jansch,F,40146,9999-01-01
495844,Fumiko,Impagliazzo,F,69457,9999-01-01
495851,Make,Vrecion,M,40000,9999-01-01
495860,Ayakannu,Perng,M,40000,9999-01-01
495862,Moty,Suppi,M,65935,9999-01-01
495869,Shai,Pluym,F,70571,9999-01-01
495874,Youngkon,Chenney,M,85275,9999-01-01
495876,Masasuke,Deville,M,40028,9999-01-01
495884,Moto,Kragelund,M,73606,9999-01-01
495895,Yuichiro,Heemskerk,F,46325,9999-01-01
495896,Udaiprakash,Hemaspaandra,M,68634,9999-01-01
495925,Guttorm,Bage,F,41635,9999-01-01
495941,Nathalie,Engberts,M,40000,9999-01-01
495949,Shaleah,Glinert,F,40000,9999-01-01
495958,Angel,Reutenauer,F,40000,9999-01-01
495961,Piyawadee,Imataki,M,40000,9999-01-01
496174,Mary,Staudhammer,M,77394,9999-01-01
496002,Mansur,Hinsberger,M,41099,9999-01-01
496180,Alassane,Siepmann,M,40000,9999-01-01
496012,Takushi,Swan,F,40596,9999-01-01
496192,Qunsheng,Weedman,M,67651,9999-01-01
496195,IEEE,Thibadeau,M,55711,9999-01-01
496196,Toshiko,Porotnikoff,F,40000,9999-01-01
496198,Volkmar,Panangaden,M,91321,9999-01-01
496014,Yuchang,Barbanera,M,40000,9999-01-01
496207,Prodip,Ermel,M,52655,9999-01-01
496017,Faiza,Rodham,M,50839,9999-01-01
496215,Lunjin,Erde,F,50071,9999-01-01
496020,Lene,Coombs,M,58868,9999-01-01
496222,Yaghout,Esposito,F,52943,9999-01-01
496227,Satoru,Stentiford,F,40000,9999-01-01
496023,Eirik,Borstler,M,48491,9999-01-01
496032,Trygve,Tischendorf,F,77819,9999-01-01
496252,Marc,Weedman,F,41216,9999-01-01
496265,Aran,Emden,F,58861,9999-01-01
496039,Masamitsu,Bellone,M,71791,9999-01-01
496282,Kotesh,Anguita,M,42028,9999-01-01
496045,Marco,Baik,F,50040,9999-01-01
496288,Chriss,Gecsel,M,51609,9999-01-01
496290,Godehard,Pettit,M,40000,9999-01-01
496295,Nathan,Plavsic,F,40567,9999-01-01
496302,Adas,Plesums,F,42309,9999-01-01
496304,Phuoc,Kruskal,M,64564,9999-01-01
496055,Fumiya,Delgrande,F,46884,9999-01-01
496074,Flemming,Katiyar,F,54906,9999-01-01
496326,Xuejun,Angelopoulos,M,66283,9999-01-01
496341,Oddvar,Rosay,M,59379,9999-01-01
496077,Anyuan,Albarhamtoshy,M,75313,9999-01-01
496364,Shalesh,Msuda,M,40000,9999-01-01
496078,Chuanyi,Kabayashi,F,40000,9999-01-01
496384,Remco,Coors,M,40000,9999-01-01
496107,Vitaly,Shobatake,M,48143,9999-01-01
496388,Sarita,Axelband,M,77721,9999-01-01
496390,Tsz,Menhoudj,M,44158,9999-01-01
496398,Leif,Hiyoshi,F,40000,9999-01-01
496400,Naftaly,Eiter,F,81748,9999-01-01
496405,Eran,Cangellaris,F,40000,9999-01-01
496108,Atreyi,Samarati,M,40000,9999-01-01
496427,Gennady,Tzvieli,F,47802,9999-01-01
496121,Malu,Jayawardene,M,55664,9999-01-01
496436,Arunas,Stroustrup,M,40000,9999-01-01
496440,Aron,Pappas,F,67937,9999-01-01
496143,Somnath,Driscoll,F,55713,9999-01-01
496472,Gilbert,Carrere,M,54805,9999-01-01
496479,Arup,Botman,F,64888,9999-01-01
496480,Wilmer,Farrow,F,51439,9999-01-01
496484,Vugranam,Attimonelli,F,40000,9999-01-01
496150,Dmitry,Marrakchi,M,56737,9999-01-01
496488,Kristin,Boyle,M,40000,9999-01-01
496151,Katsuo,Mateescu,F,47981,9999-01-01
496502,Chaitali,Minakawa,M,44249,9999-01-01
496531,Saddek,Simmel,M,40000,9999-01-01
496515,Kokou,Gurbaxani,M,40000,9999-01-01
496521,Yinghua,Baca,F,57929,9999-01-01
496522,Jayesh,Bresenham,M,40000,9999-01-01
496523,Idoia,Ranze,F,40003,9999-01-01
496558,Yahiko,Niizuma,M,77620,9999-01-01
496577,Nikolaos,Kermarrec,F,40000,9999-01-01
496721,Spyrose,Ramsay,F,40000,9999-01-01
496729,Zhonghua,Sigstam,M,52805,9999-01-01
496735,Malu,Cochrane,F,45246,9999-01-01
496580,Dmitri,Thisen,M,49112,9999-01-01
496739,Raimond,Fontet,M,64953,9999-01-01
496741,Naftaly,Verhaegen,M,46990,9999-01-01
496583,Toshiki,Shinomoto,F,77805,9999-01-01
496594,Tadahiro,Sundgren,M,57439,9999-01-01
496620,Hidde,Swab,M,41033,9999-01-01
496773,Shaunak,Baak,M,56413,9999-01-01
496778,Zijian,Ghazalie,F,79929,9999-01-01
496781,Ronnie,Peris,M,70919,9999-01-01
496786,Ottavia,Aseltine,M,40000,9999-01-01
496792,Stafford,Bashian,F,77244,9999-01-01
496796,Hsiangchu,Eugenio,F,65807,9999-01-01
496623,Peer,Honglei,M,83404,9999-01-01
496632,Xinglin,Berstel,M,42630,9999-01-01
496819,Rosita,McFarlin,F,40000,9999-01-01
496641,Rayond,Meriste,M,40000,9999-01-01
496829,Shaleah,DeMori,M,88080,9999-01-01
496832,Fen,Wixon,M,43097,9999-01-01
496647,Branimir,Tchuente,F,40000,9999-01-01
496834,Gully,Heping,M,40000,9999-01-01
496836,Khoa,Fairtlough,M,41255,9999-01-01
496837,Rafael,Marchesini,M,40000,9999-01-01
496840,Maja,Georgakopoulos,F,65266,9999-01-01
496662,Malu,Oskamp,M,76375,9999-01-01
496847,Vivian,Merle,M,41461,9999-01-01
496849,Roddy,DuCasse,M,42334,9999-01-01
496864,Pintsang,Picco,M,44612,9999-01-01
496665,Nevin,Kieras,M,56716,9999-01-01
496867,Rosine,Orsini,M,47553,9999-01-01
496868,Fun,Klyachko,F,79032,9999-01-01
496668,Sakthirel,Hockney,M,62592,9999-01-01
496878,Dante,Frezza,F,50489,9999-01-01
496681,Seshu,Nastansky,M,40000,9999-01-01
496882,Abdelghani,Vural,F,56434,9999-01-01
496892,Moss,Holburn,F,44462,9999-01-01
497088,Alassane,Picco,M,73736,9999-01-01
496928,Chikara,Ohori,F,63939,9999-01-01
497091,Leandro,Nyrup,M,42426,9999-01-01
496944,Denis,Fortenbacher,M,40000,9999-01-01
497092,Bodo,Linares,M,40000,9999-01-01
497100,Martial,Miara,F,40000,9999-01-01
496961,Yifei,Porotnikoff,F,40000,9999-01-01
497106,Slavian,Waschkowski,M,40000,9999-01-01
497113,Edwin,Orlowski,M,40012,9999-01-01
496985,Jungsoon,Salinas,M,68350,9999-01-01
496990,Tooru,Busillo,M,69399,9999-01-01
497115,Mari,Claffy,F,40000,9999-01-01
497117,Siamak,Babb,M,40000,9999-01-01
497119,Mizuhito,Yamaashi,M,70885,9999-01-01
497001,Radhika,Kaiser,M,94101,9999-01-01
497020,Bojan,Verspoor,M,88224,9999-01-01
497023,Jamaludin,Nooteboom,F,85134,9999-01-01
497033,Ziyad,Oaver,M,40000,9999-01-01
497044,Nikolaus,Cannane,M,77360,9999-01-01
497057,Parke,Garnier,M,82324,9999-01-01
497062,Dayanand,Naudin,F,61713,9999-01-01
497081,Zhanqiu,Ginneken,F,40000,9999-01-01
497274,Jixiang,Serre,M,42081,9999-01-01
497291,Neelam,Heiserman,F,40000,9999-01-01
497307,Takahiro,Collette,M,62269,9999-01-01
497316,Gonzalo,Guting,M,40000,9999-01-01
497320,Boguslaw,Ghalwash,M,75434,9999-01-01
497331,Toshimori,Snyers,M,40000,9999-01-01
497343,Fan,Bael,M,40000,9999-01-01
497374,Qunsheng,Miculan,M,40000,9999-01-01
497396,Susanna,Taubman,F,40000,9999-01-01
497398,Danil,Przulj,M,40000,9999-01-01
497404,Shigeaki,Coorg,F,40000,9999-01-01
497408,Kerryn,Mitsuhashi,M,44689,9999-01-01
497411,Kirk,Woycyznski,F,63302,9999-01-01
497412,Kankanahalli,Kamble,M,56411,9999-01-01
497421,Eirik,Lanteri,F,59398,9999-01-01
497426,Toshiko,Solovay,M,64338,9999-01-01
497428,Jiong,Lorho,F,54962,9999-01-01
497431,Mabo,Ruemmler,F,40000,9999-01-01
497434,Shounak,Kalloufi,F,42366,9999-01-01
497443,Sadok,Takanami,M,69810,9999-01-01
497448,Karsten,Suwa,F,73036,9999-01-01
497460,Mani,Jakobus,F,40000,9999-01-01
497464,Karoline,Billingsley,F,40116,9999-01-01
497465,Halsur,Anido,F,55683,9999-01-01
497471,Luigi,Kragelund,M,43447,9999-01-01
497475,Munehiko,Bonifati,F,62636,9999-01-01
497492,Junichi,Validov,M,40000,9999-01-01
497493,Phuoc,Chandrasekhar,F,54057,9999-01-01
497504,Mountaz,Porotnikoff,M,40000,9999-01-01
497516,Morrie,Szilard,M,63892,9999-01-01
497526,Arup,Vigier,M,41833,9999-01-01
497535,Arun,Pollacia,M,44939,9999-01-01
497538,Zhiwei,Kuhnemann,M,96427,9999-01-01
497125,Rayond,Veevers,M,40000,9999-01-01
497555,Zdislav,Eiter,F,48971,9999-01-01
497565,Dinah,Basart,F,48300,9999-01-01
497566,Vojin,Cesareni,M,40000,9999-01-01
497151,Lijia,Litzkow,F,54757,9999-01-01
497567,Danco,Linares,M,40000,9999-01-01
497578,Vasilis,Eterovic,F,77260,9999-01-01
497582,Xiaoqiang,Rosen,F,59639,9999-01-01
497589,Duri,Mattern,M,45900,9999-01-01
497160,Heon,Thiran,F,83225,9999-01-01
497595,Shahaf,Schrooten,M,40000,9999-01-01
497182,Goa,Versino,M,40000,9999-01-01
497621,Brewster,Swick,M,40000,9999-01-01
497628,Mari,Gecseg,M,40000,9999-01-01
497638,Kinh,Chachaty,M,72308,9999-01-01
497183,Qingxiang,Stassinopoulos,M,40000,9999-01-01
497184,Masali,Salverda,F,40000,9999-01-01
497188,Douadi,Pokrovskii,M,70233,9999-01-01
497196,Siamak,Kroon,M,40000,9999-01-01
497642,Sachem,Baumann,M,40000,9999-01-01
497643,Ipke,Dahlbom,M,44382,9999-01-01
497203,Qiwen,Pell,F,40000,9999-01-01
497647,Mototsugu,Riesenhuber,M,40000,9999-01-01
497648,Saeko,Verspoor,M,69234,9999-01-01
497212,Yakichi,Lambe,F,61696,9999-01-01
497663,Herb,Siksek,F,63580,9999-01-01
497229,Keiichiro,Sadowski,M,52491,9999-01-01
497675,Zito,Jayawardene,F,45091,9999-01-01
497230,Peternela,Range,F,48742,9999-01-01
497235,Dzung,Molenkamp,M,68953,9999-01-01
497693,Tsutomu,Ciolek,F,86302,9999-01-01
497236,Halsur,Hoppenstand,F,47887,9999-01-01
497700,Weiyi,Rattan,F,45257,9999-01-01
497702,Martine,Ghelli,M,40000,9999-01-01
497239,Sivanarayana,Dymetman,M,46268,9999-01-01
497245,Lech,Engelmann,M,41315,9999-01-01
497261,Mohammad,Pillow,M,40000,9999-01-01
497829,Shaleah,Carrera,M,48269,9999-01-01
497726,Moty,Usery,F,48645,9999-01-01
497734,Duke,Kobara,F,54060,9999-01-01
497735,Serenella,Percebois,M,72732,9999-01-01
497744,Rimon,Farris,M,40000,9999-01-01
497745,Takahira,Klyachko,M,58295,9999-01-01
497751,Kiyotoshi,Verhoeff,M,40000,9999-01-01
497760,Indrajit,Iwayama,F,40790,9999-01-01
497844,Amabile,Teitelbaum,F,40000,9999-01-01
497781,Xiaoshan,Luit,M,57703,9999-01-01
497845,Nirmal,Ramaiah,M,42407,9999-01-01
497876,Moni,Kavanagh,M,72510,9999-01-01
497796,Chaoyi,Kushnir,M,69801,9999-01-01
497800,Nishit,Zambonelli,F,61218,9999-01-01
497806,Dannz,Montemayor,M,68163,9999-01-01
497811,Sajjad,Vickson,M,60093,9999-01-01
497893,Sailaja,Ciolek,M,70983,9999-01-01
497821,Zhonghua,Trelles,F,48227,9999-01-01
497925,Basim,Gonthier,M,81735,9999-01-01
498024,DAIDA,Escriba,M,40000,9999-01-01
498031,Mircea,Shackel,F,40000,9999-01-01
498056,Berhard,Tsunoo,M,77564,9999-01-01
498061,Satosi,DasSarma,M,63128,9999-01-01
498068,Tonia,Mitzlaff,F,78836,9999-01-01
498069,Adly,Jahnichen,M,45757,9999-01-01
498075,Shimshon,Goodrum,M,40000,9999-01-01
498082,Breannda,Czaja,M,40000,9999-01-01
498090,Marc,Fujisawa,F,40000,9999-01-01
497928,Carrsten,Deville,F,40000,9999-01-01
498108,Utz,Gischer,M,62561,9999-01-01
497968,Tesuro,Androutsos,M,41097,9999-01-01
498118,Utpal,Zschoche,F,40000,9999-01-01
498137,Christfried,Etalle,F,40000,9999-01-01
498140,Jianwen,Perl,M,81909,9999-01-01
498145,Taisook,Kusalik,F,40000,9999-01-01
498146,Bernardo,Boissier,F,62905,9999-01-01
498150,Yakkov,Pellegrinelli,M,85779,9999-01-01
498163,Rosita,Waschkowski,F,48217,9999-01-01
498165,Christoph,Stavenow,M,72104,9999-01-01
498166,Sashi,Steenbeek,F,68093,9999-01-01
498183,Sreekrishna,Daescu,M,62745,9999-01-01
498187,Shaowen,Zielinski,M,48424,9999-01-01
498196,Eckart,Suppi,M,69007,9999-01-01
498203,Visit,Guardalben,F,55559,9999-01-01
498211,Jasminko,Serra,F,64193,9999-01-01
498214,Toshimori,Cronin,M,40000,9999-01-01
498220,Marla,Koprowski,F,40000,9999-01-01
498231,Randy,Keirsey,M,40000,9999-01-01
498240,Cheong,Falster,M,40000,9999-01-01
498248,Munir,Suwa,F,59545,9999-01-01
498255,Leif,Billingsley,F,57275,9999-01-01
498265,Kirk,Ranai,M,40000,9999-01-01
498267,Vitali,Hoppenstand,M,48924,9999-01-01
498281,Tomokazu,Basawa,F,54336,9999-01-01
498282,Nechama,Trachtenberg,F,40000,9999-01-01
498283,Luisa,Swan,M,40000,9999-01-01
498287,Oscar,Pettis,M,76629,9999-01-01
498289,Spyrose,Schmezko,F,51219,9999-01-01
498311,Rajmohan,Zeidenstein,M,46937,9999-01-01
498314,Zita,Liesche,F,40000,9999-01-01
498360,Tomokazu,Fioravanti,M,68307,9999-01-01
498362,Pintsang,Benzmuller,M,40000,9999-01-01
498377,Pintsang,Egerstedt,F,40000,9999-01-01
498389,Minghong,Bennis,F,61504,9999-01-01
498391,Kristina,Lagarias,M,57833,9999-01-01
498397,Khue,Jiang,M,44489,9999-01-01
498402,Oddvar,Coorg,M,63808,9999-01-01
498415,Lene,Vieth,F,41246,9999-01-01
498434,Tua,Zaiane,F,40000,9999-01-01
498436,Shaowei,Keohane,M,60380,9999-01-01
498447,Naftaly,Werthner,M,57964,9999-01-01
498450,Abdulah,Gammage,F,54972,9999-01-01
498451,Sukumar,Hasenauer,M,40000,9999-01-01
498462,Renny,Iisaku,M,55565,9999-01-01
498463,Vasiliy,Vilarrasa,F,51067,9999-01-01
498464,Shunichi,Eppinger,M,62920,9999-01-01
498477,Conrado,Merro,M,59162,9999-01-01
498478,Kwee,Feldmann,F,56688,9999-01-01
498485,Xiaoqiang,Anger,M,40000,9999-01-01
498494,Mack,Orlowska,M,53025,9999-01-01
498499,Gal,Coorg,M,59532,9999-01-01
498514,Piyawadee,Farris,M,52562,9999-01-01
498517,Joydip,Hanabata,F,48612,9999-01-01
498521,Deborah,Perna,F,49371,9999-01-01
497971,Maja,Gecsel,F,53174,9999-01-01
498531,Mori,Haddadi,F,40000,9999-01-01
497972,Zijian,Winter,M,57736,9999-01-01
497984,Chinhyun,Schrooten,F,58682,9999-01-01
498559,Lech,Hertweck,M,49181,9999-01-01
498561,Dines,Shanbhogue,M,40000,9999-01-01
498752,Alassane,Bashian,M,56682,9999-01-01
498574,Brewster,Makrucki,M,43940,9999-01-01
498594,Tadanori,Christ,M,80312,9999-01-01
498607,Zhiguo,Zuberek,F,82149,9999-01-01
498766,Kousuke,Zschoche,F,41395,9999-01-01
498613,Adas,Hofmeyr,M,91907,9999-01-01
498617,Udi,Billawala,M,48518,9999-01-01
498619,Prodip,Setlzner,F,45200,9999-01-01
498622,Paddy,Birrer,M,69351,9999-01-01
498627,Candido,Danecki,F,40596,9999-01-01
498770,Kersti,Katzenelson,M,55758,9999-01-01
498772,Kellyn,Erman,M,41899,9999-01-01
498639,Bojan,Zastre,M,40000,9999-01-01
498784,Oscal,Borovoy,F,40000,9999-01-01
498657,Ebbe,Hainaut,M,49619,9999-01-01
498660,Vojin,Neiman,M,63701,9999-01-01
498787,Erzsebet,Perng,M,64966,9999-01-01
498670,Aram,Menyhert,F,69027,9999-01-01
498799,Pintsang,Demri,M,42702,9999-01-01
498680,Jaewon,Vadhan,M,50515,9999-01-01
498684,Olivera,Argence,M,51406,9999-01-01
498800,Greger,Escriba,M,40167,9999-01-01
498696,Macha,Zockler,F,72074,9999-01-01
498808,Martins,Farrow,M,54641,9999-01-01
498710,Zhongwei,Luef,M,40997,9999-01-01
498814,Alagu,Gecsei,F,83535,9999-01-01
498719,Cordelia,Zockler,M,64073,9999-01-01
498723,Wojceich,Vernadat,M,48400,9999-01-01
498725,Leif,Brookner,M,54944,9999-01-01
498830,Vasiliy,Cooke,F,49961,9999-01-01
498729,Eberhardt,Servieres,M,52778,9999-01-01
498736,Yuping,Hofman,F,75517,9999-01-01
498737,Sachin,Schaap,F,60051,9999-01-01
498748,Doowon,Ananiadou,F,50089,9999-01-01
498847,Elvia,Kavanagh,F,40000,9999-01-01
498849,Candida,Jervis,F,40000,9999-01-01
498939,Sushant,Chappelet,F,40000,9999-01-01
498854,Vishv,Ventosa,M,46344,9999-01-01
498959,Chenye,Badache,F,40000,9999-01-01
498975,Yuriy,Daescu,M,40000,9999-01-01
498984,Lenore,Trelles,F,47051,9999-01-01
498860,Berto,Pietrzykowski,M,42782,9999-01-01
499003,Yinghua,Markovitch,M,62995,9999-01-01
498862,Zissis,Ranum,M,63682,9999-01-01
499011,Yuping,Detkin,M,40000,9999-01-01
499012,Chaitali,Wissmann,F,40000,9999-01-01
498863,Djenana,Peak,M,40000,9999-01-01
498865,Rafols,Anido,M,55382,9999-01-01
498885,Wilmer,Iisaku,M,48318,9999-01-01
499035,Lene,Neiman,M,82037,9999-01-01
498887,Kerryn,Demri,F,40000,9999-01-01
498888,Bodh,Jervis,F,40000,9999-01-01
498894,Chaoyi,Bahr,F,61736,9999-01-01
498900,Piyush,Tagansky,M,59662,9999-01-01
499080,Dharmaraja,Marciano,M,40080,9999-01-01
498906,Abdulla,Bugrara,M,63392,9999-01-01
499091,Elvis,Kohling,F,59655,9999-01-01
498909,Soenke,Wilfing,F,40000,9999-01-01
498917,Nathan,Papadias,F,50231,9999-01-01
498923,Shuky,Itzigehl,F,108117,9999-01-01
498930,Hisao,Matzov,F,40000,9999-01-01
499312,Patricio,Sankaranarayanan,M,71738,9999-01-01
499128,Conal,Swiler,F,62421,9999-01-01
499132,Leucio,Cyre,M,40000,9999-01-01
499133,Shahab,Pfau,F,64460,9999-01-01
499134,Xinan,Rosch,M,40000,9999-01-01
499146,Manibrata,Rullman,F,40000,9999-01-01
499150,Koichi,Vernadat,M,77470,9999-01-01
499156,Gou,Zaiane,M,40000,9999-01-01
499313,Munehiko,Sury,F,69210,9999-01-01
499168,Muneo,Peltason,M,40045,9999-01-01
499318,Hideyuki,Ozeki,M,69736,9999-01-01
499171,Michaela,Bamford,F,43162,9999-01-01
499177,Masadi,Peres,M,40000,9999-01-01
499342,Bezalel,Limongiello,F,75868,9999-01-01
499197,Akemi,Rajaraman,M,75128,9999-01-01
499206,Dmitry,Kohling,M,75612,9999-01-01
499213,Badri,Eugenio,M,67168,9999-01-01
499347,Ugo,Schwartzbauer,F,75444,9999-01-01
499225,Constantijn,Dahlbom,M,40000,9999-01-01
499357,Frederique,Hitomi,M,40000,9999-01-01
499229,Babette,Stille,M,43030,9999-01-01
499230,Pranav,Beutelspacher,F,40000,9999-01-01
499231,Padma,Hofmeyr,F,72848,9999-01-01
499238,Jordanka,Wallrath,M,53441,9999-01-01
499239,Kish,Rouquie,M,45726,9999-01-01
499379,Denny,Rikino,M,67307,9999-01-01
499275,Shridhar,Zlotek,M,94324,9999-01-01
499397,Stamatina,Bernini,M,55037,9999-01-01
499292,Sarita,Schiettecatte,M,61862,9999-01-01
499406,Jaewoo,Murillo,M,40000,9999-01-01
499410,Sailaja,Benzaken,M,40000,9999-01-01
499415,Annemarie,Wossner,F,66991,9999-01-01
499420,Sangeeta,Impagliazzo,F,58718,9999-01-01
499496,Demin,Oskamp,M,53259,9999-01-01
499503,Arra,Karner,M,40000,9999-01-01
499429,Gad,Ambroszkiewicz,M,74274,9999-01-01
499516,Goncalo,Kampfer,F,64990,9999-01-01
499438,Tse,Kalsbeek,M,40000,9999-01-01
499519,Tamiya,Monarch,M,45497,9999-01-01
499444,Radoslaw,Hofting,F,87182,9999-01-01
499539,Palash,Puoti,F,40000,9999-01-01
499543,Juichirou,Kenevan,F,48968,9999-01-01
499453,Alper,Peck,F,65622,9999-01-01
499548,Aloys,Bale,M,50281,9999-01-01
499563,Martine,Markovitch,M,44501,9999-01-01
499566,Djelloul,Deverell,M,65839,9999-01-01
499575,Jacqueline,Kisuki,M,60746,9999-01-01
499580,Karsten,Perri,M,57132,9999-01-01
499581,Lijia,Luce,F,51445,9999-01-01
499588,Maya,Sidje,M,45270,9999-01-01
499608,Reuven,Genin,M,40000,9999-01-01
499613,Vasilis,Kaelbling,M,40000,9999-01-01
499638,Maria,McDermid,F,73245,9999-01-01
499643,JiYoung,Skafidas,M,68424,9999-01-01
499456,Stamatina,Melski,M,40000,9999-01-01
499665,Keiichiro,Champarnaud,M,49557,9999-01-01
499666,Martine,Pollock,M,40000,9999-01-01
499671,Jayesh,Ambroszkiewicz,M,61812,9999-01-01
499464,Alassane,Tiemann,M,41789,9999-01-01
499474,Mohamadou,Danley,M,52988,9999-01-01
499681,Kazuhito,Heemskerk,M,59379,9999-01-01
499486,Sumali,Dayana,F,55904,9999-01-01
499688,Bingning,Perin,M,104279,9999-01-01
499689,Kinh,Sommer,F,65577,9999-01-01
499862,Armond,Fraisse,M,67725,9999-01-01
499705,Huan,Khalid,M,40000,9999-01-01
499707,Paris,Jayawardene,F,40000,9999-01-01
499714,Seongbae,Bauknecht,M,52121,9999-01-01
499720,Mats,Strandh,M,52863,9999-01-01
499723,Mart,Percebois,M,51604,9999-01-01
499724,Geoffry,Velasco,F,40000,9999-01-01
499870,Kayoko,Peroz,M,40000,9999-01-01
499872,Kannan,Krychniak,M,40000,9999-01-01
499880,Fen,Lenart,F,40000,9999-01-01
499898,Alagu,Azuma,M,40000,9999-01-01
499762,Subhankar,Munawer,M,48458,9999-01-01
499764,Zengping,Peir,M,78557,9999-01-01
499766,Akhilish,Zobel,M,65061,9999-01-01
499782,Udo,Trystram,M,40000,9999-01-01
499907,Arnd,Garnham,M,49934,9999-01-01
499797,Wayne,Hutter,M,50496,9999-01-01
499908,Toong,Coorg,F,40356,9999-01-01
499920,Christ,Murtagh,M,73573,9999-01-01
499816,Debatosh,Murtagh,M,40000,9999-01-01
499817,Lihong,Pusterhofer,M,77745,9999-01-01
499922,Mitsuyuki,Doering,F,50525,9999-01-01
499829,Xiahua,Avouris,M,40000,9999-01-01
499927,Manohar,Heemskerk,M,70546,9999-01-01
499937,Pantung,Litzler,F,40000,9999-01-01
499940,Yolla,Auria,M,43417,9999-01-01
499966,Mihalis,Crabtree,F,75579,9999-01-01
499986,Nathan,Ranta,F,91988,9999-01-01
